  0   1   2   2
  0.0000  0.5000
       1       0
  0.0000  0.5000
       2       0
  0   2   2   2
  0.0000  0.5000
       3       0
  0.0000  0.5000
       4       0
  0   3   2   2
  0.0000  0.5000
       5       0
  0.0000  0.5000
       6       0
  0   4   2   2
  0.0000  0.5000
       7       0
  0.0000  0.5000
       8       0
  0   5   2   2
  0.0000  0.5000
       9       0
  0.0000  0.5000
      10       0
  0   6   2   2
  0.0000  0.5000
      11       0
  0.0000  0.5000
      12       0
  0   7   2   2
  0.0000  0.5000
      13       0
  0.0000  0.5000
      14       0
  0   8   2   2
  0.0000  0.5000
      15       0
  0.0000  0.5000
      16       0
  0   9   2   2
  0.0000  0.5000
      17       0
  0.0000  0.5000
      18       0
  0  10   2   2
  0.0000  0.5000
      19       0
  0.0000  0.5000
      20       0
  1   1   2   3
  0.0000  0.5000
      18       0
  0.0000  0.3493  0.5000
      12      11       0
  1   2   2   2
  0.0000  0.5000
      10       0
  0.0000  0.5000
       7       0
  1   3   3   2
  0.0000  0.2411  0.5000
      12      11       0
  0.0000  0.5000
      19       0
  1   4   2   2
  0.0000  0.5000
      18       0
  0.0000  0.5000
      19       0
  1   5   2   5
  0.0000  0.5000
       8       0
  0.0000  0.0248  0.0920  0.3927  0.5000
      16      15      16      15       0
  1   6   3   2
  0.0000  0.1945  0.5000
       3       4       0
  0.0000  0.5000
      12       0
  1   7   2   2
  0.0000  0.5000
      12       0
  0.0000  0.5000
       6       0
  1   8   2   4
  0.0000  0.5000
       6       0
  0.0000  0.1965  0.2345  0.5000
       1       2       1       0
  1   9   2   3
  0.0000  0.5000
       7       0
  0.0000  0.0918  0.5000
       5       6       0
  1  10   2   4
  0.0000  0.5000
       5       0
  0.0000  0.0087  0.3212  0.5000
       3       4       3       0
  2   1   3   4
  0.0000  0.0588  0.5000
      10       7       0
  0.0000  0.0087  0.3212  0.5000
       3       4       3       0
  2   2   5   3
  0.0000  0.0431  0.1965  0.2345  0.5000
       6       1       2       1       0
  0.0000  0.2411  0.5000
      12      11       0
  2   3   2   3
  0.0000  0.5000
       6       0
  0.0000  0.2339  0.5000
      12       6       0
  2   4   2   2
  0.0000  0.5000
       6       0
  0.0000  0.5000
      12       0
  2   5   2   2
  0.0000  0.5000
       6       0
  0.0000  0.5000
      18       0
  2   6   7   5
  0.0000  0.0087  0.2243  0.2855  0.3212  0.4496  0.5000
       3       4       5       4       3       5       0
  0.0000  0.0248  0.0920  0.3927  0.5000
      16      15      16      15       0
  2   7   2   5
  0.0000  0.5000
      12       0
  0.0000  0.2529  0.3212  0.4348  0.5000
       5       4       3       5       0
  2   8   6   2
  0.0000  0.0918  0.1578  0.2230  0.2876  0.5000
       5       6       7       6       7       0
  0.0000  0.5000
       6       0
  2   9   2   3
  0.0000  0.5000
      12       0
  0.0000  0.0918  0.5000
       5       6       0
  2  10   3   3
  0.0000  0.2411  0.5000
      12      11       0
  0.0000  0.1753  0.5000
      18      19       0
  3   1   5   7
  0.0000  0.2411  0.2955  0.4401  0.5000
      12      11      19      11       0
  0.0000  0.0918  0.1578  0.2230  0.2876  0.3977  0.5000
       5       6       7       6       7       6       0
  3   2   4   3
  0.0000  0.2411  0.3646  0.5000
      12      11       1       0
  0.0000  0.2339  0.5000
      12       6       0
  3   3   4   3
  0.0000  0.0087  0.3212  0.5000
       3       4       3       0
  0.0000  0.2411  0.5000
      12      11       0
  3   4   4   3
  0.0000  0.2153  0.3452  0.5000
      12       6      12       0
  0.0000  0.2339  0.5000
      12       6       0
  3   5   2   7
  0.0000  0.5000
       6       0
  0.0000  0.0918  0.1578  0.2230  0.2876  0.3250  0.5000
       5       6       7       6       7       6       0
  3   6   3   2
  0.0000  0.1107  0.5000
       6      12       0
  0.0000  0.5000
       6       0
  3   7   6   2
  0.0000  0.0064  0.0431  0.1965  0.2345  0.5000
      12       6       1       2       1       0
  0.0000  0.5000
       6       0
  3   8   3   5
  0.0000  0.2339  0.5000
      12       6       0
  0.0000  0.0248  0.0920  0.3927  0.5000
      16      15      16      15       0
  3   9   2   3
  0.0000  0.5000
       6       0
  0.0000  0.0918  0.5000
       5       6       0
  3  10   3   3
  0.0000  0.0918  0.5000
       5       6       0
  0.0000  0.0918  0.5000
       5       6       0
  4   1   4   3
  0.0000  0.0943  0.3212  0.5000
      12       4       3       0
  0.0000  0.0918  0.5000
       5       6       0
  4   2   2   3
  0.0000  0.5000
       6       0
  0.0000  0.1177  0.5000
       6      12       0
  4   3   4   3
  0.0000  0.2153  0.3452  0.5000
      12       6      12       0
  0.0000  0.0918  0.5000
       5       6       0
  4   4   3   3
  0.0000  0.1107  0.5000
       6      12       0
  0.0000  0.0918  0.5000
       5       6       0
  4   5   3   5
  0.0000  0.0918  0.5000
       5       6       0
  0.0000  0.2153  0.3452  0.4132  0.5000
      12       6      12       6       0
  4   6   3   7
  0.0000  0.1107  0.5000
       6      12       0
  0.0000  0.0918  0.1578  0.2230  0.2876  0.3977  0.5000
       5       6       7       6       7       6       0
  4   7   3   4
  0.0000  0.0918  0.5000
       5       6       0
  0.0000  0.1107  0.3900  0.5000
       6      12       6       0
  4   8   5   6
  0.0000  0.2411  0.2955  0.4401  0.5000
      12      11      19      11       0
  0.0000  0.1838  0.2230  0.2876  0.3977  0.5000
      12       7       6       7       6       0
  4   9   3   3
  0.0000  0.0918  0.5000
       5       6       0
  0.0000  0.0918  0.5000
       5       6       0
  4  10   4   5
  0.0000  0.2339  0.3452  0.5000
      12       6      12       0
  0.0000  0.0248  0.0920  0.3927  0.5000
      16      15      16      15       0
  5   1   4   5
  0.0000  0.0162  0.0918  0.5000
      12       5       6       0
  0.0000  0.1372  0.3927  0.4550  0.5000
      12      16      15      12       0
  5   2   3   3
  0.0000  0.0918  0.5000
       5       6       0
  0.0000  0.1107  0.5000
       6      12       0
  5   3   4   3
  0.0000  0.0382  0.1107  0.5000
       5       6      12       0
  0.0000  0.1107  0.5000
       6      12       0
  5   4   3   3
  0.0000  0.1177  0.5000
       6      12       0
  0.0000  0.1999  0.5000
      12       6       0
  5   5   5   3
  0.0000  0.1177  0.1553  0.2285  0.5000
       6      12       6      12       0
  0.0000  0.1107  0.5000
       6      12       0
  5   6   5   4
  0.0000  0.1414  0.1930  0.2153  0.5000
      12       6      12       6       0
  0.0000  0.2339  0.3452  0.5000
      12       6      12       0
  5   7   5   4
  0.0000  0.1177  0.2196  0.2476  0.5000
       6      12       6      12       0
  0.0000  0.1107  0.3900  0.5000
       6      12       6       0
  5   8   3   5
  0.0000  0.1107  0.5000
       6      12       0
  0.0000  0.2411  0.2955  0.4401  0.5000
      12      11      19      11       0
  5   9   3   7
  0.0000  0.0918  0.5000
       5       6       0
  0.0000  0.1838  0.2230  0.2876  0.3525  0.4401  0.5000
      12       7       6       7      19      11       0
  5  10   5   5
  0.0000  0.0248  0.0920  0.3927  0.5000
      16      15      16      15       0
  0.0000  0.2153  0.3452  0.4132  0.5000
      12       6      12       6       0
  6   1   3   3
  0.0000  0.1177  0.5000
       6      12       0
  0.0000  0.0918  0.5000
       5       6       0
  6   2   3   3
  0.0000  0.1999  0.5000
      12       6       0
  0.0000  0.1107  0.5000
       6      12       0
  6   3   7   3
  0.0000  0.0162  0.0918  0.2021  0.3927  0.4550  0.5000
      12       5       6      16      15      12       0
  0.0000  0.1107  0.5000
       6      12       0
  6   4   4   4
  0.0000  0.0382  0.1107  0.5000
       5       6      12       0
  0.0000  0.1107  0.3900  0.5000
       6      12       6       0
  6   5   6   3
  0.0000  0.1414  0.1930  0.2153  0.3750  0.5000
      12       6      12       6      12       0
  0.0000  0.1177  0.5000
       6      12       0
  6   6   4   5
  0.0000  0.2339  0.3452  0.5000
      12       6      12       0
  0.0000  0.1414  0.1930  0.2153  0.5000
      12       6      12       6       0
  6   7   4   4
  0.0000  0.0386  0.1107  0.5000
       5       6      12       0
  0.0000  0.1107  0.3461  0.5000
       6      12       6       0
  6   8   5   6
  0.0000  0.1372  0.3927  0.4550  0.5000
      12      16      15      12       0
  0.0000  0.1177  0.2196  0.2360  0.3900  0.5000
       6      12       6      12       6       0
  6   9   3   7
  0.0000  0.1177  0.5000
       6      12       0
  0.0000  0.1838  0.2230  0.2876  0.3525  0.4401  0.5000
      12       7       6       7      19      11       0
  6  10   3   5
  0.0000  0.1999  0.5000
      12       6       0
  0.0000  0.1177  0.2196  0.2476  0.5000
       6      12       6      12       0
  7   1   3   3
  0.0000  0.0918  0.5000
       5       6       0
  0.0000  0.1107  0.5000
       6      12       0
  7   2   4   7
  0.0000  0.1999  0.4473  0.5000
      12       6      12       0
  0.0000  0.1177  0.1414  0.1930  0.2153  0.3750  0.5000
       6      12       6      12       6      12       0
  7   3   5   4
  0.0000  0.2339  0.3452  0.4627  0.5000
      12       6      12       6       0
  0.0000  0.1107  0.3900  0.5000
       6      12       6       0
  7   4   6   4
  0.0000  0.1414  0.1930  0.2153  0.3750  0.5000
      12       6      12       6      12       0
  0.0000  0.0382  0.1107  0.5000
       5       6      12       0
  7   5   4   5
  0.0000  0.1177  0.3608  0.5000
       6      12       6       0
  0.0000  0.1372  0.2841  0.3900  0.5000
      12      16      12       6       0
  7   6   3   6
  0.0000  0.1177  0.5000
       6      12       0
  0.0000  0.1177  0.2196  0.2476  0.4038  0.5000
       6      12       6      12       6       0
  7   7   4   5
  0.0000  0.0386  0.1107  0.5000
       5       6      12       0
  0.0000  0.1372  0.3927  0.4550  0.5000
      12      16      15      12       0
  7   8   5   4
  0.0000  0.1414  0.1930  0.2153  0.5000
      12       6      12       6       0
  0.0000  0.1999  0.2990  0.5000
      12       6      12       0
  7   9   5   4
  0.0000  0.0361  0.0918  0.1429  0.5000
       6       5       6      12       0
  0.0000  0.1107  0.3461  0.5000
       6      12       6       0
  7  10   3   3
  0.0000  0.1177  0.5000
       6      12       0
  0.0000  0.1107  0.5000
       6      12       0
  8   1   7   7
  0.0000  0.1414  0.1930  0.2153  0.3514  0.4023  0.5000
      12       6      12       6      12       6       0
  0.0000  0.0386  0.1107  0.1602  0.3927  0.4026  0.5000
       5       6      12      16      15      12       0
  8   2   3   3
  0.0000  0.1107  0.5000
       6      12       0
  0.0000  0.1107  0.5000
       6      12       0
  8   3   3   3
  0.0000  0.1107  0.5000
       6      12       0
  0.0000  0.1177  0.5000
       6      12       0
  8   4   3   5
  0.0000  0.1107  0.5000
       6      12       0
  0.0000  0.0361  0.0918  0.1429  0.5000
       6       5       6      12       0
  8   5   5   5
  0.0000  0.0361  0.0918  0.1429  0.5000
       6       5       6      12       0
  0.0000  0.1372  0.2841  0.3900  0.5000
      12      16      12       6       0
  8   6   4   6
  0.0000  0.1177  0.3608  0.5000
       6      12       6       0
  0.0000  0.1177  0.2253  0.2476  0.4038  0.5000
       6      12       6      12       6       0
  8   7   4   4
  0.0000  0.0382  0.1107  0.5000
       5       6      12       0
  0.0000  0.1107  0.3900  0.5000
       6      12       6       0
  8   8   4   6
  0.0000  0.0918  0.4131  0.5000
       5       6      12       0
  0.0000  0.1414  0.1930  0.2153  0.3750  0.5000
      12       6      12       6      12       0
  8   9   8   4
  0.0000  0.0382  0.0664  0.1414  0.1930  0.2153  0.3750  0.5000
       5       6      12       6      12       6      12       0
  0.0000  0.1177  0.3900  0.5000
       6      12       6       0
  8  10   3   5
  0.0000  0.0918  0.5000
       5       6       0
  0.0000  0.1372  0.3927  0.4218  0.5000
      12      16      15      12       0
  9   1   4   4
  0.0000  0.1107  0.4082  0.5000
       6      12       6       0
  0.0000  0.0918  0.4638  0.5000
       5       6      12       0
  9   2   3   7
  0.0000  0.1177  0.5000
       6      12       0
  0.0000  0.0386  0.1107  0.1602  0.3927  0.4026  0.5000
       5       6      12      16      15      12       0
  9   3   5   5
  0.0000  0.1372  0.2841  0.3900  0.5000
      12      16      12       6       0
  0.0000  0.0361  0.0918  0.1429  0.5000
       6       5       6      12       0
  9   4   3   5
  0.0000  0.1107  0.5000
       6      12       0
  0.0000  0.0361  0.0918  0.1429  0.5000
       6       5       6      12       0
  9   5   3   3
  0.0000  0.1107  0.5000
       6      12       0
  0.0000  0.1177  0.5000
       6      12       0
  9   6   3   4
  0.0000  0.1177  0.5000
       6      12       0
  0.0000  0.1177  0.3900  0.5000
       6      12       6       0
  9   7   5   7
  0.0000  0.0361  0.0918  0.1429  0.5000
       6       5       6      12       0
  0.0000  0.1372  0.2080  0.2312  0.2841  0.3900  0.5000
      12      16      12      16      12       6       0
  9   8   9   7
  0.0000  0.0382  0.0664  0.1414  0.1930  0.2153  0.2383  0.3900  0.5000
       5       6      12       6      12       6      12       6       0
  0.0000  0.0386  0.1107  0.1602  0.3927  0.4026  0.5000
       5       6      12      16      15      12       0
  9   9   4   6
  0.0000  0.0382  0.1107  0.5000
       5       6      12       0
  0.0000  0.1414  0.1930  0.2153  0.3750  0.5000
      12       6      12       6      12       0
  9  10   7   5
  0.0000  0.0386  0.1107  0.1602  0.3927  0.4026  0.5000
       5       6      12      16      15      12       0
  0.0000  0.0261  0.1177  0.3900  0.5000
       5       6      12       6       0
 10   1   4   3
  0.0000  0.1107  0.3757  0.5000
       6      12       6       0
  0.0000  0.1177  0.5000
       6      12       0
 10   2   6   4
  0.0000  0.1177  0.1894  0.3927  0.4026  0.5000
       6      12      16      15      12       0
  0.0000  0.1177  0.3900  0.5000
       6      12       6       0
 10   3   7   5
  0.0000  0.0386  0.1107  0.1602  0.3927  0.4026  0.5000
       5       6      12      16      15      12       0
  0.0000  0.0361  0.0918  0.1429  0.5000
       6       5       6      12       0
 10   4   3   4
  0.0000  0.1107  0.5000
       6      12       0
  0.0000  0.1414  0.1930  0.5000
      12       6      12       0
 10   5   5   3
  0.0000  0.1372  0.2841  0.3900  0.5000
      12      16      12       6       0
  0.0000  0.1177  0.5000
       6      12       0
 10   6   8   4
  0.0000  0.0261  0.1177  0.3191  0.3927  0.4026  0.4736  0.5000
       5       6      12      16      15      12       6       0
  0.0000  0.1372  0.1545  0.5000
      12      16      12       0
 10   7   6   3
  0.0000  0.1414  0.1930  0.2153  0.3750  0.5000
      12       6      12       6      12       0
  0.0000  0.1107  0.5000
       6      12       0
 10   8   7   8
  0.0000  0.0386  0.1107  0.1602  0.3927  0.4026  0.5000
       5       6      12      16      15      12       0
  0.0000  0.0361  0.0668  0.1372  0.2841  0.3900  0.4987  0.5000
       6       5      12      16      12       6      12       0
 10   9   4   4
  0.0000  0.0382  0.1107  0.5000
       5       6      12       0
  0.0000  0.0382  0.1107  0.5000
       5       6      12       0
 10  10   5   7
  0.0000  0.0361  0.0918  0.1429  0.5000
       6       5       6      12       0
  0.0000  0.1372  0.2080  0.2312  0.2841  0.3900  0.5000
      12      16      12      16      12       6       0
 11   1   4   3
  0.0000  0.0382  0.1107  0.5000
       5       6      12       0
  0.0000  0.1107  0.5000
       6      12       0
 11   2   4   4
  0.0000  0.1372  0.1545  0.5000
      12      16      12       0
  0.0000  0.1107  0.3757  0.5000
       6      12       6       0
 11   3   4   3
  0.0000  0.0382  0.1107  0.5000
       5       6      12       0
  0.0000  0.1107  0.5000
       6      12       0
 11   4   6   8
  0.0000  0.0386  0.1107  0.1602  0.1625  0.5000
       5       6      12      16      12       0
  0.0000  0.0361  0.0668  0.1372  0.2841  0.3900  0.4987  0.5000
       6       5      12      16      12       6      12       0
 11   5   4   5
  0.0000  0.0382  0.1107  0.5000
       5       6      12       0
  0.0000  0.0361  0.0918  0.1429  0.5000
       6       5       6      12       0
 11   6   8   7
  0.0000  0.0361  0.0668  0.1372  0.2841  0.3900  0.4375  0.5000
       6       5      12      16      12       6      12       0
  0.0000  0.1372  0.2080  0.2312  0.2841  0.3900  0.5000
      12      16      12      16      12       6       0
 11   7   6   4
  0.0000  0.1372  0.2080  0.2312  0.2841  0.5000
      12      16      12      16      12       0
  0.0000  0.0382  0.1107  0.5000
       5       6      12       0
 11   8   5   8
  0.0000  0.0361  0.0918  0.1429  0.5000
       6       5       6      12       0
  0.0000  0.0361  0.0668  0.1372  0.2841  0.3900  0.4987  0.5000
       6       5      12      16      12       6      12       0
 11   9   4   4
  0.0000  0.1107  0.3757  0.5000
       6      12       6       0
  0.0000  0.0382  0.1107  0.5000
       5       6      12       0
 11  10   3   4
  0.0000  0.1107  0.5000
       6      12       0
  0.0000  0.0382  0.1107  0.5000
       5       6      12       0
 12   1   5   3
  0.0000  0.0382  0.1107  0.3816  0.5000
       5       6      12       6       0
  0.0000  0.1107  0.5000
       6      12       0
 12   2   4   6
  0.0000  0.0382  0.1107  0.5000
       5       6      12       0
  0.0000  0.0361  0.0668  0.1372  0.1642  0.5000
       6       5      12      16      12       0
 12   3  10   6
  0.0000  0.0361  0.0668  0.1372  0.2080  0.2312  0.2841  0.3900  0.4375  0.5000
       6       5      12      16      12      16      12       6      12       0


  0.0000  0.1372  0.2080  0.2312  0.2317  0.5000
      12      16      12      16      12       0
 12   4   7   4
  0.0000  0.1372  0.2080  0.2312  0.2841  0.3900  0.5000
      12      16      12      16      12       6       0
  0.0000  0.0382  0.1107  0.5000
       5       6      12       0
 12   5   8   6
  0.0000  0.0361  0.0668  0.1372  0.2841  0.3900  0.4375  0.5000
       6       5      12      16      12       6      12       0
  0.0000  0.0386  0.1107  0.1602  0.1625  0.5000
       5       6      12      16      12       0
 12   6   4   5
  0.0000  0.0382  0.1107  0.5000
       5       6      12       0
  0.0000  0.1372  0.1545  0.3757  0.5000
      12      16      12       6       0
 12   7   4  10
  0.0000  0.0382  0.1107  0.5000
       5       6      12       0
  0.0000  0.0361  0.0668  0.0846  0.1062  0.1372  0.2841  0.3900  0.4987  0.5000
       6       5      12       6      12      16      12       6      12       0


 12   8   4   3
  0.0000  0.0382  0.1107  0.5000
       5       6      12       0
  0.0000  0.1107  0.5000
       6      12       0
 12   9   4   8
  0.0000  0.0382  0.1107  0.5000
       5       6      12       0
  0.0000  0.0361  0.0668  0.1372  0.2841  0.3900  0.4987  0.5000
       6       5      12      16      12       6      12       0
 12  10   7   4
  0.0000  0.1372  0.2080  0.2312  0.2841  0.3900  0.5000
      12      16      12      16      12       6       0
  0.0000  0.0382  0.1107  0.5000
       5       6      12       0
 13   1   4   4
  0.0000  0.0382  0.1107  0.5000
       5       6      12       0
  0.0000  0.0382  0.1107  0.5000
       5       6      12       0
 13   2   4   7
  0.0000  0.0382  0.1107  0.5000
       5       6      12       0
  0.0000  0.0382  0.1107  0.3816  0.3974  0.4791  0.5000
       5       6      12       6      12       6       0
 13   3   5   4
  0.0000  0.0382  0.1107  0.3816  0.5000
       5       6      12       6       0
  0.0000  0.0382  0.1107  0.5000
       5       6      12       0
 13   4   4   3
  0.0000  0.0382  0.1107  0.5000
       5       6      12       0
  0.0000  0.1107  0.5000
       6      12       0
 13   5   5   4
  0.0000  0.1372  0.1545  0.3757  0.5000
      12      16      12       6       0
  0.0000  0.0382  0.1107  0.5000
       5       6      12       0
 13   6   8   8
  0.0000  0.1372  0.2080  0.2312  0.2841  0.3900  0.4375  0.5000
      12      16      12      16      12       6      12       0
  0.0000  0.0361  0.0668  0.1372  0.2841  0.3900  0.4375  0.5000
       6       5      12      16      12       6      12       0
 13   7   3   7
  0.0000  0.1107  0.5000
       6      12       0
  0.0000  0.0382  0.0476  0.1372  0.1545  0.3757  0.5000
       5       6      12      16      12       6       0
 13   8   4   8
  0.0000  0.1372  0.1803  0.5000
      12      16      12       0
  0.0000  0.0361  0.0668  0.1372  0.2841  0.3900  0.4375  0.5000
       6       5      12      16      12       6      12       0
 13   9   6   8
  0.0000  0.0361  0.0668  0.1372  0.1642  0.5000
       6       5      12      16      12       0
  0.0000  0.0361  0.0668  0.1372  0.2841  0.3900  0.4987  0.5000
       6       5      12      16      12       6      12       0
 13  10   4   4
  0.0000  0.0382  0.1107  0.5000
       5       6      12       0
  0.0000  0.0382  0.1107  0.5000
       5       6      12       0
 14   1   5   4
  0.0000  0.1372  0.1545  0.3757  0.5000
      12      16      12       6       0
  0.0000  0.0382  0.1107  0.5000
       5       6      12       0
 14   2   8   4
  0.0000  0.0361  0.0668  0.1372  0.2841  0.3900  0.4375  0.5000
       6       5      12      16      12       6      12       0
  0.0000  0.0382  0.1107  0.5000
       5       6      12       0
 14   3   4   3
  0.0000  0.0382  0.1107  0.5000
       5       6      12       0
  0.0000  0.1107  0.5000
       6      12       0
 14   4   4   4
  0.0000  0.0382  0.1107  0.5000
       5       6      12       0
  0.0000  0.1372  0.1803  0.5000
      12      16      12       0
 14   5   5   8
  0.0000  0.0382  0.1107  0.3922  0.5000
       5       6      12       6       0
  0.0000  0.0361  0.0668  0.1372  0.2841  0.3900  0.4987  0.5000
       6       5      12      16      12       6      12       0
 14   6   8   4
  0.0000  0.0361  0.0668  0.1372  0.2841  0.3900  0.4375  0.5000
       6       5      12      16      12       6      12       0
  0.0000  0.0382  0.1107  0.5000
       5       6      12       0
 14   7   4   4
  0.0000  0.0382  0.1107  0.5000
       5       6      12       0
  0.0000  0.0382  0.1107  0.5000
       5       6      12       0
 14   8   8   8
  0.0000  0.1372  0.2080  0.2312  0.2841  0.3900  0.4375  0.5000
      12      16      12      16      12       6      12       0
  0.0000  0.0361  0.0668  0.1372  0.2841  0.3900  0.4375  0.5000
       6       5      12      16      12       6      12       0
 14   9   3   4
  0.0000  0.1107  0.5000
       6      12       0
  0.0000  0.0382  0.1107  0.5000
       5       6      12       0
 14  10   4   3
  0.0000  0.0382  0.1107  0.5000
       5       6      12       0
  0.0000  0.1107  0.5000
       6      12       0
 15   1   3   3
  0.0000  0.1107  0.5000
       6      12       0
  0.0000  0.1107  0.5000
       6      12       0
 15   2   3   4
  0.0000  0.1107  0.5000
       6      12       0
  0.0000  0.0382  0.1107  0.5000
       5       6      12       0
 15   3   4   3
  0.0000  0.0382  0.1107  0.5000
       5       6      12       0
  0.0000  0.1107  0.5000
       6      12       0
 15   4   5   6
  0.0000  0.1372  0.1545  0.3757  0.5000
      12      16      12       6       0
  0.0000  0.0382  0.1107  0.3900  0.4987  0.5000
       5       6      12       6      12       0
 15   5   4   3
  0.0000  0.1372  0.1803  0.5000
      12      16      12       0
  0.0000  0.1107  0.5000
       6      12       0
 15   6   4   4
  0.0000  0.0382  0.1107  0.5000
       5       6      12       0
  0.0000  0.0382  0.1107  0.5000
       5       6      12       0
 15   7   4   5
  0.0000  0.0382  0.1107  0.5000
       5       6      12       0
  0.0000  0.0382  0.1107  0.4793  0.5000
       5       6      12       6       0
 15   8   8   3
  0.0000  0.1372  0.2080  0.2312  0.2841  0.3900  0.4375  0.5000
      12      16      12      16      12       6      12       0
  0.0000  0.1107  0.5000
       6      12       0
 15   9   4   3
  0.0000  0.0382  0.1107  0.5000
       5       6      12       0
  0.0000  0.1107  0.5000
       6      12       0
 15  10   4   5
  0.0000  0.0382  0.1107  0.5000
       5       6      12       0
  0.0000  0.1372  0.1545  0.3757  0.5000
      12      16      12       6       0
 16   1   3   3
  0.0000  0.1107  0.5000
       6      12       0
  0.0000  0.1107  0.5000
       6      12       0
 16   2   4   3
  0.0000  0.0382  0.1107  0.5000
       5       6      12       0
  0.0000  0.1107  0.5000
       6      12       0
 16   3   5   3
  0.0000  0.1372  0.1545  0.3757  0.5000
      12      16      12       6       0
  0.0000  0.1107  0.5000
       6      12       0
 16   4   5   4
  0.0000  0.0382  0.1107  0.4793  0.5000
       5       6      12       6       0
  0.0000  0.0382  0.1107  0.5000
       5       6      12       0
 16   5   5   4
  0.0000  0.1372  0.1545  0.3757  0.5000
      12      16      12       6       0
  0.0000  0.0382  0.1107  0.5000
       5       6      12       0
 16   6   4   3
  0.0000  0.0382  0.1107  0.5000
       5       6      12       0
  0.0000  0.1107  0.5000
       6      12       0
 16   7   3   4
  0.0000  0.1107  0.5000
       6      12       0
  0.0000  0.0382  0.1107  0.5000
       5       6      12       0
 16   8   4   4
  0.0000  0.0382  0.1107  0.5000
       5       6      12       0
  0.0000  0.0382  0.1107  0.5000
       5       6      12       0
 16   9   4   5
  0.0000  0.1372  0.1545  0.5000
      12      16      12       0
  0.0000  0.1372  0.1545  0.3757  0.5000
      12      16      12       6       0
 16  10   6   4
  0.0000  0.1372  0.1545  0.3900  0.4987  0.5000
      12      16      12       6      12       0
  0.0000  0.0382  0.1107  0.5000
       5       6      12       0
 17   1   4   4
  0.0000  0.0382  0.1107  0.5000
       5       6      12       0
  0.0000  0.0382  0.1107  0.5000
       5       6      12       0
 17   2   4   4
  0.0000  0.0382  0.1107  0.5000
       5       6      12       0
  0.0000  0.0382  0.1107  0.5000
       5       6      12       0
 17   3   4   4
  0.0000  0.0382  0.1107  0.5000
       5       6      12       0
  0.0000  0.0382  0.1107  0.5000
       5       6      12       0
 17   4   4   4
  0.0000  0.0382  0.1107  0.5000
       5       6      12       0
  0.0000  0.0382  0.1107  0.5000
       5       6      12       0
 17   5   5   5
  0.0000  0.0382  0.1107  0.4793  0.5000
       5       6      12       6       0
  0.0000  0.1372  0.1545  0.3757  0.5000
      12      16      12       6       0
 17   6   3   4
  0.0000  0.1107  0.5000
       6      12       0
  0.0000  0.0382  0.1107  0.5000
       5       6      12       0
 17   7   3   4
  0.0000  0.1107  0.5000
       6      12       0
  0.0000  0.0382  0.1107  0.5000
       5       6      12       0
 17   8   3   3
  0.0000  0.1107  0.5000
       6      12       0
  0.0000  0.1107  0.5000
       6      12       0
 17   9   4   5
  0.0000  0.0382  0.1107  0.5000
       5       6      12       0
  0.0000  0.1372  0.1545  0.3757  0.5000
      12      16      12       6       0
 17  10   4   3
  0.0000  0.0382  0.1107  0.5000
       5       6      12       0
  0.0000  0.1107  0.5000
       6      12       0
 18   1   4   5
  0.0000  0.0382  0.1107  0.5000
       5       6      12       0
  0.0000  0.1372  0.1545  0.3757  0.5000
      12      16      12       6       0
 18   2   4   3
  0.0000  0.0382  0.1107  0.5000
       5       6      12       0
  0.0000  0.1107  0.5000
       6      12       0
 18   3   4   5
  0.0000  0.0382  0.1107  0.5000
       5       6      12       0
  0.0000  0.0155  0.0382  0.1107  0.5000
       6       5       6      12       0
 18   4   4   5
  0.0000  0.0382  0.1107  0.5000
       5       6      12       0
  0.0000  0.0382  0.1107  0.4736  0.5000
       5       6      12       6       0
 18   5   5   4
  0.0000  0.1372  0.1545  0.3757  0.5000
      12      16      12       6       0
  0.0000  0.0382  0.1107  0.5000
       5       6      12       0
 18   6   4   4
  0.0000  0.0382  0.1107  0.5000
       5       6      12       0
  0.0000  0.0382  0.1107  0.5000
       5       6      12       0
 18   7   3   3
  0.0000  0.1107  0.5000
       6      12       0
  0.0000  0.1107  0.5000
       6      12       0
 18   8   5   4
  0.0000  0.1372  0.1545  0.3757  0.5000
      12      16      12       6       0
  0.0000  0.0382  0.1107  0.5000
       5       6      12       0
 18   9   5   4
  0.0000  0.1372  0.1545  0.3757  0.5000
      12      16      12       6       0
  0.0000  0.0382  0.1107  0.5000
       5       6      12       0
 18  10   4   5
  0.0000  0.0382  0.1107  0.5000
       5       6      12       0
  0.0000  0.0146  0.0382  0.1107  0.5000
       6       5       6      12       0
 19   1   4   5
  0.0000  0.1372  0.1545  0.5000
      12      16      12       0
  0.0000  0.0146  0.0382  0.1107  0.5000
       6       5       6      12       0
 19   2   4   4
  0.0000  0.0861  0.1107  0.5000
      12       6      12       0
  0.0000  0.0382  0.1107  0.5000
       5       6      12       0
 19   3   4   4
  0.0000  0.1372  0.1545  0.5000
      12      16      12       0
  0.0000  0.0382  0.1107  0.5000
       5       6      12       0
 19   4   4   4
  0.0000  0.0382  0.1107  0.5000
       5       6      12       0
  0.0000  0.1372  0.1545  0.5000
      12      16      12       0
 19   5   4   5
  0.0000  0.1372  0.1545  0.5000
      12      16      12       0
  0.0000  0.1372  0.1545  0.3757  0.5000
      12      16      12       6       0
 19   6   4   4
  0.0000  0.0382  0.1107  0.5000
       5       6      12       0
  0.0000  0.0382  0.1107  0.5000
       5       6      12       0
 19   7   3   5
  0.0000  0.1107  0.5000
       6      12       0
  0.0000  0.0155  0.0382  0.1107  0.5000
       6       5       6      12       0
 19   8   4   4
  0.0000  0.0382  0.1107  0.5000
       5       6      12       0
  0.0000  0.0382  0.1107  0.5000
       5       6      12       0
 19   9   4   6
  0.0000  0.0382  0.1107  0.5000
       5       6      12       0
  0.0000  0.1372  0.1545  0.3757  0.4934  0.5000
      12      16      12       6      12       0
 19  10   3   5
  0.0000  0.1107  0.5000
       6      12       0
  0.0000  0.0155  0.0382  0.1107  0.5000
       6       5       6      12       0
 20   1   6   4
  0.0000  0.1372  0.1545  0.3757  0.4934  0.5000
      12      16      12       6      12       0
  0.0000  0.1372  0.1545  0.5000
      12      16      12       0
 20   2   4   4
  0.0000  0.0382  0.1107  0.5000
       5       6      12       0
  0.0000  0.0382  0.1107  0.5000
       5       6      12       0
 20   3   4   4
  0.0000  0.1372  0.1545  0.5000
      12      16      12       0
  0.0000  0.0382  0.1107  0.5000
       5       6      12       0
 20   4   4   3
  0.0000  0.0382  0.1107  0.5000
       5       6      12       0
  0.0000  0.1107  0.5000
       6      12       0
 20   5   4   4
  0.0000  0.1372  0.1545  0.5000
      12      16      12       0
  0.0000  0.0382  0.1107  0.5000
       5       6      12       0
 20   6   4   4
  0.0000  0.0382  0.1107  0.5000
       5       6      12       0
  0.0000  0.0382  0.1107  0.5000
       5       6      12       0
 20   7   5   3
  0.0000  0.0155  0.0382  0.1107  0.5000
       6       5       6      12       0
  0.0000  0.1107  0.5000
       6      12       0
 20   8   3   6
  0.0000  0.1107  0.5000
       6      12       0
  0.0000  0.0382  0.1107  0.1465  0.1545  0.5000
       5       6      12      16      12       0
 20   9   4   5
  0.0000  0.0382  0.1107  0.5000
       5       6      12       0
  0.0000  0.0146  0.0382  0.1107  0.5000
       6       5       6      12       0
 20  10   4   5
  0.0000  0.0382  0.1107  0.5000
       5       6      12       0
  0.0000  0.0155  0.0382  0.1107  0.5000
       6       5       6      12       0
 21   1   5   4
  0.0000  0.0155  0.0382  0.1107  0.5000
       6       5       6      12       0
  0.0000  0.1372  0.1545  0.5000
      12      16      12       0
 21   2   5   5
  0.0000  0.0155  0.0382  0.1107  0.5000
       6       5       6      12       0
  0.0000  0.0146  0.0382  0.1107  0.5000
       6       5       6      12       0
 21   3   4   4
  0.0000  0.0382  0.1107  0.5000
       5       6      12       0
  0.0000  0.1372  0.1545  0.5000
      12      16      12       0
 21   4   4   3
  0.0000  0.1372  0.1545  0.5000
      12      16      12       0
  0.0000  0.1107  0.5000
       6      12       0
 21   5   3   4
  0.0000  0.1107  0.5000
       6      12       0
  0.0000  0.0382  0.1107  0.5000
       5       6      12       0
 21   6   4   6
  0.0000  0.0382  0.1107  0.5000
       5       6      12       0
  0.0000  0.1372  0.1545  0.3757  0.4934  0.5000
      12      16      12       6      12       0
 21   7   5   4
  0.0000  0.0146  0.0382  0.1107  0.5000
       6       5       6      12       0
  0.0000  0.0382  0.1107  0.5000
       5       6      12       0
 21   8   4   6
  0.0000  0.0382  0.1107  0.5000
       5       6      12       0
  0.0000  0.0382  0.1107  0.1465  0.1545  0.5000
       5       6      12      16      12       0
 21   9   4   4
  0.0000  0.0382  0.1107  0.5000
       5       6      12       0
  0.0000  0.1372  0.1545  0.5000
      12      16      12       0
 21  10   4   4
  0.0000  0.0382  0.1107  0.5000
       5       6      12       0
  0.0000  0.0382  0.1107  0.5000
       5       6      12       0
 22   1   4   4
  0.0000  0.0382  0.1107  0.5000
       5       6      12       0
  0.0000  0.0382  0.1107  0.5000
       5       6      12       0
 22   2   3   6
  0.0000  0.1107  0.5000
       6      12       0
  0.0000  0.0382  0.1107  0.4425  0.4934  0.5000
       5       6      12       6      12       0
 22   3   4   3
  0.0000  0.0836  0.1107  0.5000
      12       6      12       0
  0.0000  0.1107  0.5000
       6      12       0
 22   4   5   4
  0.0000  0.0155  0.0382  0.1107  0.5000
       6       5       6      12       0
  0.0000  0.0382  0.1107  0.5000
       5       6      12       0
 22   5   4   4
  0.0000  0.1372  0.1545  0.5000
      12      16      12       0
  0.0000  0.1372  0.1545  0.5000
      12      16      12       0
 22   6   4   4
  0.0000  0.0382  0.1107  0.5000
       5       6      12       0
  0.0000  0.0382  0.1107  0.5000
       5       6      12       0
 22   7   5   5
  0.0000  0.0146  0.0382  0.1107  0.5000
       6       5       6      12       0
  0.0000  0.0995  0.1372  0.1545  0.5000
       6      12      16      12       0
 22   8   4   5
  0.0000  0.0382  0.1107  0.5000
       5       6      12       0
  0.0000  0.0200  0.0382  0.1107  0.5000
      12       5       6      12       0
 22   9   4   4
  0.0000  0.1372  0.1545  0.5000
      12      16      12       0
  0.0000  0.0382  0.1107  0.5000
       5       6      12       0
 22  10   5   4
  0.0000  0.0146  0.0382  0.1107  0.5000
       6       5       6      12       0
  0.0000  0.0382  0.1107  0.5000
       5       6      12       0
 23   1   4   3
  0.0000  0.0382  0.1107  0.5000
       5       6      12       0
  0.0000  0.1107  0.5000
       6      12       0
 23   2   4   5
  0.0000  0.0382  0.1107  0.5000
       5       6      12       0
  0.0000  0.0995  0.1372  0.1545  0.5000
       6      12      16      12       0
 23   3   3   5
  0.0000  0.1107  0.5000
       6      12       0
  0.0000  0.1107  0.4425  0.4934  0.5000
       6      12       6      12       0
 23   4   5   4
  0.0000  0.0146  0.0382  0.1107  0.5000
       6       5       6      12       0
  0.0000  0.0836  0.1107  0.5000
      12       6      12       0
 23   5   5   5
  0.0000  0.0155  0.0382  0.1107  0.5000
       6       5       6      12       0
  0.0000  0.0995  0.1372  0.1545  0.5000
       6      12      16      12       0
 23   6   5   5
  0.0000  0.0200  0.0382  0.1107  0.5000
      12       5       6      12       0
  0.0000  0.0146  0.0382  0.1107  0.5000
       6       5       6      12       0
 23   7   4   3
  0.0000  0.0382  0.1107  0.5000
       5       6      12       0
  0.0000  0.1107  0.5000
       6      12       0
 23   8   4   4
  0.0000  0.0382  0.1107  0.5000
       5       6      12       0
  0.0000  0.1372  0.1545  0.5000
      12      16      12       0
 23   9   4   4
  0.0000  0.0836  0.1107  0.5000
      12       6      12       0
  0.0000  0.0836  0.1107  0.5000
      12       6      12       0
 23  10   4   5
  0.0000  0.0382  0.1107  0.5000
       5       6      12       0
  0.0000  0.0995  0.1372  0.1545  0.5000
       6      12      16      12       0
 24   1   4   5
  0.0000  0.0382  0.1107  0.5000
       5       6      12       0
  0.0000  0.0146  0.0382  0.1107  0.5000
       6       5       6      12       0
 24   2   4   4
  0.0000  0.0382  0.1107  0.5000
       5       6      12       0
  0.0000  0.0836  0.1107  0.5000
      12       6      12       0
 24   3   4   5
  0.0000  0.1372  0.1545  0.5000
      12      16      12       0
  0.0000  0.0155  0.0382  0.1107  0.5000
       6       5       6      12       0
 24   4   4   3
  0.0000  0.0836  0.1107  0.5000
      12       6      12       0
  0.0000  0.1107  0.5000
       6      12       0
 24   5   4   4
  0.0000  0.0382  0.1107  0.5000
       5       6      12       0
  0.0000  0.0382  0.1107  0.5000
       5       6      12       0
 24   6   4   3
  0.0000  0.0382  0.1107  0.5000
       5       6      12       0
  0.0000  0.1107  0.5000
       6      12       0
 24   7   5   3
  0.0000  0.1107  0.4425  0.4934  0.5000
       6      12       6      12       0
  0.0000  0.1107  0.5000
       6      12       0
 24   8   5   6
  0.0000  0.0995  0.1372  0.1545  0.5000
       6      12      16      12       0
  0.0000  0.0146  0.0367  0.0836  0.1107  0.5000
       6       5      12       6      12       0
 24   9   3   5
  0.0000  0.1107  0.5000
       6      12       0
  0.0000  0.0995  0.1372  0.1545  0.5000
       6      12      16      12       0
 24  10   4   5
  0.0000  0.0382  0.1107  0.5000
       5       6      12       0
  0.0000  0.0155  0.0382  0.1107  0.5000
       6       5       6      12       0
 25   1   3   5
  0.0000  0.1107  0.5000
       6      12       0
  0.0000  0.0995  0.1372  0.1545  0.5000
       6      12      16      12       0
 25   2   3   4
  0.0000  0.1107  0.5000
       6      12       0
  0.0000  0.0382  0.1107  0.5000
       5       6      12       0
 25   3   4   5
  0.0000  0.0382  0.1107  0.5000
       5       6      12       0
  0.0000  0.0146  0.0382  0.1107  0.5000
       6       5       6      12       0
 25   4   5   4
  0.0000  0.0146  0.0382  0.1107  0.5000
       6       5       6      12       0
  0.0000  0.0836  0.1107  0.5000
      12       6      12       0
 25   5   4   5
  0.0000  0.0382  0.1107  0.5000
       5       6      12       0
  0.0000  0.1107  0.4425  0.4934  0.5000
       6      12       6      12       0
 25   6   4   7
  0.0000  0.0382  0.1107  0.5000
       5       6      12       0
  0.0000  0.0155  0.0382  0.0657  0.1372  0.1545  0.5000
       6       5       6      12      16      12       0
 25   7   5   5
  0.0000  0.0146  0.0382  0.1107  0.5000
       6       5       6      12       0
  0.0000  0.1107  0.4425  0.4934  0.5000
       6      12       6      12       0
 25   8   4   3
  0.0000  0.0382  0.1107  0.5000
       5       6      12       0
  0.0000  0.1107  0.5000
       6      12       0
 25   9   4   4
  0.0000  0.0382  0.1107  0.5000
       5       6      12       0
  0.0000  0.0382  0.1107  0.5000
       5       6      12       0
 25  10   4   4
  0.0000  0.0382  0.1107  0.5000
       5       6      12       0
  0.0000  0.0382  0.1107  0.5000
       5       6      12       0
 26   1   5   7
  0.0000  0.0995  0.1372  0.1545  0.5000
       6      12      16      12       0
  0.0000  0.0155  0.0382  0.0657  0.1372  0.1545  0.5000
       6       5       6      12      16      12       0
 26   2   4   5
  0.0000  0.0382  0.1107  0.5000
       5       6      12       0
  0.0000  0.0995  0.1372  0.1545  0.5000
       6      12      16      12       0
 26   3   4   5
  0.0000  0.0382  0.1107  0.5000
       5       6      12       0
  0.0000  0.0146  0.0382  0.1107  0.5000
       6       5       6      12       0
 26   4   5   5
  0.0000  0.0146  0.0382  0.1107  0.5000
       6       5       6      12       0
  0.0000  0.1107  0.4425  0.4934  0.5000
       6      12       6      12       0
 26   5   5   7
  0.0000  0.0146  0.0382  0.1107  0.5000
       6       5       6      12       0
  0.0000  0.0155  0.0382  0.0657  0.1372  0.1545  0.5000
       6       5       6      12      16      12       0
 26   6   4   5
  0.0000  0.0382  0.1107  0.5000
       5       6      12       0
  0.0000  0.0146  0.0382  0.1107  0.5000
       6       5       6      12       0
 26   7   4   4
  0.0000  0.0382  0.1107  0.5000
       5       6      12       0
  0.0000  0.0382  0.1107  0.5000
       5       6      12       0
 26   8   5   4
  0.0000  0.0146  0.0382  0.1107  0.5000
       6       5       6      12       0
  0.0000  0.0382  0.1107  0.5000
       5       6      12       0
 26   9   4   5
  0.0000  0.0382  0.1107  0.5000
       5       6      12       0
  0.0000  0.0146  0.0382  0.1107  0.5000
       6       5       6      12       0
 26  10   6   4
  0.0000  0.0146  0.0159  0.0836  0.1107  0.5000
       6       5      12       6      12       0
  0.0000  0.0382  0.1107  0.5000
       5       6      12       0
 27   1   4   3
  0.0000  0.0382  0.1107  0.5000
       5       6      12       0
  0.0000  0.1107  0.5000
       6      12       0
 27   2   4   7
  0.0000  0.0382  0.1107  0.5000
       5       6      12       0
  0.0000  0.0155  0.0382  0.0657  0.1372  0.1545  0.5000
       6       5       6      12      16      12       0
 27   3   4   5
  0.0000  0.0382  0.1107  0.5000
       5       6      12       0
  0.0000  0.0146  0.0382  0.1107  0.5000
       6       5       6      12       0
 27   4   5   5
  0.0000  0.0146  0.0382  0.1107  0.5000
       6       5       6      12       0
  0.0000  0.0146  0.0382  0.1107  0.5000
       6       5       6      12       0
 27   5   4   4
  0.0000  0.0382  0.1107  0.5000
       5       6      12       0
  0.0000  0.0382  0.1107  0.5000
       5       6      12       0
 27   6   4   5
  0.0000  0.0382  0.1107  0.5000
       5       6      12       0
  0.0000  0.0146  0.0382  0.1107  0.5000
       6       5       6      12       0
 27   7   5   5
  0.0000  0.0146  0.0382  0.1107  0.5000
       6       5       6      12       0
  0.0000  0.0146  0.0382  0.1107  0.5000
       6       5       6      12       0
 27   8   5   4
  0.0000  0.0146  0.0382  0.1107  0.5000
       6       5       6      12       0
  0.0000  0.0382  0.1107  0.5000
       5       6      12       0
 27   9   5   5
  0.0000  0.0657  0.1372  0.1545  0.5000
       6      12      16      12       0
  0.0000  0.0146  0.0382  0.1107  0.5000
       6       5       6      12       0
 27  10   4   6
  0.0000  0.0382  0.1107  0.5000
       5       6      12       0
  0.0000  0.0146  0.0159  0.0836  0.1107  0.5000
       6       5      12       6      12       0
 28   1   3   3
  0.0000  0.1107  0.5000
       6      12       0
  0.0000  0.1107  0.5000
       6      12       0
 28   2   4   5
  0.0000  0.0382  0.1107  0.5000
       5       6      12       0
  0.0000  0.0657  0.1372  0.1545  0.5000
       6      12      16      12       0
 28   3   4   7
  0.0000  0.0382  0.1107  0.5000
       5       6      12       0
  0.0000  0.0155  0.0382  0.0657  0.1372  0.1545  0.5000
       6       5       6      12      16      12       0
 28   4   4   6
  0.0000  0.0382  0.1107  0.5000
       5       6      12       0
  0.0000  0.0146  0.0159  0.0415  0.1107  0.5000
       6       5      12       6      12       0
 28   5   5   5
  0.0000  0.0146  0.0382  0.1107  0.5000
       6       5       6      12       0
  0.0000  0.0657  0.1372  0.1545  0.5000
       6      12      16      12       0
 28   6   5   4
  0.0000  0.0146  0.0382  0.1107  0.5000
       6       5       6      12       0
  0.0000  0.0382  0.1107  0.5000
       5       6      12       0
 28   7   7   5
  0.0000  0.0146  0.0382  0.0657  0.1372  0.1545  0.5000
       6       5       6      12      16      12       0
  0.0000  0.0146  0.0382  0.1107  0.5000
       6       5       6      12       0
 28   8   5   5
  0.0000  0.0146  0.0382  0.1107  0.5000
       6       5       6      12       0
  0.0000  0.0146  0.0382  0.1107  0.5000
       6       5       6      12       0
 28   9   4   7
  0.0000  0.0382  0.1107  0.5000
       5       6      12       0
  0.0000  0.0155  0.0382  0.0657  0.1372  0.1545  0.5000
       6       5       6      12      16      12       0
 28  10   3   4
  0.0000  0.0657  0.5000
       6      12       0
  0.0000  0.0382  0.1107  0.5000
       5       6      12       0
 29   1   5   4
  0.0000  0.0146  0.0382  0.1107  0.5000
       6       5       6      12       0
  0.0000  0.0382  0.1107  0.5000
       5       6      12       0
 29   2   5   3
  0.0000  0.0657  0.1372  0.1545  0.5000
       6      12      16      12       0
  0.0000  0.1107  0.5000
       6      12       0
 29   3   7   4
  0.0000  0.0155  0.0382  0.0657  0.1372  0.1545  0.5000
       6       5       6      12      16      12       0
  0.0000  0.0382  0.1107  0.5000
       5       6      12       0
 29   4   7   6
  0.0000  0.0155  0.0382  0.0657  0.1372  0.1545  0.5000
       6       5       6      12      16      12       0
  0.0000  0.0382  0.0961  0.1372  0.1545  0.5000
       5       6      12      16      12       0
 29   5   7   4
  0.0000  0.0146  0.0382  0.0657  0.1372  0.1545  0.5000
       6       5       6      12      16      12       0
  0.0000  0.0382  0.1107  0.5000
       5       6      12       0
 29   6   3   3
  0.0000  0.0657  0.5000
       6      12       0
  0.0000  0.1107  0.5000
       6      12       0
 29   7   7   4
  0.0000  0.0146  0.0382  0.0657  0.1372  0.1545  0.5000
       6       5       6      12      16      12       0
  0.0000  0.0382  0.1107  0.5000
       5       6      12       0
 29   8   5   4
  0.0000  0.0146  0.0382  0.1107  0.5000
       6       5       6      12       0
  0.0000  0.0382  0.1107  0.5000
       5       6      12       0
 29   9   7   5
  0.0000  0.0155  0.0382  0.0657  0.1372  0.1545  0.5000
       6       5       6      12      16      12       0
  0.0000  0.0146  0.0382  0.1107  0.5000
       6       5       6      12       0
 29  10   5   4
  0.0000  0.0146  0.0382  0.1107  0.5000
       6       5       6      12       0
  0.0000  0.0382  0.1107  0.5000
       5       6      12       0
 30   1   5   4
  0.0000  0.0146  0.0382  0.1107  0.5000
       6       5       6      12       0
  0.0000  0.0382  0.1107  0.5000
       5       6      12       0
 30   2   5   4
  0.0000  0.0146  0.0382  0.1107  0.5000
       6       5       6      12       0
  0.0000  0.0382  0.1107  0.5000
       5       6      12       0
 30   3   4   5
  0.0000  0.0382  0.1107  0.5000
       5       6      12       0
  0.0000  0.0146  0.0382  0.1107  0.5000
       6       5       6      12       0
 30   4   4   3
  0.0000  0.0382  0.1107  0.5000
       5       6      12       0
  0.0000  0.1107  0.5000
       6      12       0
 30   5   5   5
  0.0000  0.0146  0.0382  0.1107  0.5000
       6       5       6      12       0
  0.0000  0.0146  0.0382  0.1107  0.5000
       6       5       6      12       0
 30   6   5   4
  0.0000  0.0146  0.0382  0.1107  0.5000
       6       5       6      12       0
  0.0000  0.0382  0.1107  0.5000
       5       6      12       0
 30   7   5   5
  0.0000  0.0146  0.0382  0.1107  0.5000
       6       5       6      12       0
  0.0000  0.0155  0.0382  0.0657  0.5000
       6       5       6      12       0
 30   8   7   4
  0.0000  0.0155  0.0382  0.0657  0.1372  0.1545  0.5000
       6       5       6      12      16      12       0
  0.0000  0.0382  0.1107  0.5000
       5       6      12       0
 30   9   5   6
  0.0000  0.0146  0.0382  0.1107  0.5000
       6       5       6      12       0
  0.0000  0.0382  0.0961  0.1372  0.1545  0.5000
       5       6      12      16      12       0
 30  10   7   4
  0.0000  0.0155  0.0382  0.0657  0.1372  0.1545  0.5000
       6       5       6      12      16      12       0
  0.0000  0.0382  0.1107  0.5000
       5       6      12       0
 31   1   6   4
  0.0000  0.0382  0.1107  0.1372  0.1545  0.5000
       5       6      12      16      12       0
  0.0000  0.0382  0.1107  0.5000
       5       6      12       0
 31   2   5   4
  0.0000  0.0146  0.0382  0.1107  0.5000
       6       5       6      12       0
  0.0000  0.0382  0.1107  0.5000
       5       6      12       0
 31   3   5   5
  0.0000  0.0146  0.0382  0.1107  0.5000
       6       5       6      12       0
  0.0000  0.0146  0.0382  0.1107  0.5000
       6       5       6      12       0
 31   4   7   4
  0.0000  0.0155  0.0382  0.0657  0.1372  0.1545  0.5000
       6       5       6      12      16      12       0
  0.0000  0.0382  0.1107  0.5000
       5       6      12       0
 31   5   5   4
  0.0000  0.0146  0.0382  0.1107  0.5000
       6       5       6      12       0
  0.0000  0.0382  0.1107  0.5000
       5       6      12       0
 31   6   5   5
  0.0000  0.0155  0.0382  0.1107  0.5000
       6       5       6      12       0
  0.0000  0.0146  0.0382  0.1107  0.5000
       6       5       6      12       0
 31   7   5   4
  0.0000  0.0146  0.0382  0.1107  0.5000
       6       5       6      12       0
  0.0000  0.0382  0.1107  0.5000
       5       6      12       0
 31   8   7   4
  0.0000  0.0155  0.0382  0.0657  0.1372  0.1545  0.5000
       6       5       6      12      16      12       0
  0.0000  0.0382  0.1107  0.5000
       5       6      12       0
 31   9   4   4
  0.0000  0.0382  0.1107  0.5000
       5       6      12       0
  0.0000  0.0382  0.1107  0.5000
       5       6      12       0
 31  10   5   5
  0.0000  0.0146  0.0382  0.1107  0.5000
       6       5       6      12       0
  0.0000  0.0146  0.0382  0.1107  0.5000
       6       5       6      12       0
 32   1   4   4
  0.0000  0.0382  0.1107  0.5000
       5       6      12       0
  0.0000  0.0382  0.1107  0.5000
       5       6      12       0
 32   2   6   4
  0.0000  0.0382  0.1107  0.1372  0.1545  0.5000
       5       6      12      16      12       0
  0.0000  0.0382  0.1107  0.5000
       5       6      12       0
 32   3   4   5
  0.0000  0.0382  0.1107  0.5000
       5       6      12       0
  0.0000  0.0146  0.0382  0.1107  0.5000
       6       5       6      12       0
 32   4   7   6
  0.0000  0.0155  0.0382  0.0657  0.1372  0.1545  0.5000
       6       5       6      12      16      12       0
  0.0000  0.0382  0.0657  0.1372  0.1545  0.5000
       5       6      12      16      12       0
 32   5   5   5
  0.0000  0.0146  0.0382  0.1107  0.5000
       6       5       6      12       0
  0.0000  0.0146  0.0382  0.1107  0.5000
       6       5       6      12       0
 32   6   5   4
  0.0000  0.0146  0.0382  0.1107  0.5000
       6       5       6      12       0
  0.0000  0.0382  0.1107  0.5000
       5       6      12       0
 32   7   5   7
  0.0000  0.0146  0.0382  0.1107  0.5000
       6       5       6      12       0
  0.0000  0.0155  0.0382  0.0657  0.1372  0.1442  0.5000
       6       5       6      12      16      12       0
 32   8   5   5
  0.0000  0.0146  0.0382  0.1107  0.5000
       6       5       6      12       0
  0.0000  0.0146  0.0382  0.1107  0.5000
       6       5       6      12       0
 32   9   4   5
  0.0000  0.0382  0.1107  0.5000
       5       6      12       0
  0.0000  0.0146  0.0382  0.1107  0.5000
       6       5       6      12       0
 32  10   6   5
  0.0000  0.0382  0.1107  0.1372  0.1545  0.5000
       5       6      12      16      12       0
  0.0000  0.0146  0.0382  0.1107  0.5000
       6       5       6      12       0
 33   1   6   5
  0.0000  0.0382  0.0657  0.1372  0.1545  0.5000
       5       6      12      16      12       0
  0.0000  0.0146  0.0382  0.1107  0.5000
       6       5       6      12       0
 33   2   5   4
  0.0000  0.0146  0.0382  0.1107  0.5000
       6       5       6      12       0
  0.0000  0.0382  0.1107  0.5000
       5       6      12       0
 33   3   5   7
  0.0000  0.0146  0.0382  0.1107  0.5000
       6       5       6      12       0
  0.0000  0.0146  0.0382  0.1107  0.1372  0.1545  0.5000
       6       5       6      12      16      12       0
 33   4   6   5
  0.0000  0.0382  0.1107  0.1372  0.1545  0.5000
       5       6      12      16      12       0
  0.0000  0.0155  0.0382  0.0657  0.5000
       6       5       6      12       0
 33   5   5   4
  0.0000  0.0146  0.0382  0.1107  0.5000
       6       5       6      12       0
  0.0000  0.0382  0.1107  0.5000
       5       6      12       0
 33   6   5   4
  0.0000  0.0146  0.0382  0.1107  0.5000
       6       5       6      12       0
  0.0000  0.0382  0.1107  0.5000
       5       6      12       0
 33   7   7   4
  0.0000  0.0155  0.0382  0.0657  0.1372  0.1442  0.5000
       6       5       6      12      16      12       0
  0.0000  0.0382  0.1107  0.5000
       5       6      12       0
 33   8   5   5
  0.0000  0.0146  0.0382  0.1107  0.5000
       6       5       6      12       0
  0.0000  0.0146  0.0382  0.1107  0.5000
       6       5       6      12       0
 33   9   4   4
  0.0000  0.0382  0.1107  0.5000
       5       6      12       0
  0.0000  0.0382  0.1107  0.5000
       5       6      12       0
 33  10   7   4
  0.0000  0.0146  0.0382  0.1107  0.1372  0.1545  0.5000
       6       5       6      12      16      12       0
  0.0000  0.0382  0.1107  0.5000
       5       6      12       0
 34   1   4   5
  0.0000  0.0382  0.1107  0.5000
       5       6      12       0
  0.0000  0.0146  0.0382  0.1107  0.5000
       6       5       6      12       0
 34   2   4   4
  0.0000  0.0382  0.1107  0.5000
       5       6      12       0
  0.0000  0.0382  0.1107  0.5000
       5       6      12       0
 34   3   4   5
  0.0000  0.0382  0.1107  0.5000
       5       6      12       0
  0.0000  0.0146  0.0382  0.1107  0.5000
       6       5       6      12       0
 34   4   5   5
  0.0000  0.0146  0.0382  0.1107  0.5000
       6       5       6      12       0
  0.0000  0.0146  0.0382  0.1107  0.5000
       6       5       6      12       0
 34   5   4   7
  0.0000  0.0382  0.1107  0.5000
       5       6      12       0
  0.0000  0.0146  0.0382  0.1107  0.1372  0.1545  0.5000
       6       5       6      12      16      12       0
 34   6   6   7
  0.0000  0.0382  0.1107  0.1372  0.1545  0.5000
       5       6      12      16      12       0
  0.0000  0.0072  0.0382  0.1107  0.1372  0.1545  0.5000
       6       5       6      12      16      12       0
 34   7   4   5
  0.0000  0.0382  0.1107  0.5000
       5       6      12       0
  0.0000  0.0146  0.0382  0.1107  0.5000
       6       5       6      12       0
 34   8   4   4
  0.0000  0.0382  0.1107  0.5000
       5       6      12       0
  0.0000  0.0382  0.1107  0.5000
       5       6      12       0
 34   9   5   5
  0.0000  0.0146  0.0382  0.1107  0.5000
       6       5       6      12       0
  0.0000  0.0146  0.0382  0.1107  0.5000
       6       5       6      12       0
 34  10   5   5
  0.0000  0.0155  0.0382  0.0657  0.5000
       6       5       6      12       0
  0.0000  0.0146  0.0382  0.1107  0.5000
       6       5       6      12       0
 35   1   4   5
  0.0000  0.0382  0.1107  0.5000
       5       6      12       0
  0.0000  0.0146  0.0382  0.1107  0.5000
       6       5       6      12       0
 35   2   5   5
  0.0000  0.0146  0.0382  0.1107  0.5000
       6       5       6      12       0
  0.0000  0.0146  0.0382  0.1107  0.5000
       6       5       6      12       0
 35   3   4   6
  0.0000  0.0382  0.1107  0.5000
       5       6      12       0
  0.0000  0.0382  0.1107  0.1372  0.1545  0.5000
       5       6      12      16      12       0
 35   4   4   5
  0.0000  0.0382  0.1107  0.5000
       5       6      12       0
  0.0000  0.0146  0.0382  0.1107  0.5000
       6       5       6      12       0
 35   5   7   4
  0.0000  0.0146  0.0382  0.1107  0.1372  0.1545  0.5000
       6       5       6      12      16      12       0
  0.0000  0.0382  0.1107  0.5000
       5       6      12       0
 35   6   5   5
  0.0000  0.0146  0.0382  0.1107  0.5000
       6       5       6      12       0
  0.0000  0.0155  0.0382  0.0657  0.5000
       6       5       6      12       0
 35   7   5   6
  0.0000  0.0146  0.0382  0.1107  0.5000
       6       5       6      12       0
  0.0000  0.0382  0.1107  0.1372  0.1545  0.5000
       5       6      12      16      12       0
 35   8   5   7
  0.0000  0.0146  0.0382  0.1107  0.5000
       6       5       6      12       0
  0.0000  0.0072  0.0382  0.1107  0.1372  0.1545  0.5000
       6       5       6      12      16      12       0
 35   9   5   6
  0.0000  0.0146  0.0382  0.1107  0.5000
       6       5       6      12       0
  0.0000  0.0382  0.1107  0.1372  0.1545  0.5000
       5       6      12      16      12       0
 35  10   4   4
  0.0000  0.0382  0.1107  0.5000
       5       6      12       0
  0.0000  0.0382  0.1107  0.5000
       5       6      12       0
 36   1   7   7
  0.0000  0.0146  0.0382  0.1107  0.1372  0.1545  0.5000
       6       5       6      12      16      12       0
  0.0000  0.0155  0.0382  0.0657  0.0831  0.1107  0.5000
       6       5       6      12       6      12       0
 36   2   5   6
  0.0000  0.0146  0.0382  0.1107  0.5000
       6       5       6      12       0
  0.0000  0.0382  0.1107  0.1372  0.1545  0.5000
       5       6      12      16      12       0
 36   3   6   7
  0.0000  0.0082  0.0146  0.0382  0.1107  0.5000
       5       6       5       6      12       0
  0.0000  0.0072  0.0382  0.1107  0.1372  0.1545  0.5000
       6       5       6      12      16      12       0
 36   4   5   5
  0.0000  0.0146  0.0382  0.1107  0.5000
       6       5       6      12       0
  0.0000  0.0155  0.0382  0.0657  0.5000
       6       5       6      12       0
 36   5   5   4
  0.0000  0.0146  0.0382  0.1107  0.5000
       6       5       6      12       0
  0.0000  0.0382  0.1107  0.5000
       5       6      12       0
 36   6   5   5
  0.0000  0.0146  0.0382  0.1107  0.5000
       6       5       6      12       0
  0.0000  0.0146  0.0382  0.1107  0.5000
       6       5       6      12       0
 36   7   5   5
  0.0000  0.0146  0.0382  0.1107  0.5000
       6       5       6      12       0
  0.0000  0.0155  0.0382  0.0657  0.5000
       6       5       6      12       0
 36   8   5   6
  0.0000  0.0072  0.0382  0.1107  0.5000
       6       5       6      12       0
  0.0000  0.0382  0.1107  0.1372  0.1545  0.5000
       5       6      12      16      12       0
 36   9   5   4
  0.0000  0.0146  0.0382  0.1107  0.5000
       6       5       6      12       0
  0.0000  0.0382  0.1107  0.5000
       5       6      12       0
 36  10   5   5
  0.0000  0.0146  0.0382  0.1107  0.5000
       6       5       6      12       0
  0.0000  0.0146  0.0382  0.1107  0.5000
       6       5       6      12       0
 37   1   5   5
  0.0000  0.0155  0.0382  0.0657  0.5000
       6       5       6      12       0
  0.0000  0.0155  0.0382  0.0657  0.5000
       6       5       6      12       0
 37   2   5   4
  0.0000  0.0146  0.0382  0.1107  0.5000
       6       5       6      12       0
  0.0000  0.0382  0.1107  0.5000
       5       6      12       0
 37   3   6   6
  0.0000  0.0382  0.1107  0.1372  0.1545  0.5000
       5       6      12      16      12       0
  0.0000  0.0082  0.0146  0.0382  0.1107  0.5000
       5       6       5       6      12       0
 37   4   5   6
  0.0000  0.0155  0.0382  0.0657  0.5000
       6       5       6      12       0
  0.0000  0.0382  0.1107  0.1372  0.1545  0.5000
       5       6      12      16      12       0
 37   5   7   5
  0.0000  0.0072  0.0382  0.1107  0.1372  0.1545  0.5000
       6       5       6      12      16      12       0
  0.0000  0.0072  0.0382  0.1107  0.5000
       6       5       6      12       0
 37   6   5   7
  0.0000  0.0146  0.0382  0.1107  0.5000
       6       5       6      12       0
  0.0000  0.0146  0.0382  0.1107  0.1372  0.1545  0.5000
       6       5       6      12      16      12       0
 37   7   5   5
  0.0000  0.0146  0.0382  0.1107  0.5000
       6       5       6      12       0
  0.0000  0.0146  0.0382  0.1107  0.5000
       6       5       6      12       0
 37   8   5   5
  0.0000  0.0155  0.0382  0.0657  0.5000
       6       5       6      12       0
  0.0000  0.0146  0.0382  0.1107  0.5000
       6       5       6      12       0
 37   9   4   7
  0.0000  0.0382  0.1107  0.5000
       5       6      12       0
  0.0000  0.0155  0.0382  0.0657  0.0831  0.1107  0.5000
       6       5       6      12       6      12       0
 37  10   5   5
  0.0000  0.0146  0.0382  0.1107  0.5000
       6       5       6      12       0
  0.0000  0.0146  0.0382  0.1107  0.5000
       6       5       6      12       0
 38   1   6   5
  0.0000  0.0382  0.1107  0.1372  0.1545  0.5000
       5       6      12      16      12       0
  0.0000  0.0146  0.0382  0.1107  0.5000
       6       5       6      12       0
 38   2   5   5
  0.0000  0.0155  0.0382  0.0657  0.5000
       6       5       6      12       0
  0.0000  0.0146  0.0382  0.1107  0.5000
       6       5       6      12       0
 38   3   4   5
  0.0000  0.0382  0.1107  0.5000
       5       6      12       0
  0.0000  0.0146  0.0382  0.1107  0.5000
       6       5       6      12       0
 38   4   7   5
  0.0000  0.0146  0.0382  0.1107  0.1372  0.1545  0.5000
       6       5       6      12      16      12       0
  0.0000  0.0072  0.0382  0.1107  0.5000
       6       5       6      12       0
 38   5   5   8
  0.0000  0.0072  0.0382  0.1107  0.5000
       6       5       6      12       0
  0.0000  0.0082  0.0146  0.0382  0.1107  0.1372  0.1545  0.5000
       5       6       5       6      12      16      12       0
 38   6   5   4
  0.0000  0.0146  0.0382  0.1107  0.5000
       6       5       6      12       0
  0.0000  0.0382  0.1107  0.5000
       5       6      12       0
 38   7   8   5
  0.0000  0.0074  0.0155  0.0382  0.0657  0.0831  0.1107  0.5000
       5       6       5       6      12       6      12       0
  0.0000  0.0155  0.0382  0.0657  0.5000
       6       5       6      12       0
 38   8   7   5
  0.0000  0.0155  0.0382  0.0657  0.0831  0.1107  0.5000
       6       5       6      12       6      12       0
  0.0000  0.0146  0.0382  0.1107  0.5000
       6       5       6      12       0
 38   9   5   7
  0.0000  0.0146  0.0382  0.1107  0.5000
       6       5       6      12       0
  0.0000  0.0072  0.0382  0.1107  0.1372  0.1545  0.5000
       6       5       6      12      16      12       0
 38  10   7   5
  0.0000  0.0146  0.0382  0.1107  0.1372  0.1545  0.5000
       6       5       6      12      16      12       0
  0.0000  0.0155  0.0382  0.0657  0.5000
       6       5       6      12       0
 39   1   5   5
  0.0000  0.0155  0.0382  0.0657  0.5000
       6       5       6      12       0
  0.0000  0.0155  0.0382  0.0657  0.5000
       6       5       6      12       0
 39   2   6   5
  0.0000  0.0382  0.1107  0.1372  0.1545  0.5000
       5       6      12      16      12       0
  0.0000  0.0146  0.0382  0.1107  0.5000
       6       5       6      12       0
 39   3   5   5
  0.0000  0.0146  0.0382  0.1107  0.5000
       6       5       6      12       0
  0.0000  0.0072  0.0382  0.1107  0.5000
       6       5       6      12       0
 39   4   5   8
  0.0000  0.0155  0.0382  0.0657  0.5000
       6       5       6      12       0
  0.0000  0.0082  0.0146  0.0382  0.1107  0.1372  0.1545  0.5000
       5       6       5       6      12      16      12       0
 39   5   5   5
  0.0000  0.0146  0.0382  0.1107  0.5000
       6       5       6      12       0
  0.0000  0.0072  0.0382  0.1107  0.5000
       6       5       6      12       0
 39   6   5   8
  0.0000  0.0072  0.0382  0.1107  0.5000
       6       5       6      12       0
  0.0000  0.0074  0.0155  0.0382  0.0657  0.0831  0.1107  0.5000
       5       6       5       6      12       6      12       0
 39   7   8   5
  0.0000  0.0082  0.0146  0.0382  0.1107  0.1372  0.1545  0.5000
       5       6       5       6      12      16      12       0
  0.0000  0.0155  0.0382  0.0657  0.5000
       6       5       6      12       0
 39   8   5   5
  0.0000  0.0146  0.0382  0.1107  0.5000
       6       5       6      12       0
  0.0000  0.0146  0.0382  0.1107  0.5000
       6       5       6      12       0
 39   9   6   5
  0.0000  0.0104  0.0146  0.0382  0.1107  0.5000
       5       6       5       6      12       0
  0.0000  0.0155  0.0382  0.0657  0.5000
       6       5       6      12       0
 39  10   7   6
  0.0000  0.0146  0.0382  0.1107  0.1372  0.1545  0.5000
       6       5       6      12      16      12       0
  0.0000  0.0382  0.1107  0.1372  0.1545  0.5000
       5       6      12      16      12       0
 40   1   6   8
  0.0000  0.0104  0.0146  0.0382  0.1107  0.5000
       5       6       5       6      12       0
  0.0000  0.0074  0.0155  0.0382  0.0657  0.0831  0.1107  0.5000
       5       6       5       6      12       6      12       0
 40   2   5   5
  0.0000  0.0155  0.0382  0.0657  0.5000
       6       5       6      12       0
  0.0000  0.0146  0.0382  0.1107  0.5000
       6       5       6      12       0
 40   3   5   5
  0.0000  0.0146  0.0382  0.1107  0.5000
       6       5       6      12       0
  0.0000  0.0146  0.0382  0.1107  0.5000
       6       5       6      12       0
 40   4   8   6
  0.0000  0.0082  0.0146  0.0382  0.1107  0.1372  0.1545  0.5000
       5       6       5       6      12      16      12       0
  0.0000  0.0082  0.0146  0.0382  0.0657  0.5000
       5       6       5       6      12       0
 40   5   5   5
  0.0000  0.0155  0.0382  0.0657  0.5000
       6       5       6      12       0
  0.0000  0.0072  0.0382  0.1107  0.5000
       6       5       6      12       0
 40   6   5   5
  0.0000  0.0155  0.0382  0.0657  0.5000
       6       5       6      12       0
  0.0000  0.0155  0.0382  0.0657  0.5000
       6       5       6      12       0
 40   7   5   5
  0.0000  0.0146  0.0382  0.1107  0.5000
       6       5       6      12       0
  0.0000  0.0155  0.0382  0.0657  0.5000
       6       5       6      12       0
 40   8   5   6
  0.0000  0.0155  0.0382  0.0657  0.5000
       6       5       6      12       0
  0.0000  0.0382  0.1107  0.1372  0.1545  0.5000
       5       6      12      16      12       0
 40   9   5   5
  0.0000  0.0155  0.0382  0.0657  0.5000
       6       5       6      12       0
  0.0000  0.0072  0.0382  0.1107  0.5000
       6       5       6      12       0
 40  10   7   5
  0.0000  0.0146  0.0382  0.1107  0.1372  0.1545  0.5000
       6       5       6      12      16      12       0
  0.0000  0.0146  0.0382  0.1107  0.5000
       6       5       6      12       0
