  0   1   2   2
  0.0000  0.5000
       1       0
  0.0000  0.5000
       2       0
  0   2   2   2
  0.0000  0.5000
       3       0
  0.0000  0.5000
       4       0
  0   3   2   2
  0.0000  0.5000
       5       0
  0.0000  0.5000
       6       0
  0   4   2   2
  0.0000  0.5000
       7       0
  0.0000  0.5000
       8       0
  0   5   2   2
  0.0000  0.5000
       9       0
  0.0000  0.5000
      10       0
  0   6   2   2
  0.0000  0.5000
      11       0
  0.0000  0.5000
      12       0
  0   7   2   2
  0.0000  0.5000
      13       0
  0.0000  0.5000
      14       0
  0   8   2   2
  0.0000  0.5000
      15       0
  0.0000  0.5000
      16       0
  0   9   2   2
  0.0000  0.5000
      17       0
  0.0000  0.5000
      18       0
  0  10   2   2
  0.0000  0.5000
      19       0
  0.0000  0.5000
      20       0
  1   1   2   3
  0.0000  0.5000
       6       0
  0.0000  0.3694  0.5000
      12      11       0
  1   2   2   3
  0.0000  0.5000
      12       0
  0.0000  0.4850  0.5000
      10       9       0
  1   3   2   3
  0.0000  0.5000
      12       0
  0.0000  0.2781  0.5000
      15      16       0
  1   4   2   2
  0.0000  0.5000
       2       0
  0.0000  0.5000
       6       0
  1   5   2   2
  0.0000  0.5000
      20       0
  0.0000  0.5000
      13       0
  1   6   3   4
  0.0000  0.1637  0.5000
       2       1       0
  0.0000  0.0882  0.1932  0.5000
       2       1       2       0
  1   7   2   3
  0.0000  0.5000
      13       0
  0.0000  0.4106  0.5000
      13      14       0
  1   8   2   2
  0.0000  0.5000
       3       0
  0.0000  0.5000
      16       0
  1   9   4   2
  0.0000  0.1549  0.3979  0.5000
      13      14      13       0
  0.0000  0.5000
      17       0
  1  10   2   2
  0.0000  0.5000
      19       0
  0.0000  0.5000
      15       0
  2   1   5   2
  0.0000  0.1549  0.3700  0.4884  0.5000
      13      14      17      13       0
  0.0000  0.5000
       3       0
  2   2   4   2
  0.0000  0.0878  0.1402  0.5000
      17      13      17       0
  0.0000  0.5000
      19       0
  2   3   3   3
  0.0000  0.4106  0.5000
      13      14       0
  0.0000  0.4850  0.5000
      10       9       0
  2   4   3   3
  0.0000  0.2145  0.5000
      15      12       0
  0.0000  0.4271  0.5000
      19      15       0
  2   5   3   2
  0.0000  0.2061  0.5000
       6       2       0
  0.0000  0.5000
      17       0
  2   6   2   4
  0.0000  0.5000
      16       0
  0.0000  0.1549  0.3979  0.5000
      13      14      13       0
  2   7   2   4
  0.0000  0.5000
      12       0
  0.0000  0.0556  0.4600  0.5000
      20      13      20       0
  2   8   3   4
  0.0000  0.2781  0.5000
      15      16       0
  0.0000  0.0882  0.1932  0.5000
       2       1       2       0
  2   9   3   3
  0.0000  0.4475  0.5000
      13      14       0
  0.0000  0.2781  0.5000
      15      16       0
  2  10   3   2
  0.0000  0.3067  0.5000
      20      13       0
  0.0000  0.5000
      13       0
  3   1   3   4
  0.0000  0.4271  0.5000
      19      15       0
  0.0000  0.0882  0.1932  0.5000
       2       1       2       0
  3   2   2   5
  0.0000  0.5000
      13       0
  0.0000  0.0878  0.1402  0.4022  0.5000
      17      13      17      19       0
  3   3   4   5
  0.0000  0.1695  0.2061  0.5000
      17       6       2       0
  0.0000  0.1549  0.2799  0.4997  0.5000
      13      14       3      13       0
  3   4   4   4
  0.0000  0.0882  0.1932  0.5000
       2       1       2       0
  0.0000  0.2061  0.4767  0.5000
       6       2      17       0
  3   5   2   3
  0.0000  0.5000
      16       0
  0.0000  0.3320  0.5000
      17       2       0
  3   6   4   3
  0.0000  0.2061  0.2851  0.5000
       6       2      17       0
  0.0000  0.2061  0.5000
       6       2       0
  3   7   5   2
  0.0000  0.2781  0.2990  0.4475  0.5000
      15      16      13      14       0
  0.0000  0.5000
      16       0
  3   8   5   5
  0.0000  0.4106  0.4761  0.4850  0.5000
      13      14      10       9       0
  0.0000  0.1549  0.3700  0.4884  0.5000
      13      14      17      13       0
  3   9   4   2
  0.0000  0.1549  0.3979  0.5000
      13      14      13       0
  0.0000  0.5000
      16       0
  3  10   4   4
  0.0000  0.0556  0.2633  0.5000
      20      13      12       0
  0.0000  0.0882  0.1932  0.5000
       2       1       2       0
  4   1   4   5
  0.0000  0.1549  0.1906  0.5000
      13      14      16       0
  0.0000  0.2781  0.2990  0.4475  0.5000
      15      16      13      14       0
  4   2   2   5
  0.0000  0.5000
      16       0
  0.0000  0.1549  0.3700  0.4884  0.5000
      13      14      17      13       0
  4   3   2   4
  0.0000  0.5000
      16       0
  0.0000  0.2061  0.2851  0.5000
       6       2      17       0
  4   4   7   5
  0.0000  0.1695  0.2061  0.2072  0.2799  0.4997  0.5000
      17       6       2      14       3      13       0
  0.0000  0.1549  0.2799  0.4997  0.5000
      13      14       3      13       0
  4   5   3   2
  0.0000  0.2061  0.5000
       6       2       0
  0.0000  0.5000
      16       0
  4   6   4   4
  0.0000  0.0882  0.1932  0.5000
       2       1       2       0
  0.0000  0.4295  0.4475  0.5000
      16      13      14       0
  4   7   4   3
  0.0000  0.0283  0.3320  0.5000
      16      17       2       0
  0.0000  0.2061  0.5000
       6       2       0
  4   8   2   4
  0.0000  0.5000
      16       0
  0.0000  0.2061  0.4767  0.5000
       6       2      17       0
  4   9   5   4
  0.0000  0.0882  0.1932  0.4767  0.5000
       2       1       2      17       0
  0.0000  0.2061  0.4315  0.5000
       6       2      17       0
  4  10   4   5
  0.0000  0.0882  0.1932  0.5000
       2       1       2       0
  0.0000  0.1549  0.3700  0.4884  0.5000
      13      14      17      13       0
  5   1   7   3
  0.0000  0.1695  0.2061  0.2072  0.2799  0.4997  0.5000
      17       6       2      14       3      13       0
  0.0000  0.2061  0.5000
       6       2       0
  5   2   4   3
  0.0000  0.2061  0.4315  0.5000
       6       2      17       0
  0.0000  0.2061  0.5000
       6       2       0
  5   3   4   7
  0.0000  0.1241  0.1932  0.5000
      13       1       2       0
  0.0000  0.1695  0.2061  0.2072  0.2799  0.4997  0.5000
      17       6       2      14       3      13       0
  5   4   2   4
  0.0000  0.5000
      16       0
  0.0000  0.2061  0.4767  0.5000
       6       2      17       0
  5   5   2   4
  0.0000  0.5000
      16       0
  0.0000  0.2061  0.4247  0.5000
       6       2      16       0
  5   6   2   4
  0.0000  0.5000
      16       0
  0.0000  0.2061  0.2851  0.5000
       6       2      17       0
  5   7   5   2
  0.0000  0.0649  0.4295  0.4475  0.5000
       2      16      13      14       0
  0.0000  0.5000
      16       0
  5   8   3   5
  0.0000  0.2061  0.5000
       6       2       0
  0.0000  0.0882  0.1932  0.4767  0.5000
       2       1       2      17       0
  5   9   2   5
  0.0000  0.5000
      16       0
  0.0000  0.1662  0.1932  0.4767  0.5000
       6       1       2      17       0
  5  10   4   5
  0.0000  0.2061  0.2851  0.5000
       6       2      17       0
  0.0000  0.0882  0.1932  0.4767  0.5000
       2       1       2      17       0
  6   1   5   4
  0.0000  0.0882  0.1932  0.4767  0.5000
       2       1       2      17       0
  0.0000  0.2061  0.2798  0.5000
       6       2      16       0
  6   2   6   5
  0.0000  0.1241  0.1932  0.3253  0.4997  0.5000
      13       1       2       3      13       0
  0.0000  0.0882  0.1932  0.4767  0.5000
       2       1       2      17       0
  6   3   4   4
  0.0000  0.2548  0.3177  0.5000
      16       2      16       0
  0.0000  0.2061  0.4315  0.5000
       6       2      17       0
  6   4   7   5
  0.0000  0.1695  0.2061  0.2072  0.2799  0.4997  0.5000
      17       6       2      14       3      13       0
  0.0000  0.0882  0.1932  0.4767  0.5000
       2       1       2      17       0
  6   5   5   4
  0.0000  0.2413  0.2851  0.4583  0.5000
      16       2      17      16       0
  0.0000  0.1318  0.2061  0.5000
      17       6       2       0
  6   6   3   3
  0.0000  0.2061  0.5000
       6       2       0
  0.0000  0.2061  0.5000
       6       2       0
  6   7   2   2
  0.0000  0.5000
      16       0
  0.0000  0.5000
      16       0
  6   8   2   3
  0.0000  0.5000
      16       0
  0.0000  0.2061  0.5000
       6       2       0
  6   9   5   5
  0.0000  0.0649  0.4295  0.4475  0.5000
       2      16      13      14       0
  0.0000  0.1662  0.1932  0.4767  0.5000
       6       1       2      17       0
  6  10   6   4
  0.0000  0.1695  0.2061  0.2072  0.2516  0.5000
      17       6       2      14       2       0
  0.0000  0.2061  0.4315  0.5000
       6       2      17       0
  7   1   4   5
  0.0000  0.1962  0.4767  0.5000
       6       2      17       0
  0.0000  0.2413  0.2851  0.2852  0.5000
      16       2      17       2       0
  7   2   5   4
  0.0000  0.2413  0.2851  0.4583  0.5000
      16       2      17      16       0
  0.0000  0.1318  0.2061  0.5000
      17       6       2       0
  7   3   5   5
  0.0000  0.0882  0.1932  0.4767  0.5000
       2       1       2      17       0
  0.0000  0.0882  0.1932  0.4767  0.5000
       2       1       2      17       0
  7   4   7   2
  0.0000  0.1241  0.1932  0.3253  0.4249  0.4767  0.5000
      13       1       2       3       2      17       0
  0.0000  0.5000
      16       0
  7   5   4   2
  0.0000  0.2061  0.4315  0.5000
       6       2      17       0
  0.0000  0.5000
      16       0
  7   6   5   4
  0.0000  0.0580  0.1318  0.2061  0.5000
      16      17       6       2       0
  0.0000  0.2548  0.3177  0.5000
      16       2      16       0
  7   7   5   5
  0.0000  0.2413  0.2851  0.4583  0.5000
      16       2      17      16       0
  0.0000  0.2548  0.3177  0.4430  0.5000
      16       2      16      17       0
  7   8   4   3
  0.0000  0.2061  0.4315  0.5000
       6       2      17       0
  0.0000  0.2061  0.5000
       6       2       0
  7   9   5   8
  0.0000  0.0882  0.1932  0.4767  0.5000
       2       1       2      17       0
  0.0000  0.0882  0.1932  0.2635  0.2799  0.3712  0.4767  0.5000
       2       1       2      14       3       2      17       0
  7  10   6   2
  0.0000  0.1695  0.2061  0.2072  0.2516  0.5000
      17       6       2      14       2       0
  0.0000  0.5000
      16       0
  8   1   3   5
  0.0000  0.2061  0.5000
       6       2       0
  0.0000  0.2548  0.3177  0.4430  0.5000
      16       2      16      17       0
  8   2   5   5
  0.0000  0.2413  0.2851  0.2852  0.5000
      16       2      17       2       0
  0.0000  0.2413  0.2851  0.4583  0.5000
      16       2      17      16       0
  8   3   5   3
  0.0000  0.2061  0.4315  0.4573  0.5000
       6       2      17      16       0
  0.0000  0.2928  0.5000
      16       2       0
  8   4   5   2
  0.0000  0.2548  0.3174  0.4583  0.5000
      16       2      17      16       0
  0.0000  0.5000
      16       0
  8   5   3   6
  0.0000  0.2061  0.5000
       6       2       0
  0.0000  0.1695  0.2061  0.2072  0.2516  0.5000
      17       6       2      14       2       0
  8   6   5   4
  0.0000  0.0882  0.1932  0.4767  0.5000
       2       1       2      17       0
  0.0000  0.2061  0.4315  0.5000
       6       2      17       0
  8   7   7   8
  0.0000  0.1241  0.1932  0.3253  0.4249  0.4767  0.5000
      13       1       2       3       2      17       0
  0.0000  0.0882  0.1932  0.2635  0.2799  0.3712  0.4767  0.5000
       2       1       2      14       3       2      17       0
  8   8   2   4
  0.0000  0.5000
      16       0
  0.0000  0.2061  0.4315  0.5000
       6       2      17       0
  8   9   4   5
  0.0000  0.2061  0.4315  0.5000
       6       2      17       0
  0.0000  0.0882  0.1932  0.4767  0.5000
       2       1       2      17       0
  8  10   7   6
  0.0000  0.1241  0.1932  0.3253  0.4249  0.4767  0.5000
      13       1       2       3       2      17       0
  0.0000  0.0580  0.1318  0.2061  0.4858  0.5000
      16      17       6       2      16       0
  9   1   8   7
  0.0000  0.1241  0.1932  0.2635  0.2799  0.3712  0.4767  0.5000
      13       1       2      14       3       2      17       0
  0.0000  0.0307  0.2061  0.4315  0.4398  0.4767  0.5000
       2       6       2      17       2      17       0
  9   2   5   5
  0.0000  0.2548  0.3174  0.4583  0.5000
      16       2      17      16       0
  0.0000  0.2061  0.4315  0.4573  0.5000
       6       2      17      16       0
  9   3   3   7
  0.0000  0.2061  0.5000
       6       2       0
  0.0000  0.1241  0.1932  0.3253  0.4249  0.4767  0.5000
      13       1       2       3       2      17       0
  9   4   5   6
  0.0000  0.0882  0.1932  0.4767  0.5000
       2       1       2      17       0
  0.0000  0.1695  0.2061  0.2072  0.2516  0.5000
      17       6       2      14       2       0
  9   5   4   3
  0.0000  0.2061  0.4315  0.5000
       6       2      17       0
  0.0000  0.2928  0.5000
      16       2       0
  9   6   6   7
  0.0000  0.0882  0.0951  0.2061  0.4767  0.5000
       2       1       6       2      17       0
  0.0000  0.1241  0.1932  0.3253  0.4249  0.4767  0.5000
      13       1       2       3       2      17       0
  9   7   5   6
  0.0000  0.0284  0.2061  0.4315  0.5000
       2       6       2      17       0
  0.0000  0.0580  0.1318  0.2061  0.4858  0.5000
      16      17       6       2      16       0
  9   8   4   4
  0.0000  0.2061  0.4315  0.5000
       6       2      17       0
  0.0000  0.2061  0.4315  0.5000
       6       2      17       0
  9   9   7   3
  0.0000  0.1241  0.1932  0.3253  0.4249  0.4767  0.5000
      13       1       2       3       2      17       0
  0.0000  0.2061  0.5000
       6       2       0
  9  10   5   2
  0.0000  0.2061  0.4315  0.4573  0.5000
       6       2      17      16       0
  0.0000  0.5000
      16       0
 10   1   5   3
  0.0000  0.2548  0.3174  0.4583  0.5000
      16       2      17      16       0
  0.0000  0.2928  0.5000
      16       2       0
 10   2   5   6
  0.0000  0.0284  0.2061  0.4315  0.5000
       2       6       2      17       0
  0.0000  0.0882  0.0951  0.2061  0.4767  0.5000
       2       1       6       2      17       0
 10   3   5   9
  0.0000  0.2061  0.4315  0.4573  0.5000
       6       2      17      16       0
  0.0000  0.0307  0.2061  0.3533  0.3712  0.4315  0.4398  0.4767  0.5000
       2       6       2       3       2      17       2      17       0
 10   4   4   4
  0.0000  0.2061  0.4315  0.5000
       6       2      17       0
  0.0000  0.2061  0.4315  0.5000
       6       2      17       0
 10   5   8   6
  0.0000  0.1241  0.1367  0.2061  0.3743  0.4249  0.4767  0.5000
      13       1       6       2       3       2      17       0
  0.0000  0.1999  0.2061  0.3174  0.4583  0.5000
      16       6       2      17      16       0
 10   6   3   8
  0.0000  0.2061  0.5000
       6       2       0
  0.0000  0.0946  0.2061  0.2502  0.2548  0.3174  0.4583  0.5000
      16       6       2      16       2      17      16       0
 10   7   7   4
  0.0000  0.1241  0.1932  0.3253  0.4249  0.4767  0.5000
      13       1       2       3       2      17       0
  0.0000  0.1569  0.2928  0.5000
       6      16       2       0
 10   8   4   4
  0.0000  0.2061  0.4315  0.5000
       6       2      17       0
  0.0000  0.2061  0.4315  0.5000
       6       2      17       0
 10   9   5   6
  0.0000  0.2548  0.3174  0.4583  0.5000
      16       2      17      16       0
  0.0000  0.1835  0.2548  0.3174  0.4583  0.5000
       6      16       2      17      16       0
 10  10   4   4
  0.0000  0.2061  0.4315  0.5000
       6       2      17       0
  0.0000  0.1195  0.2061  0.5000
      13       6       2       0
 11   1   5   4
  0.0000  0.2548  0.3174  0.4583  0.5000
      16       2      17      16       0
  0.0000  0.2061  0.4315  0.5000
       6       2      17       0
 11   2   9   5
  0.0000  0.0307  0.2061  0.3533  0.3712  0.4315  0.4398  0.4767  0.5000
       2       6       2       3       2      17       2      17       0
  0.0000  0.1195  0.2061  0.4466  0.5000
      13       6       2      17       0
 11   3   3   6
  0.0000  0.2061  0.5000
       6       2       0
  0.0000  0.2061  0.4315  0.4398  0.4767  0.5000
       6       2      17       2      17       0
 11   4   4   8
  0.0000  0.1569  0.2928  0.5000
       6      16       2       0
  0.0000  0.1241  0.1367  0.2061  0.3743  0.4249  0.4767  0.5000
      13       1       6       2       3       2      17       0
 11   5   5   4
  0.0000  0.2548  0.3174  0.4583  0.5000
      16       2      17      16       0
  0.0000  0.2061  0.4315  0.5000
       6       2      17       0
 11   6   4   4
  0.0000  0.2061  0.4315  0.5000
       6       2      17       0
  0.0000  0.2061  0.4315  0.5000
       6       2      17       0
 11   7   4   5
  0.0000  0.2061  0.4315  0.5000
       6       2      17       0
  0.0000  0.2548  0.3174  0.4583  0.5000
      16       2      17      16       0
 11   8   4   7
  0.0000  0.2061  0.4315  0.5000
       6       2      17       0
  0.0000  0.1241  0.1932  0.3253  0.4249  0.4767  0.5000
      13       1       2       3       2      17       0
 11   9   3   5
  0.0000  0.2928  0.5000
      16       2       0
  0.0000  0.2061  0.4315  0.4573  0.5000
       6       2      17      16       0
 11  10   4   8
  0.0000  0.2061  0.4315  0.5000
       6       2      17       0
  0.0000  0.0946  0.2061  0.2502  0.2548  0.3174  0.4583  0.5000
      16       6       2      16       2      17      16       0
 12   1   7   4
  0.0000  0.1241  0.1932  0.3253  0.4002  0.4315  0.5000
      13       1       2       3       2      17       0
  0.0000  0.2061  0.4315  0.5000
       6       2      17       0
 12   2   6   3
  0.0000  0.2061  0.3174  0.3446  0.4315  0.5000
       6       2      17       2      17       0
  0.0000  0.2061  0.5000
       6       2       0
 12   3   5   8
  0.0000  0.2061  0.3975  0.4583  0.5000
       6       2      17      16       0
  0.0000  0.1241  0.1367  0.2061  0.3743  0.4249  0.4767  0.5000
      13       1       6       2       3       2      17       0
 12   4   4   9
  0.0000  0.2061  0.4315  0.5000
       6       2      17       0
  0.0000  0.0307  0.2061  0.3533  0.3712  0.4315  0.4398  0.4767  0.5000
       2       6       2       3       2      17       2      17       0
 12   5   4   4
  0.0000  0.2061  0.4315  0.5000
       6       2      17       0
  0.0000  0.2061  0.4315  0.5000
       6       2      17       0
 12   6   7   7
  0.0000  0.1241  0.1932  0.3253  0.4249  0.4767  0.5000
      13       1       2       3       2      17       0
  0.0000  0.1241  0.1367  0.2061  0.3743  0.4249  0.5000
      13       1       6       2       3       2       0
 12   7   4   5
  0.0000  0.2061  0.4315  0.5000
       6       2      17       0
  0.0000  0.0526  0.2061  0.4315  0.5000
      16       6       2      17       0
 12   8   3   7
  0.0000  0.2061  0.5000
       6       2       0
  0.0000  0.1241  0.1932  0.3253  0.4249  0.4767  0.5000
      13       1       2       3       2      17       0
 12   9   5   5
  0.0000  0.1586  0.2061  0.4315  0.5000
      16       6       2      17       0
  0.0000  0.2548  0.3174  0.4583  0.5000
      16       2      17      16       0
 12  10   8   4
  0.0000  0.1241  0.1367  0.2061  0.3743  0.4249  0.4767  0.5000
      13       1       6       2       3       2      17       0
  0.0000  0.2061  0.4315  0.5000
       6       2      17       0
 13   1   3   4
  0.0000  0.2061  0.5000
       6       2       0
  0.0000  0.2061  0.4315  0.5000
       6       2      17       0
 13   2   5   3
  0.0000  0.0526  0.2061  0.4315  0.5000
      16       6       2      17       0
  0.0000  0.2061  0.5000
       6       2       0
 13   3   8   7
  0.0000  0.2061  0.3533  0.3712  0.4315  0.4398  0.4767  0.5000
       6       2       3       2      17       2      17       0
  0.0000  0.1241  0.1367  0.2061  0.3743  0.4249  0.5000
      13       1       6       2       3       2       0
 13   4   4   7
  0.0000  0.2061  0.4315  0.5000
       6       2      17       0
  0.0000  0.1241  0.1932  0.3253  0.4249  0.4767  0.5000
      13       1       2       3       2      17       0
 13   5   8   3
  0.0000  0.1241  0.1367  0.2061  0.3743  0.4249  0.4767  0.5000
      13       1       6       2       3       2      17       0
  0.0000  0.2061  0.5000
       6       2       0
 13   6   7   7
  0.0000  0.1241  0.1591  0.2061  0.3743  0.4249  0.5000
      13       1       6       2       3       2       0
  0.0000  0.1241  0.1932  0.3253  0.4249  0.4767  0.5000
      13       1       2       3       2      17       0
 13   7   7   5
  0.0000  0.1241  0.1367  0.2061  0.3743  0.4249  0.5000
      13       1       6       2       3       2       0
  0.0000  0.2548  0.3174  0.4583  0.5000
      16       2      17      16       0
 13   8   8   4
  0.0000  0.1241  0.1367  0.2061  0.3743  0.4249  0.4767  0.5000
      13       1       6       2       3       2      17       0
  0.0000  0.2061  0.4315  0.5000
       6       2      17       0
 13   9   9   5
  0.0000  0.0010  0.1241  0.1367  0.2061  0.3743  0.4249  0.4767  0.5000
       6      13       1       6       2       3       2      17       0
  0.0000  0.2548  0.3174  0.4583  0.5000
      16       2      17      16       0
 13  10   6   4
  0.0000  0.1241  0.1633  0.2061  0.4315  0.5000
      13       1       6       2      17       0
  0.0000  0.2061  0.4315  0.5000
       6       2      17       0
 14   1  10   4
  0.0000  0.1241  0.1367  0.2061  0.3533  0.3712  0.4315  0.4398  0.4767  0.5000
      13       1       6       2       3       2      17       2      17       0


  0.0000  0.0526  0.2061  0.5000
      16       6       2       0
 14   2   9   9
  0.0000  0.0332  0.1241  0.1367  0.2061  0.3743  0.4249  0.4767  0.5000
       6      13       1       6       2       3       2      17       0
  0.0000  0.0010  0.1241  0.1367  0.2061  0.3743  0.4249  0.4767  0.5000
       6      13       1       6       2       3       2      17       0
 14   3   8   5
  0.0000  0.1241  0.1367  0.2061  0.3743  0.4249  0.4767  0.5000
      13       1       6       2       3       2      17       0
  0.0000  0.2548  0.3174  0.4412  0.5000
      16       2      17       2       0
 14   4   4   8
  0.0000  0.2061  0.4315  0.5000
       6       2      17       0
  0.0000  0.1241  0.1367  0.2061  0.3743  0.4249  0.4485  0.5000
      13       1       6       2       3       2      17       0
 14   5   4   9
  0.0000  0.2061  0.4315  0.5000
       6       2      17       0
  0.0000  0.1085  0.1241  0.1367  0.2061  0.3743  0.4249  0.4767  0.5000
       6      13       1       6       2       3       2      17       0
 14   6   4   4
  0.0000  0.0526  0.2061  0.5000
      16       6       2       0
  0.0000  0.2061  0.4315  0.5000
       6       2      17       0
 14   7   5   5
  0.0000  0.2548  0.3174  0.4583  0.5000
      16       2      17      16       0
  0.0000  0.2548  0.3174  0.4583  0.5000
      16       2      17      16       0
 14   8   7   4
  0.0000  0.1241  0.1932  0.3253  0.4249  0.4767  0.5000
      13       1       2       3       2      17       0
  0.0000  0.2061  0.4315  0.5000
       6       2      17       0
 14   9   4   3
  0.0000  0.2061  0.4315  0.5000
       6       2      17       0
  0.0000  0.2061  0.5000
       6       2       0
 14  10   7   7
  0.0000  0.1241  0.1591  0.2061  0.3743  0.4249  0.5000
      13       1       6       2       3       2       0
  0.0000  0.1241  0.1367  0.2061  0.3743  0.4249  0.5000
      13       1       6       2       3       2       0
 15   1   5   4
  0.0000  0.2548  0.3174  0.4583  0.5000
      16       2      17      16       0
  0.0000  0.2061  0.4315  0.5000
       6       2      17       0
 15   2   5   8
  0.0000  0.2548  0.3174  0.4583  0.5000
      16       2      17      16       0
  0.0000  0.1241  0.1367  0.2061  0.3743  0.4249  0.4485  0.5000
      13       1       6       2       3       2      17       0
 15   3   4  10
  0.0000  0.2061  0.4315  0.5000
       6       2      17       0
  0.0000  0.1241  0.1367  0.2061  0.3533  0.3712  0.4315  0.4398  0.4767  0.5000
      13       1       6       2       3       2      17       2      17       0


 15   4   9   4
  0.0000  0.0332  0.1241  0.1367  0.2061  0.3743  0.4249  0.4767  0.5000
       6      13       1       6       2       3       2      17       0
  0.0000  0.2061  0.4315  0.5000
       6       2      17       0
 15   5   4   5
  0.0000  0.2061  0.4315  0.5000
       6       2      17       0
  0.0000  0.0526  0.2061  0.4315  0.5000
      16       6       2      17       0
 15   6   3   9
  0.0000  0.2061  0.5000
       6       2       0
  0.0000  0.1085  0.1241  0.1367  0.2061  0.3743  0.4249  0.4767  0.5000
       6      13       1       6       2       3       2      17       0
 15   7   4   4
  0.0000  0.2061  0.4315  0.5000
       6       2      17       0
  0.0000  0.2061  0.4315  0.5000
       6       2      17       0
 15   8   9   4
  0.0000  0.0332  0.1241  0.1367  0.2061  0.3743  0.4249  0.4767  0.5000
       6      13       1       6       2       3       2      17       0
  0.0000  0.2061  0.4315  0.5000
       6       2      17       0
 15   9   7   9
  0.0000  0.1241  0.1367  0.2061  0.3533  0.3712  0.5000
      13       1       6       2       3       2       0
  0.0000  0.0332  0.1241  0.1367  0.2061  0.3743  0.4249  0.4767  0.5000
       6      13       1       6       2       3       2      17       0
 15  10   5   4
  0.0000  0.2548  0.3174  0.4583  0.5000
      16       2      17      16       0
  0.0000  0.2061  0.4315  0.5000
       6       2      17       0
 16   1   9   3
  0.0000  0.0332  0.1241  0.1367  0.2061  0.3743  0.4249  0.4767  0.5000
       6      13       1       6       2       3       2      17       0
  0.0000  0.2061  0.5000
       6       2       0
 16   2   5   8
  0.0000  0.2548  0.3174  0.4583  0.5000
      16       2      17      16       0
  0.0000  0.1241  0.1367  0.2061  0.3743  0.4249  0.4485  0.5000
      13       1       6       2       3       2      17       0
 16   3   3   4
  0.0000  0.2061  0.5000
       6       2       0
  0.0000  0.2061  0.4315  0.5000
       6       2      17       0
 16   4   4   6
  0.0000  0.2061  0.4315  0.5000
       6       2      17       0
  0.0000  0.0237  0.2548  0.3174  0.4583  0.5000
       6      16       2      17      16       0
 16   5   4   4
  0.0000  0.2061  0.4315  0.5000
       6       2      17       0
  0.0000  0.2061  0.4315  0.5000
       6       2      17       0
 16   6   4   6
  0.0000  0.2061  0.4315  0.5000
       6       2      17       0
  0.0000  0.0332  0.0962  0.2061  0.4315  0.5000
       6      13       6       2      17       0
 16   7   5   4
  0.0000  0.2548  0.3174  0.4583  0.5000
      16       2      17      16       0
  0.0000  0.2061  0.4315  0.5000
       6       2      17       0
 16   8   4   4
  0.0000  0.2061  0.4315  0.5000
       6       2      17       0
  0.0000  0.2061  0.4315  0.5000
       6       2      17       0
 16   9  10   4
  0.0000  0.1241  0.1367  0.2061  0.3174  0.3579  0.3743  0.4249  0.4485  0.5000
      13       1       6       2      17       2       3       2      17       0


  0.0000  0.2061  0.4315  0.5000
       6       2      17       0
 16  10   6   6
  0.0000  0.1241  0.1367  0.2061  0.4315  0.5000
      13       1       6       2      17       0
  0.0000  0.1767  0.2061  0.3662  0.4583  0.5000
      16       6       2      17      16       0
 17   1   4   3
  0.0000  0.2061  0.4315  0.5000
       6       2      17       0
  0.0000  0.2061  0.5000
       6       2       0
 17   2   6   6
  0.0000  0.0332  0.0962  0.2061  0.4315  0.5000
       6      13       6       2      17       0
  0.0000  0.1241  0.1367  0.2061  0.4315  0.5000
      13       1       6       2      17       0
 17   3   4   9
  0.0000  0.2061  0.4315  0.5000
       6       2      17       0
  0.0000  0.0332  0.1241  0.1367  0.2061  0.3743  0.4249  0.4767  0.5000
       6      13       1       6       2       3       2      17       0
 17   4   4   4
  0.0000  0.2061  0.4315  0.5000
       6       2      17       0
  0.0000  0.2061  0.4315  0.5000
       6       2      17       0
 17   5   4   6
  0.0000  0.2061  0.4315  0.5000
       6       2      17       0
  0.0000  0.0332  0.0962  0.2061  0.4315  0.5000
       6      13       6       2      17       0
 17   6   4   8
  0.0000  0.2061  0.4315  0.5000
       6       2      17       0
  0.0000  0.0332  0.1074  0.2061  0.3743  0.4249  0.4767  0.5000
       6      13       6       2       3       2      17       0
 17   7   4   5
  0.0000  0.2061  0.4315  0.5000
       6       2      17       0
  0.0000  0.2061  0.4180  0.4583  0.5000
       6       2      17      16       0
 17   8   4   4
  0.0000  0.2061  0.4315  0.5000
       6       2      17       0
  0.0000  0.2061  0.4315  0.5000
       6       2      17       0
 17   9   4   8
  0.0000  0.2061  0.4315  0.5000
       6       2      17       0
  0.0000  0.1241  0.1367  0.1570  0.2548  0.3174  0.4583  0.5000
      13       1       6      16       2      17      16       0
 17  10   4   4
  0.0000  0.2061  0.4315  0.5000
       6       2      17       0
  0.0000  0.2061  0.4315  0.5000
       6       2      17       0
 18   1   4   4
  0.0000  0.2061  0.4315  0.5000
       6       2      17       0
  0.0000  0.2061  0.4315  0.5000
       6       2      17       0
 18   2   9   5
  0.0000  0.0332  0.1241  0.1367  0.2061  0.3743  0.4249  0.4767  0.5000
       6      13       1       6       2       3       2      17       0
  0.0000  0.0962  0.2061  0.4315  0.5000
      13       6       2      17       0
 18   3   4   4
  0.0000  0.2061  0.4315  0.5000
       6       2      17       0
  0.0000  0.2061  0.4315  0.5000
       6       2      17       0
 18   4   5   4
  0.0000  0.2061  0.4180  0.4583  0.5000
       6       2      17      16       0
  0.0000  0.2061  0.4315  0.5000
       6       2      17       0
 18   5   6   3
  0.0000  0.2061  0.3743  0.4249  0.4767  0.5000
       6       2       3       2      17       0
  0.0000  0.2061  0.5000
       6       2       0
 18   6   8   4
  0.0000  0.0332  0.0435  0.2061  0.3760  0.4249  0.4767  0.5000
       6      13       6       2       3       2      17       0
  0.0000  0.2061  0.4315  0.5000
       6       2      17       0
 18   7   4   4
  0.0000  0.2061  0.4315  0.5000
       6       2      17       0
  0.0000  0.2061  0.4315  0.5000
       6       2      17       0
 18   8   3   6
  0.0000  0.2061  0.5000
       6       2       0
  0.0000  0.2061  0.4108  0.4249  0.4767  0.5000
       6       2       3       2      17       0
 18   9   8   4
  0.0000  0.0954  0.2061  0.2295  0.2548  0.3174  0.4583  0.5000
      13       6       2      16       2      17      16       0
  0.0000  0.2061  0.4315  0.5000
       6       2      17       0
 18  10   4   4
  0.0000  0.2061  0.4180  0.5000
       6       2      17       0
  0.0000  0.2061  0.4315  0.5000
       6       2      17       0
 19   1   8   6
  0.0000  0.0332  0.0435  0.2061  0.3760  0.4249  0.4767  0.5000
       6      13       6       2       3       2      17       0
  0.0000  0.2061  0.4108  0.4249  0.4767  0.5000
       6       2       3       2      17       0
 19   2   4   4
  0.0000  0.2061  0.4315  0.5000
       6       2      17       0
  0.0000  0.2061  0.4315  0.5000
       6       2      17       0
 19   3   4   5
  0.0000  0.2061  0.4315  0.5000
       6       2      17       0
  0.0000  0.0239  0.2061  0.4315  0.5000
      13       6       2      17       0
 19   4   4   5
  0.0000  0.2061  0.4315  0.5000
       6       2      17       0
  0.0000  0.2061  0.4180  0.4583  0.5000
       6       2      17      16       0
 19   5   6   6
  0.0000  0.2061  0.3760  0.4249  0.4767  0.5000
       6       2       3       2      17       0
  0.0000  0.2061  0.4315  0.4732  0.4767  0.5000
       6       2      17       2      17       0
 19   6   5   3
  0.0000  0.2061  0.4180  0.4583  0.5000
       6       2      17      16       0
  0.0000  0.2061  0.5000
       6       2       0
 19   7   6   4
  0.0000  0.2061  0.3743  0.4249  0.4767  0.5000
       6       2       3       2      17       0
  0.0000  0.2061  0.4315  0.5000
       6       2      17       0
 19   8   3   4
  0.0000  0.2061  0.5000
       6       2       0
  0.0000  0.2061  0.4315  0.5000
       6       2      17       0
 19   9   4   4
  0.0000  0.2061  0.4315  0.5000
       6       2      17       0
  0.0000  0.2061  0.4315  0.5000
       6       2      17       0
 19  10   4   4
  0.0000  0.2061  0.4315  0.5000
       6       2      17       0
  0.0000  0.2061  0.4315  0.5000
       6       2      17       0
 20   1   4   5
  0.0000  0.2061  0.4315  0.5000
       6       2      17       0
  0.0000  0.0239  0.2061  0.4315  0.5000
      13       6       2      17       0
 20   2   4   3
  0.0000  0.2061  0.4315  0.5000
       6       2      17       0
  0.0000  0.2061  0.5000
       6       2       0
 20   3   4   5
  0.0000  0.2061  0.4315  0.5000
       6       2      17       0
  0.0000  0.2061  0.4180  0.4583  0.5000
       6       2      17      16       0
 20   4   4   6
  0.0000  0.2061  0.4315  0.5000
       6       2      17       0
  0.0000  0.2061  0.3760  0.4249  0.4767  0.5000
       6       2       3       2      17       0
 20   5   6   4
  0.0000  0.0001  0.0239  0.2061  0.4315  0.5000
       6      13       6       2      17       0
  0.0000  0.2061  0.4315  0.5000
       6       2      17       0
 20   6   6   4
  0.0000  0.2061  0.3743  0.4249  0.4743  0.5000
       6       2       3       2      17       0
  0.0000  0.2061  0.4315  0.5000
       6       2      17       0
 20   7   4   6
  0.0000  0.2061  0.4315  0.5000
       6       2      17       0
  0.0000  0.2061  0.3743  0.4249  0.4767  0.5000
       6       2       3       2      17       0
 20   8   6   4
  0.0000  0.2061  0.3743  0.4249  0.4767  0.5000
       6       2       3       2      17       0
  0.0000  0.2061  0.4315  0.5000
       6       2      17       0
 20   9   4   6
  0.0000  0.2061  0.4315  0.5000
       6       2      17       0
  0.0000  0.2061  0.3760  0.4249  0.4767  0.5000
       6       2       3       2      17       0
 20  10   5   4
  0.0000  0.2061  0.4180  0.4583  0.5000
       6       2      17      16       0
  0.0000  0.2061  0.4315  0.5000
       6       2      17       0
 21   1   5   4
  0.0000  0.0239  0.2061  0.4315  0.5000
      13       6       2      17       0
  0.0000  0.2061  0.4315  0.5000
       6       2      17       0
 21   2   6   4
  0.0000  0.2061  0.3743  0.4249  0.4767  0.5000
       6       2       3       2      17       0
  0.0000  0.2061  0.4315  0.5000
       6       2      17       0
 21   3   4   4
  0.0000  0.2061  0.4315  0.5000
       6       2      17       0
  0.0000  0.2061  0.4315  0.5000
       6       2      17       0
 21   4   5   5
  0.0000  0.2061  0.4180  0.4583  0.5000
       6       2      17      16       0
  0.0000  0.2061  0.4180  0.4583  0.5000
       6       2      17      16       0
 21   5   4   5
  0.0000  0.2061  0.4315  0.5000
       6       2      17       0
  0.0000  0.0239  0.2061  0.4315  0.5000
      13       6       2      17       0
 21   6   4   5
  0.0000  0.2061  0.4315  0.5000
       6       2      17       0
  0.0000  0.2061  0.4180  0.4583  0.5000
       6       2      17      16       0
 21   7   6   4
  0.0000  0.2061  0.3743  0.4249  0.4767  0.5000
       6       2       3       2      17       0
  0.0000  0.2061  0.4315  0.5000
       6       2      17       0
 21   8   6   6
  0.0000  0.2061  0.3743  0.4249  0.4767  0.5000
       6       2       3       2      17       0
  0.0000  0.2061  0.3743  0.4249  0.4743  0.5000
       6       2       3       2      17       0
 21   9   4   6
  0.0000  0.2061  0.4315  0.5000
       6       2      17       0
  0.0000  0.2061  0.3743  0.4249  0.4767  0.5000
       6       2       3       2      17       0
 21  10   6   4
  0.0000  0.2061  0.3743  0.4249  0.4767  0.5000
       6       2       3       2      17       0
  0.0000  0.2061  0.4315  0.5000
       6       2      17       0
 22   1   4   6
  0.0000  0.2061  0.4315  0.5000
       6       2      17       0
  0.0000  0.2061  0.3743  0.4249  0.4767  0.5000
       6       2       3       2      17       0
 22   2   4   4
  0.0000  0.2061  0.4315  0.5000
       6       2      17       0
  0.0000  0.2061  0.4315  0.5000
       6       2      17       0
 22   3   6   4
  0.0000  0.2061  0.3743  0.4249  0.4767  0.5000
       6       2       3       2      17       0
  0.0000  0.2061  0.4315  0.5000
       6       2      17       0
 22   4   5   6
  0.0000  0.2061  0.4180  0.4583  0.5000
       6       2      17      16       0
  0.0000  0.2061  0.3743  0.4249  0.4767  0.5000
       6       2       3       2      17       0
 22   5   5   5
  0.0000  0.2061  0.4180  0.4583  0.5000
       6       2      17      16       0
  0.0000  0.0239  0.2061  0.4315  0.5000
      13       6       2      17       0
 22   6   4   6
  0.0000  0.2061  0.4315  0.5000
       6       2      17       0
  0.0000  0.2061  0.3743  0.4249  0.4743  0.5000
       6       2       3       2      17       0
 22   7   6   4
  0.0000  0.2061  0.3743  0.4249  0.4767  0.5000
       6       2       3       2      17       0
  0.0000  0.2061  0.4315  0.5000
       6       2      17       0
 22   8   4   4
  0.0000  0.2061  0.4315  0.5000
       6       2      17       0
  0.0000  0.2061  0.4315  0.5000
       6       2      17       0
 22   9   5   4
  0.0000  0.2061  0.4243  0.4583  0.5000
       6       2      17      16       0
  0.0000  0.2061  0.4315  0.5000
       6       2      17       0
 22  10   6   5
  0.0000  0.2061  0.3799  0.4249  0.4767  0.5000
       6       2       3       2      17       0
  0.0000  0.2061  0.4180  0.4583  0.5000
       6       2      17      16       0
 23   1   5   4
  0.0000  0.2061  0.4243  0.4583  0.5000
       6       2      17      16       0
  0.0000  0.2061  0.4315  0.5000
       6       2      17       0
 23   2   5   6
  0.0000  0.2061  0.4180  0.4583  0.5000
       6       2      17      16       0
  0.0000  0.2061  0.3743  0.4249  0.4767  0.5000
       6       2       3       2      17       0
 23   3   4   6
  0.0000  0.2061  0.4315  0.5000
       6       2      17       0
  0.0000  0.0239  0.2061  0.4180  0.4583  0.5000
      13       6       2      17      16       0
 23   4   6   6
  0.0000  0.2061  0.3743  0.4249  0.4743  0.5000
       6       2       3       2      17       0
  0.0000  0.2061  0.3743  0.4249  0.4743  0.5000
       6       2       3       2      17       0
 23   5   6   4
  0.0000  0.2061  0.3799  0.4249  0.4767  0.5000
       6       2       3       2      17       0
  0.0000  0.2061  0.4315  0.5000
       6       2      17       0
 23   6   4   6
  0.0000  0.2061  0.4315  0.5000
       6       2      17       0
  0.0000  0.2061  0.3743  0.4249  0.4767  0.5000
       6       2       3       2      17       0
 23   7   6   4
  0.0000  0.2061  0.3743  0.4249  0.4767  0.5000
       6       2       3       2      17       0
  0.0000  0.2061  0.4315  0.5000
       6       2      17       0
 23   8   6   4
  0.0000  0.2061  0.4027  0.4249  0.4767  0.5000
       6       2       3       2      17       0
  0.0000  0.2061  0.4315  0.5000
       6       2      17       0
 23   9   6   4
  0.0000  0.2061  0.4243  0.4583  0.4872  0.5000
       6       2      17      16      17       0
  0.0000  0.2061  0.4315  0.5000
       6       2      17       0
 23  10   4   4
  0.0000  0.2061  0.4315  0.5000
       6       2      17       0
  0.0000  0.2061  0.4315  0.5000
       6       2      17       0
 24   1   6   6
  0.0000  0.2061  0.3743  0.4249  0.4743  0.5000
       6       2       3       2      17       0
  0.0000  0.2061  0.3743  0.4249  0.4743  0.5000
       6       2       3       2      17       0
 24   2   4   4
  0.0000  0.2061  0.4315  0.5000
       6       2      17       0
  0.0000  0.2061  0.4315  0.5000
       6       2      17       0
 24   3   4   4
  0.0000  0.2061  0.4315  0.5000
       6       2      17       0
  0.0000  0.2061  0.4315  0.5000
       6       2      17       0
 24   4   4   5
  0.0000  0.2061  0.4315  0.5000
       6       2      17       0
  0.0000  0.2061  0.4180  0.4583  0.5000
       6       2      17      16       0
 24   5   4   6
  0.0000  0.2061  0.4315  0.5000
       6       2      17       0
  0.0000  0.2061  0.3743  0.4249  0.4767  0.5000
       6       2       3       2      17       0
 24   6   5   7
  0.0000  0.2061  0.4243  0.4583  0.5000
       6       2      17      16       0
  0.0000  0.2061  0.3743  0.4090  0.4180  0.4583  0.5000
       6       2       3       2      17      16       0
 24   7   6   6
  0.0000  0.2061  0.4315  0.4716  0.4767  0.5000
       6       2      17       2      17       0
  0.0000  0.2061  0.3743  0.4249  0.4767  0.5000
       6       2       3       2      17       0
 24   8   5   5
  0.0000  0.2061  0.4180  0.4583  0.5000
       6       2      17      16       0
  0.0000  0.2061  0.4180  0.4583  0.5000
       6       2      17      16       0
 24   9   6   4
  0.0000  0.2061  0.3799  0.4249  0.4767  0.5000
       6       2       3       2      17       0
  0.0000  0.2061  0.4315  0.5000
       6       2      17       0
 24  10   4   4
  0.0000  0.2061  0.4315  0.5000
       6       2      17       0
  0.0000  0.2061  0.4315  0.5000
       6       2      17       0
 25   1   5   4
  0.0000  0.2061  0.4243  0.4583  0.5000
       6       2      17      16       0
  0.0000  0.2061  0.4315  0.5000
       6       2      17       0
 25   2   5   6
  0.0000  0.2061  0.4180  0.4583  0.5000
       6       2      17      16       0
  0.0000  0.2061  0.3799  0.4249  0.4767  0.5000
       6       2       3       2      17       0
 25   3   5   6
  0.0000  0.2061  0.4180  0.4583  0.5000
       6       2      17      16       0
  0.0000  0.2061  0.3743  0.4249  0.4743  0.5000
       6       2       3       2      17       0
 25   4   4   4
  0.0000  0.2061  0.4315  0.5000
       6       2      17       0
  0.0000  0.2061  0.4315  0.5000
       6       2      17       0
 25   5   4   6
  0.0000  0.2061  0.4315  0.5000
       6       2      17       0
  0.0000  0.2061  0.3743  0.4249  0.4767  0.5000
       6       2       3       2      17       0
 25   6   4   4
  0.0000  0.2061  0.4315  0.5000
       6       2      17       0
  0.0000  0.2061  0.4315  0.5000
       6       2      17       0
 25   7   4   6
  0.0000  0.2061  0.4315  0.5000
       6       2      17       0
  0.0000  0.2061  0.3743  0.4249  0.4767  0.5000
       6       2       3       2      17       0
 25   8   4   4
  0.0000  0.2061  0.4315  0.5000
       6       2      17       0
  0.0000  0.2061  0.4315  0.5000
       6       2      17       0
 25   9   6   4
  0.0000  0.2061  0.3743  0.4249  0.4767  0.5000
       6       2       3       2      17       0
  0.0000  0.2061  0.4315  0.5000
       6       2      17       0
 25  10   4   5
  0.0000  0.2061  0.4315  0.5000
       6       2      17       0
  0.0000  0.2061  0.4180  0.4583  0.5000
       6       2      17      16       0
 26   1   6   6
  0.0000  0.2061  0.3799  0.4249  0.4767  0.5000
       6       2       3       2      17       0
  0.0000  0.2061  0.3743  0.4249  0.4767  0.5000
       6       2       3       2      17       0
 26   2   6   4
  0.0000  0.2061  0.3743  0.4249  0.4767  0.5000
       6       2       3       2      17       0
  0.0000  0.2061  0.4315  0.5000
       6       2      17       0
 26   3   6   4
  0.0000  0.2061  0.3743  0.4249  0.4743  0.5000
       6       2       3       2      17       0
  0.0000  0.2061  0.4315  0.5000
       6       2      17       0
 26   4   4   6
  0.0000  0.2061  0.4315  0.5000
       6       2      17       0
  0.0000  0.2061  0.4180  0.4521  0.4743  0.5000
       6       2      17       2      17       0
 26   5   4   4
  0.0000  0.2061  0.4315  0.5000
       6       2      17       0
  0.0000  0.2061  0.4315  0.5000
       6       2      17       0
 26   6   4   6
  0.0000  0.2061  0.4315  0.5000
       6       2      17       0
  0.0000  0.2061  0.3743  0.4249  0.4743  0.5000
       6       2       3       2      17       0
 26   7   5   5
  0.0000  0.2061  0.4180  0.4583  0.5000
       6       2      17      16       0
  0.0000  0.2061  0.4180  0.4583  0.5000
       6       2      17      16       0
 26   8   4   6
  0.0000  0.2061  0.4315  0.5000
       6       2      17       0
  0.0000  0.2061  0.4248  0.4249  0.4767  0.5000
       6       2       3       2      17       0
 26   9   6   4
  0.0000  0.2061  0.4243  0.4583  0.4766  0.5000
       6       2      17      16      17       0
  0.0000  0.2061  0.4315  0.5000
       6       2      17       0
 26  10   4   4
  0.0000  0.2061  0.4315  0.5000
       6       2      17       0
  0.0000  0.2061  0.4315  0.5000
       6       2      17       0
 27   1   4   5
  0.0000  0.2061  0.4315  0.5000
       6       2      17       0
  0.0000  0.2061  0.4180  0.4583  0.5000
       6       2      17      16       0
 27   2   6   6
  0.0000  0.2061  0.3743  0.4249  0.4767  0.5000
       6       2       3       2      17       0
  0.0000  0.2061  0.4243  0.4583  0.4766  0.5000
       6       2      17      16      17       0
 27   3   4   4
  0.0000  0.2061  0.4315  0.5000
       6       2      17       0
  0.0000  0.2061  0.4315  0.5000
       6       2      17       0
 27   4   4   4
  0.0000  0.2061  0.4315  0.5000
       6       2      17       0
  0.0000  0.2061  0.4315  0.5000
       6       2      17       0
 27   5   6   6
  0.0000  0.2061  0.3743  0.4249  0.4743  0.5000
       6       2       3       2      17       0
  0.0000  0.2061  0.3743  0.4249  0.4743  0.5000
       6       2       3       2      17       0
 27   6   5   4
  0.0000  0.2061  0.4180  0.4583  0.5000
       6       2      17      16       0
  0.0000  0.2061  0.4315  0.5000
       6       2      17       0
 27   7   6   4
  0.0000  0.2061  0.3743  0.4249  0.4718  0.5000
       6       2       3       2      17       0
  0.0000  0.2061  0.4315  0.5000
       6       2      17       0
 27   8   5   5
  0.0000  0.2061  0.4180  0.4583  0.5000
       6       2      17      16       0
  0.0000  0.2061  0.4180  0.4583  0.5000
       6       2      17      16       0
 27   9   4   6
  0.0000  0.2061  0.4315  0.5000
       6       2      17       0
  0.0000  0.2061  0.4248  0.4249  0.4767  0.5000
       6       2       3       2      17       0
 27  10   6   6
  0.0000  0.2061  0.3743  0.4249  0.4743  0.5000
       6       2       3       2      17       0
  0.0000  0.2061  0.3743  0.4249  0.4767  0.5000
       6       2       3       2      17       0
 28   1   4   5
  0.0000  0.2061  0.4315  0.5000
       6       2      17       0
  0.0000  0.2061  0.4315  0.4967  0.5000
       6       2      17      16       0
 28   2   4   5
  0.0000  0.2061  0.4315  0.5000
       6       2      17       0
  0.0000  0.2061  0.4180  0.4583  0.5000
       6       2      17      16       0
 28   3   4   5
  0.0000  0.2061  0.4315  0.5000
       6       2      17       0
  0.0000  0.2061  0.4180  0.4583  0.5000
       6       2      17      16       0
 28   4   4   4
  0.0000  0.2061  0.4315  0.5000
       6       2      17       0
  0.0000  0.2061  0.4315  0.5000
       6       2      17       0
 28   5   6   4
  0.0000  0.2061  0.3743  0.4249  0.4718  0.5000
       6       2       3       2      17       0
  0.0000  0.2061  0.4315  0.5000
       6       2      17       0
 28   6   6   6
  0.0000  0.2061  0.3743  0.4249  0.4743  0.5000
       6       2       3       2      17       0
  0.0000  0.2061  0.3743  0.4249  0.4767  0.5000
       6       2       3       2      17       0
 28   7   4   5
  0.0000  0.2061  0.4315  0.5000
       6       2      17       0
  0.0000  0.2061  0.4180  0.4583  0.5000
       6       2      17      16       0
 28   8   4   6
  0.0000  0.2061  0.4315  0.5000
       6       2      17       0
  0.0000  0.2061  0.3743  0.4249  0.4718  0.5000
       6       2       3       2      17       0
 28   9   4   5
  0.0000  0.2061  0.4315  0.5000
       6       2      17       0
  0.0000  0.2061  0.4180  0.4583  0.5000
       6       2      17      16       0
 28  10   8   4
  0.0000  0.2061  0.3743  0.4050  0.4243  0.4446  0.4767  0.5000
       6       2       3       2      17       2      17       0
  0.0000  0.2061  0.4315  0.5000
       6       2      17       0
 29   1   4   4
  0.0000  0.2061  0.4315  0.5000
       6       2      17       0
  0.0000  0.2061  0.4315  0.5000
       6       2      17       0
 29   2   6   4
  0.0000  0.2061  0.3743  0.4249  0.4767  0.5000
       6       2       3       2      17       0
  0.0000  0.2061  0.4315  0.5000
       6       2      17       0
 29   3   6   4
  0.0000  0.2061  0.3743  0.4249  0.4718  0.5000
       6       2       3       2      17       0
  0.0000  0.2061  0.4315  0.5000
       6       2      17       0
 29   4   4   5
  0.0000  0.2061  0.4315  0.5000
       6       2      17       0
  0.0000  0.2061  0.4180  0.4583  0.5000
       6       2      17      16       0
 29   5   4   5
  0.0000  0.2061  0.4315  0.5000
       6       2      17       0
  0.0000  0.2061  0.4315  0.4967  0.5000
       6       2      17      16       0
 29   6   4   6
  0.0000  0.2061  0.4315  0.5000
       6       2      17       0
  0.0000  0.2061  0.3743  0.4249  0.4767  0.5000
       6       2       3       2      17       0
 29   7   5   8
  0.0000  0.2061  0.4315  0.4967  0.5000
       6       2      17      16       0
  0.0000  0.2061  0.3743  0.4050  0.4243  0.4446  0.4767  0.5000
       6       2       3       2      17       2      17       0
 29   8   6   4
  0.0000  0.2061  0.3743  0.4249  0.4718  0.5000
       6       2       3       2      17       0
  0.0000  0.2061  0.4315  0.5000
       6       2      17       0
 29   9   5   4
  0.0000  0.2061  0.4315  0.4967  0.5000
       6       2      17      16       0
  0.0000  0.2061  0.4315  0.5000
       6       2      17       0
 29  10   6   5
  0.0000  0.2061  0.3743  0.4249  0.4743  0.5000
       6       2       3       2      17       0
  0.0000  0.2061  0.4180  0.4583  0.5000
       6       2      17      16       0
 30   1   5   6
  0.0000  0.2061  0.4180  0.4583  0.5000
       6       2      17      16       0
  0.0000  0.2061  0.3743  0.4249  0.4718  0.5000
       6       2       3       2      17       0
 30   2   5   4
  0.0000  0.2061  0.4315  0.4967  0.5000
       6       2      17      16       0
  0.0000  0.2061  0.4315  0.5000
       6       2      17       0
 30   3   5   4
  0.0000  0.2061  0.4180  0.4583  0.5000
       6       2      17      16       0
  0.0000  0.2061  0.4315  0.5000
       6       2      17       0
 30   4   4   4
  0.0000  0.2061  0.4315  0.5000
       6       2      17       0
  0.0000  0.2061  0.4315  0.5000
       6       2      17       0
 30   5   6   8
  0.0000  0.2061  0.3743  0.4249  0.4743  0.5000
       6       2       3       2      17       0
  0.0000  0.2061  0.3743  0.4050  0.4243  0.4446  0.4767  0.5000
       6       2       3       2      17       2      17       0
 30   6   4   6
  0.0000  0.2061  0.4315  0.5000
       6       2      17       0
  0.0000  0.2061  0.3743  0.4249  0.4743  0.5000
       6       2       3       2      17       0
 30   7   6   6
  0.0000  0.2061  0.3743  0.4249  0.4767  0.5000
       6       2       3       2      17       0
  0.0000  0.2061  0.3743  0.4249  0.4718  0.5000
       6       2       3       2      17       0
 30   8   5   5
  0.0000  0.2061  0.4315  0.4967  0.5000
       6       2      17      16       0
  0.0000  0.2061  0.4180  0.4583  0.5000
       6       2      17      16       0
 30   9   4   5
  0.0000  0.2061  0.4315  0.5000
       6       2      17       0
  0.0000  0.2061  0.4315  0.4967  0.5000
       6       2      17      16       0
 30  10   6   5
  0.0000  0.2061  0.3743  0.3945  0.4315  0.5000
       6       2       3       2      17       0
  0.0000  0.2061  0.4315  0.4967  0.5000
       6       2      17      16       0
 31   1   8   6
  0.0000  0.2061  0.3743  0.4050  0.4243  0.4446  0.4743  0.5000
       6       2       3       2      17       2      17       0
  0.0000  0.2061  0.3743  0.4249  0.4767  0.5000
       6       2       3       2      17       0
 31   2   6   4
  0.0000  0.2061  0.3743  0.3945  0.4315  0.5000
       6       2       3       2      17       0
  0.0000  0.2061  0.4315  0.5000
       6       2      17       0
 31   3   4   4
  0.0000  0.2061  0.4315  0.5000
       6       2      17       0
  0.0000  0.2061  0.4315  0.5000
       6       2      17       0
 31   4   6   5
  0.0000  0.2061  0.4180  0.4443  0.4718  0.5000
       6       2      17       2      17       0
  0.0000  0.2061  0.4315  0.4967  0.5000
       6       2      17      16       0
 31   5   4   4
  0.0000  0.2061  0.4315  0.5000
       6       2      17       0
  0.0000  0.2061  0.4315  0.5000
       6       2      17       0
 31   6   8   4
  0.0000  0.2061  0.3743  0.4050  0.4243  0.4446  0.4767  0.5000
       6       2       3       2      17       2      17       0
  0.0000  0.2061  0.4315  0.5000
       6       2      17       0
 31   7   4   5
  0.0000  0.2061  0.4315  0.5000
       6       2      17       0
  0.0000  0.2061  0.4315  0.4967  0.5000
       6       2      17      16       0
 31   8   5   6
  0.0000  0.2061  0.4315  0.4967  0.5000
       6       2      17      16       0
  0.0000  0.2061  0.3743  0.4249  0.4743  0.5000
       6       2       3       2      17       0
 31   9   5   5
  0.0000  0.2061  0.4180  0.4583  0.5000
       6       2      17      16       0
  0.0000  0.2061  0.4180  0.4583  0.5000
       6       2      17      16       0
 31  10   6   6
  0.0000  0.2061  0.3743  0.4249  0.4718  0.5000
       6       2       3       2      17       0
  0.0000  0.2061  0.3743  0.4249  0.4743  0.5000
       6       2       3       2      17       0
 32   1   4   4
  0.0000  0.2061  0.4315  0.5000
       6       2      17       0
  0.0000  0.2061  0.4315  0.5000
       6       2      17       0
 32   2   6   4
  0.0000  0.2061  0.4180  0.4443  0.4718  0.5000
       6       2      17       2      17       0
  0.0000  0.2061  0.4315  0.5000
       6       2      17       0
 32   3   6   5
  0.0000  0.2061  0.3743  0.4249  0.4743  0.5000
       6       2       3       2      17       0
  0.0000  0.2061  0.4315  0.4967  0.5000
       6       2      17      16       0
 32   4   4   6
  0.0000  0.2061  0.4315  0.5000
       6       2      17       0
  0.0000  0.2061  0.4180  0.4443  0.4718  0.5000
       6       2      17       2      17       0
 32   5   4   4
  0.0000  0.2061  0.4315  0.5000
       6       2      17       0
  0.0000  0.2061  0.4315  0.5000
       6       2      17       0
 32   6   5   6
  0.0000  0.2061  0.4315  0.4967  0.5000
       6       2      17      16       0
  0.0000  0.2061  0.3743  0.4249  0.4743  0.5000
       6       2       3       2      17       0
 32   7   5   8
  0.0000  0.2061  0.4180  0.4583  0.5000
       6       2      17      16       0
  0.0000  0.2061  0.3743  0.4050  0.4243  0.4446  0.4767  0.5000
       6       2       3       2      17       2      17       0
 32   8   5   4
  0.0000  0.2061  0.4315  0.4967  0.5000
       6       2      17      16       0
  0.0000  0.2061  0.4315  0.5000
       6       2      17       0
 32   9   4   6
  0.0000  0.2061  0.4315  0.5000
       6       2      17       0
  0.0000  0.2061  0.3743  0.4249  0.4743  0.5000
       6       2       3       2      17       0
 32  10   5   4
  0.0000  0.2061  0.4180  0.4583  0.5000
       6       2      17      16       0
  0.0000  0.2061  0.4315  0.5000
       6       2      17       0
 33   1   5   6
  0.0000  0.2061  0.4180  0.4583  0.5000
       6       2      17      16       0
  0.0000  0.2061  0.4180  0.4443  0.4718  0.5000
       6       2      17       2      17       0
 33   2   6   6
  0.0000  0.2061  0.4180  0.4443  0.4718  0.5000
       6       2      17       2      17       0
  0.0000  0.2061  0.3743  0.4249  0.4743  0.5000
       6       2       3       2      17       0
 33   3   4   5
  0.0000  0.2061  0.4315  0.5000
       6       2      17       0
  0.0000  0.2061  0.4180  0.4583  0.5000
       6       2      17      16       0
 33   4   6   7
  0.0000  0.2061  0.4180  0.4443  0.4718  0.5000
       6       2      17       2      17       0
  0.0000  0.2061  0.3743  0.4050  0.4180  0.4583  0.5000
       6       2       3       2      17      16       0
 33   5   5   4
  0.0000  0.2061  0.4180  0.4583  0.5000
       6       2      17      16       0
  0.0000  0.2061  0.4315  0.5000
       6       2      17       0
 33   6   4   5
  0.0000  0.2061  0.4315  0.5000
       6       2      17       0
  0.0000  0.2061  0.4180  0.4583  0.5000
       6       2      17      16       0
 33   7   4   4
  0.0000  0.2061  0.4315  0.5000
       6       2      17       0
  0.0000  0.2061  0.4315  0.5000
       6       2      17       0
 33   8   6   6
  0.0000  0.2061  0.3743  0.4249  0.4743  0.5000
       6       2       3       2      17       0
  0.0000  0.2061  0.4180  0.4443  0.4718  0.5000
       6       2      17       2      17       0
 33   9   6   4
  0.0000  0.2061  0.3743  0.4249  0.4743  0.5000
       6       2       3       2      17       0
  0.0000  0.2061  0.4315  0.5000
       6       2      17       0
 33  10   4   4
  0.0000  0.2061  0.4315  0.5000
       6       2      17       0
  0.0000  0.2061  0.4315  0.5000
       6       2      17       0
 34   1   7   4
  0.0000  0.2061  0.3743  0.4050  0.4180  0.4583  0.5000
       6       2       3       2      17      16       0
  0.0000  0.2061  0.4315  0.5000
       6       2      17       0
 34   2   4   6
  0.0000  0.2061  0.4315  0.5000
       6       2      17       0
  0.0000  0.2061  0.4180  0.4443  0.4718  0.5000
       6       2      17       2      17       0
 34   3   5   6
  0.0000  0.2061  0.4180  0.4583  0.5000
       6       2      17      16       0
  0.0000  0.2061  0.3743  0.4249  0.4743  0.5000
       6       2       3       2      17       0
 34   4   4   4
  0.0000  0.2061  0.4315  0.5000
       6       2      17       0
  0.0000  0.2061  0.4315  0.5000
       6       2      17       0
 34   5   7   6
  0.0000  0.2061  0.3743  0.4050  0.4180  0.4583  0.5000
       6       2       3       2      17      16       0
  0.0000  0.2061  0.3743  0.4249  0.4743  0.5000
       6       2       3       2      17       0
 34   6   4   5
  0.0000  0.2061  0.4315  0.5000
       6       2      17       0
  0.0000  0.2061  0.4180  0.4583  0.5000
       6       2      17      16       0
 34   7   4   4
  0.0000  0.2061  0.4315  0.5000
       6       2      17       0
  0.0000  0.2061  0.4315  0.5000
       6       2      17       0
 34   8   4   5
  0.0000  0.2061  0.4315  0.5000
       6       2      17       0
  0.0000  0.2061  0.4180  0.4583  0.5000
       6       2      17      16       0
 34   9   6   5
  0.0000  0.2061  0.4180  0.4443  0.4718  0.5000
       6       2      17       2      17       0
  0.0000  0.2061  0.4180  0.4583  0.5000
       6       2      17      16       0
 34  10   4   6
  0.0000  0.2061  0.4180  0.5000
       6       2      17       0
  0.0000  0.2061  0.4180  0.4443  0.4718  0.5000
       6       2      17       2      17       0
 35   1   4   4
  0.0000  0.2061  0.4315  0.5000
       6       2      17       0
  0.0000  0.2061  0.4315  0.5000
       6       2      17       0
 35   2   4   4
  0.0000  0.2061  0.4315  0.5000
       6       2      17       0
  0.0000  0.2061  0.4315  0.5000
       6       2      17       0
 35   3   7   4
  0.0000  0.2061  0.3743  0.4050  0.4180  0.4583  0.5000
       6       2       3       2      17      16       0
  0.0000  0.2061  0.4315  0.5000
       6       2      17       0
 35   4   4   4
  0.0000  0.2061  0.4315  0.5000
       6       2      17       0
  0.0000  0.2061  0.4180  0.5000
       6       2      17       0
 35   5   6   4
  0.0000  0.2061  0.4180  0.4443  0.4718  0.5000
       6       2      17       2      17       0
  0.0000  0.2061  0.4180  0.5000
       6       2      17       0
 35   6   6   5
  0.0000  0.2061  0.4180  0.4443  0.4718  0.5000
       6       2      17       2      17       0
  0.0000  0.2061  0.4315  0.4981  0.5000
       6       2      17      16       0
 35   7   4   6
  0.0000  0.2061  0.4180  0.5000
       6       2      17       0
  0.0000  0.2061  0.4180  0.4443  0.4718  0.5000
       6       2      17       2      17       0
 35   8   4   4
  0.0000  0.2061  0.4315  0.5000
       6       2      17       0
  0.0000  0.2061  0.4315  0.5000
       6       2      17       0
 35   9   4   5
  0.0000  0.2061  0.4180  0.5000
       6       2      17       0
  0.0000  0.2061  0.4180  0.4583  0.5000
       6       2      17      16       0
 35  10   7   4
  0.0000  0.2061  0.3743  0.4050  0.4180  0.4583  0.5000
       6       2       3       2      17      16       0
  0.0000  0.2061  0.4180  0.5000
       6       2      17       0
 36   1   6   4
  0.0000  0.2061  0.4180  0.4443  0.4718  0.5000
       6       2      17       2      17       0
  0.0000  0.2061  0.4315  0.5000
       6       2      17       0
 36   2   6   7
  0.0000  0.2061  0.4180  0.4443  0.4718  0.5000
       6       2      17       2      17       0
  0.0000  0.2061  0.3743  0.4050  0.4180  0.4583  0.5000
       6       2       3       2      17      16       0
 36   3   7   4
  0.0000  0.2061  0.3743  0.4050  0.4180  0.4583  0.5000
       6       2       3       2      17      16       0
  0.0000  0.2061  0.4315  0.5000
       6       2      17       0
 36   4   4   4
  0.0000  0.2061  0.4315  0.5000
       6       2      17       0
  0.0000  0.2061  0.4315  0.5000
       6       2      17       0
 36   5   4   4
  0.0000  0.2061  0.4180  0.5000
       6       2      17       0
  0.0000  0.2061  0.4315  0.5000
       6       2      17       0
 36   6   6   7
  0.0000  0.2061  0.4180  0.4443  0.4558  0.5000
       6       2      17       2      17       0
  0.0000  0.2061  0.3743  0.4050  0.4180  0.4583  0.5000
       6       2       3       2      17      16       0
 36   7   6   5
  0.0000  0.2061  0.3743  0.4050  0.4180  0.5000
       6       2       3       2      17       0
  0.0000  0.2061  0.4180  0.4583  0.5000
       6       2      17      16       0
 36   8   4   4
  0.0000  0.2061  0.4315  0.5000
       6       2      17       0
  0.0000  0.2061  0.4180  0.5000
       6       2      17       0
 36   9   4   5
  0.0000  0.2061  0.4315  0.5000
       6       2      17       0
  0.0000  0.2061  0.4180  0.4583  0.5000
       6       2      17      16       0
 36  10   6   4
  0.0000  0.2061  0.4180  0.4443  0.4718  0.5000
       6       2      17       2      17       0
  0.0000  0.2061  0.4315  0.5000
       6       2      17       0
 37   1   6   7
  0.0000  0.2061  0.3743  0.4050  0.4315  0.5000
       6       2       3       2      17       0
  0.0000  0.2061  0.3743  0.4050  0.4180  0.4583  0.5000
       6       2       3       2      17      16       0
 37   2   4   4
  0.0000  0.2061  0.4180  0.5000
       6       2      17       0
  0.0000  0.2061  0.4315  0.5000
       6       2      17       0
 37   3   4   4
  0.0000  0.2061  0.4180  0.5000
       6       2      17       0
  0.0000  0.2061  0.4315  0.5000
       6       2      17       0
 37   4   6   6
  0.0000  0.2061  0.3743  0.4050  0.4180  0.5000
       6       2       3       2      17       0
  0.0000  0.2061  0.4180  0.4443  0.4718  0.5000
       6       2      17       2      17       0
 37   5   7   4
  0.0000  0.2061  0.3743  0.4050  0.4180  0.4583  0.5000
       6       2       3       2      17      16       0
  0.0000  0.2061  0.4180  0.5000
       6       2      17       0
 37   6   5   7
  0.0000  0.2061  0.4315  0.4963  0.5000
       6       2      17      16       0
  0.0000  0.2061  0.3743  0.4050  0.4180  0.4753  0.5000
       6       2       3       2      17      16       0
 37   7   5   6
  0.0000  0.2061  0.4180  0.4583  0.5000
       6       2      17      16       0
  0.0000  0.2061  0.3743  0.3819  0.4315  0.5000
       6       2       3       2      17       0
 37   8   8   5
  0.0000  0.2061  0.3743  0.4050  0.4180  0.4474  0.4718  0.5000
       6       2       3       2      17       2      17       0
  0.0000  0.2061  0.4180  0.4583  0.5000
       6       2      17      16       0
 37   9   4   4
  0.0000  0.2061  0.4180  0.5000
       6       2      17       0
  0.0000  0.2061  0.4315  0.5000
       6       2      17       0
 37  10   6   6
  0.0000  0.2061  0.3743  0.4050  0.4180  0.5000
       6       2       3       2      17       0
  0.0000  0.2061  0.3743  0.4050  0.4180  0.5000
       6       2       3       2      17       0
 38   1   4   6
  0.0000  0.2061  0.4180  0.5000
       6       2      17       0
  0.0000  0.2061  0.3743  0.4050  0.4180  0.5000
       6       2       3       2      17       0
 38   2   6   4
  0.0000  0.2061  0.3743  0.4050  0.4180  0.5000
       6       2       3       2      17       0
  0.0000  0.2061  0.4315  0.5000
       6       2      17       0
 38   3   6   4
  0.0000  0.2061  0.3743  0.4050  0.4180  0.5000
       6       2       3       2      17       0
  0.0000  0.2061  0.4180  0.5000
       6       2      17       0
 38   4   4   7
  0.0000  0.2061  0.4315  0.5000
       6       2      17       0
  0.0000  0.2061  0.3743  0.4050  0.4180  0.4583  0.5000
       6       2       3       2      17      16       0
 38   5   7   4
  0.0000  0.2061  0.3976  0.4050  0.4180  0.4753  0.5000
       6       2       3       2      17      16       0
  0.0000  0.2061  0.4180  0.5000
       6       2      17       0
 38   6   4   4
  0.0000  0.2061  0.4180  0.5000
       6       2      17       0
  0.0000  0.2061  0.4315  0.5000
       6       2      17       0
 38   7   4   4
  0.0000  0.2061  0.4315  0.5000
       6       2      17       0
  0.0000  0.2061  0.4180  0.5000
       6       2      17       0
 38   8   6   4
  0.0000  0.2061  0.3743  0.4050  0.4180  0.5000
       6       2       3       2      17       0
  0.0000  0.2061  0.4180  0.5000
       6       2      17       0
 38   9   4   7
  0.0000  0.2061  0.4180  0.5000
       6       2      17       0
  0.0000  0.2061  0.3743  0.4050  0.4180  0.4583  0.5000
       6       2       3       2      17      16       0
 38  10   7   4
  0.0000  0.2061  0.3743  0.4006  0.4315  0.4963  0.5000
       6       2       3       2      17      16       0
  0.0000  0.2061  0.4315  0.5000
       6       2      17       0
 39   1   7   4
  0.0000  0.2061  0.3976  0.4050  0.4180  0.4753  0.5000
       6       2       3       2      17      16       0
  0.0000  0.2061  0.4315  0.5000
       6       2      17       0
 39   2   4   6
  0.0000  0.2061  0.4180  0.5000
       6       2      17       0
  0.0000  0.2061  0.3743  0.4050  0.4180  0.5000
       6       2       3       2      17       0
 39   3   7   4
  0.0000  0.2061  0.4030  0.4050  0.4180  0.4583  0.5000
       6       2       3       2      17      16       0
  0.0000  0.2061  0.4180  0.5000
       6       2      17       0
 39   4   6   4
  0.0000  0.2061  0.3743  0.4050  0.4180  0.5000
       6       2       3       2      17       0
  0.0000  0.2061  0.4180  0.5000
       6       2      17       0
 39   5   4   4
  0.0000  0.2061  0.4315  0.5000
       6       2      17       0
  0.0000  0.2061  0.4180  0.5000
       6       2      17       0
 39   6   6   4
  0.0000  0.2061  0.3743  0.3870  0.4315  0.5000
       6       2       3       2      17       0
  0.0000  0.2061  0.4180  0.5000
       6       2      17       0
 39   7   4   4
  0.0000  0.2061  0.4180  0.5000
       6       2      17       0
  0.0000  0.2061  0.4315  0.5000
       6       2      17       0
 39   8   4   6
  0.0000  0.2061  0.4180  0.5000
       6       2      17       0
  0.0000  0.2061  0.3743  0.4050  0.4180  0.5000
       6       2       3       2      17       0
 39   9   4   6
  0.0000  0.2061  0.4180  0.5000
       6       2      17       0
  0.0000  0.2061  0.3981  0.4050  0.4180  0.5000
       6       2       3       2      17       0
 39  10   6   4
  0.0000  0.2061  0.3743  0.4050  0.4180  0.5000
       6       2       3       2      17       0
  0.0000  0.2061  0.4180  0.5000
       6       2      17       0
 40   1   4   6
  0.0000  0.2061  0.4315  0.5000
       6       2      17       0
  0.0000  0.2061  0.3743  0.4050  0.4180  0.5000
       6       2       3       2      17       0
 40   2   7   5
  0.0000  0.2061  0.4030  0.4050  0.4180  0.4583  0.5000
       6       2       3       2      17      16       0
  0.0000  0.2061  0.4180  0.4753  0.5000
       6       2      17      16       0
 40   3   6   4
  0.0000  0.2061  0.3743  0.3870  0.4315  0.5000
       6       2       3       2      17       0
  0.0000  0.2061  0.4315  0.5000
       6       2      17       0
 40   4   4   4
  0.0000  0.2061  0.4315  0.5000
       6       2      17       0
  0.0000  0.2061  0.4180  0.5000
       6       2      17       0
 40   5   7   4
  0.0000  0.2061  0.4030  0.4050  0.4180  0.4583  0.5000
       6       2       3       2      17      16       0
  0.0000  0.2061  0.4180  0.5000
       6       2      17       0
 40   6   4   4
  0.0000  0.2061  0.4180  0.5000
       6       2      17       0
  0.0000  0.2061  0.4180  0.5000
       6       2      17       0
 40   7   6   6
  0.0000  0.2061  0.3743  0.4050  0.4180  0.5000
       6       2       3       2      17       0
  0.0000  0.2061  0.3743  0.3870  0.4315  0.5000
       6       2       3       2      17       0
 40   8   4   7
  0.0000  0.2061  0.4315  0.5000
       6       2      17       0
  0.0000  0.2061  0.4030  0.4050  0.4180  0.4583  0.5000
       6       2       3       2      17      16       0
 40   9   4   6
  0.0000  0.2061  0.4180  0.5000
       6       2      17       0
  0.0000  0.2061  0.3743  0.4050  0.4180  0.5000
       6       2       3       2      17       0
 40  10   6   6
  0.0000  0.2061  0.3743  0.4050  0.4180  0.5000
       6       2       3       2      17       0
  0.0000  0.2061  0.3743  0.3870  0.4315  0.5000
       6       2       3       2      17       0
