 ... generation ...    0
   1   0   0   2   2   2   2
 -0.5000  0.5000
       1    ****
 -0.5000  0.5000
       2    ****
   2   0   0   2   2   2   2
 -0.5000  0.5000
       3    ****
 -0.5000  0.5000
       4    ****
   3   0   0   2   2   2   2
 -0.5000  0.5000
       5    ****
 -0.5000  0.5000
       6    ****
   4   0   0   2   2   2   2
 -0.5000  0.5000
       7    ****
 -0.5000  0.5000
       8    ****
 ... generation ...    1
   1   2   1   3   2   2   2
 -0.5000 -0.2793  0.5000
       4       3    ****
 -0.5000  0.5000
       2    ****
   2   2   3   2   4   2   2
 -0.5000  0.5000
       4    ****
 -0.5000  0.1325  0.2238  0.5000
       6       5       6    ****
   3   2   1   3   2   2   2
 -0.5000  0.2776  0.5000
       3       4    ****
 -0.5000  0.5000
       2    ****
   4   4   3   3   2   2   2
 -0.5000  0.3422  0.5000
       7       8    ****
 -0.5000  0.5000
       5    ****
 ... generation ...    2
   1   1   2   4   5   2   2
 -0.5000 -0.2793  0.0258  0.5000
       4       3       2    ****
 -0.5000 -0.4459  0.1350  0.2238  0.5000
       6       4       5       6    ****
   2   1   1   4   5   2   2
 -0.5000  0.3309  0.4228  0.5000
       2       3       2    ****
 -0.5000 -0.2793 -0.1104  0.0996  0.5000
       4       3       2       3    ****
   3   1   2   2   2   2   2
 -0.5000  0.5000
       2    ****
 -0.5000  0.5000
       4    ****
   4   2   2   4   4   2   2
 -0.5000  0.1325  0.2238  0.5000
       6       5       6    ****
 -0.5000  0.1325  0.2238  0.5000
       6       5       6    ****
 ... generation ...    3
   1   4   1   4   5   2   2
 -0.5000  0.1325  0.2238  0.5000
       6       5       6    ****
 -0.5000 -0.4459 -0.2793  0.0258  0.5000
       6       4       3       2    ****
   2   3   3   4   6   2   2
 -0.5000 -0.0827  0.0364  0.5000
       4       2       4    ****
 -0.5000 -0.3282  0.1779  0.2262  0.2544  0.5000
       2       4       2       4       2    ****
   3   2   1   5   4   2   2
 -0.5000 -0.2793 -0.1104  0.0996  0.5000
       4       3       2       3    ****
 -0.5000 -0.2793  0.0258  0.5000
       4       3       2    ****
   4   2   2   6   5   2   2
 -0.5000 -0.2804 -0.2793 -0.1242  0.1698  0.5000
       2       4       3       2       3    ****
 -0.5000 -0.2793 -0.1104  0.0996  0.5000
       4       3       2       3    ****
 ... generation ...    4
   1   3   4   5   7   2   2
 -0.5000 -0.2793  0.0258  0.2529  0.5000
       4       3       2       3    ****
 -0.5000 -0.4904 -0.2804 -0.2793 -0.1242  0.1698  0.5000
       4       2       4       3       2       3    ****
   2   2   3  10   5   2   2
 -0.5000 -0.3928 -0.0827  0.0364  0.2240  0.2262  0.2544  0.4531  0.4600  0.5000
       2       4       2       4       2       4       2       4       2    ****
 -0.5000 -0.2793 -0.1104  0.0996  0.5000
       4       3       2       3    ****
   3   3   4   5   6   2   2
 -0.5000 -0.2793 -0.1104  0.0996  0.5000
       4       3       2       3    ****
 -0.5000 -0.2804 -0.2793 -0.1242  0.1698  0.5000
       2       4       3       2       3    ****
   4   4   1   6   4   2   2
 -0.5000 -0.2804 -0.2793 -0.1242  0.1698  0.5000
       2       4       3       2       3    ****
 -0.5000  0.1325  0.1463  0.5000
       6       5       2    ****
 ... generation ...    5
   1   3   3   7   5   2   2
 -0.5000 -0.3543 -0.2804 -0.2793 -0.1242  0.1698  0.5000
       4       2       4       3       2       3    ****
 -0.5000 -0.2793 -0.1104  0.0996  0.5000
       4       3       2       3    ****
   2   2   1   9   5   2   2
 -0.5000 -0.0827  0.0364  0.2240  0.2262  0.2544  0.4531  0.4600  0.5000
       4       2       4       2       4       2       4       2    ****
 -0.5000 -0.2793  0.0258  0.2529  0.5000
       4       3       2       3    ****
   3   1   2   7   5   2   2
 -0.5000 -0.4904 -0.2804 -0.2793 -0.1242  0.1698  0.5000
       4       2       4       3       2       3    ****
 -0.5000 -0.3928 -0.0827  0.0996  0.5000
       2       4       2       3    ****
   4   1   2   5   6   2   2
 -0.5000 -0.2793 -0.0493  0.1698  0.5000
       4       3       2       3    ****
 -0.5000 -0.3928 -0.0827  0.0364  0.1031  0.5000
       2       4       2       4       3    ****
 ... generation ...    6
   1   3   4   5   6   2   2
 -0.5000 -0.3928 -0.0827  0.0996  0.5000
       2       4       2       3    ****
 -0.5000 -0.3928 -0.1630 -0.0493  0.1698  0.5000
       2       4       3       2       3    ****
   2   4   2   7   8   2   2
 -0.5000 -0.4831 -0.3928 -0.1113 -0.0493  0.1698  0.5000
       4       2       4       3       2       3    ****
 -0.5000 -0.0827  0.0364  0.2240  0.2262  0.2544  0.3746  0.5000
       4       2       4       2       4       2       3    ****
   3   2   4   6   6   2   2
 -0.5000 -0.2793  0.0258  0.2529  0.4975  0.5000
       4       3       2       3       2    ****
 -0.5000 -0.2793 -0.0493  0.0995  0.1031  0.5000
       4       3       2       4       3    ****
   4   2   4   5   7   2   2
 -0.5000 -0.0889  0.0258  0.2529  0.5000
       4       3       2       3    ****
 -0.5000 -0.4714 -0.3928 -0.0827  0.0364  0.1031  0.5000
       4       2       4       2       4       3    ****
 ... generation ...    7
   1   3   3   6   6   2   2
 -0.5000 -0.2793  0.0258  0.2529  0.4975  0.5000
       4       3       2       3       2    ****
 -0.5000 -0.2793 -0.0493  0.0995  0.1031  0.5000
       4       3       2       4       3    ****
   2   4   2   9   8   2   2
 -0.5000 -0.3951 -0.3928 -0.0827  0.0364  0.1031  0.1197  0.2429  0.5000
       4       2       4       2       4       3       2       3    ****
 -0.5000 -0.0827  0.0364  0.2240  0.2262  0.2544  0.3746  0.5000
       4       2       4       2       4       2       3    ****
   3   4   3   5   6   2   2
 -0.5000 -0.0889  0.0258  0.2529  0.5000
       4       3       2       3    ****
 -0.5000 -0.2793  0.0258  0.1957  0.4975  0.5000
       4       3       2       3       2    ****
   4   4   2   5   5   2   2
 -0.5000 -0.0827  0.0364  0.1031  0.5000
       4       2       4       3    ****
 -0.5000 -0.1113 -0.0493  0.1698  0.5000
       4       3       2       3    ****
 ... generation ...    8
   1   2   1   7   6   2   2
 -0.5000 -0.0827  0.0364  0.2240  0.2262  0.2435  0.5000
       4       2       4       2       4       3    ****
 -0.5000 -0.2793 -0.0151  0.0995  0.1031  0.5000
       4       3       2       4       3    ****
   2   1   1   9   6   2   2
 -0.5000 -0.2793 -0.0493  0.0995  0.1031  0.1365  0.2529  0.4975  0.5000
       4       3       2       4       3       2       3       2    ****
 -0.5000 -0.2793 -0.0493  0.0995  0.1031  0.5000
       4       3       2       4       3    ****
   3   3   3   6   5   2   2
 -0.5000 -0.0889  0.0258  0.1957  0.4975  0.5000
       4       3       2       3       2    ****
 -0.5000 -0.0889  0.0258  0.2529  0.5000
       4       3       2       3    ****
   4   1   2   8   9   2   2
 -0.5000 -0.2793 -0.0493 -0.0392  0.0258  0.2529  0.4975  0.5000
       4       3       2       3       2       3       2    ****
 -0.5000 -0.3951 -0.3928 -0.0827  0.0364  0.1031  0.1197  0.2429  0.5000
       4       2       4       2       4       3       2       3    ****
 ... generation ...    9
   1   1   2   7   8   2   2
 -0.5000 -0.0827 -0.0269 -0.0151  0.0995  0.1031  0.5000
       4       2       3       2       4       3    ****
 -0.5000 -0.2793 -0.0493  0.0995  0.1031  0.2156  0.2529  0.5000
       4       3       2       4       3       2       3    ****
   2   4   1   9   6   2   2
 -0.5000 -0.3951 -0.3928 -0.0827  0.0017  0.0258  0.2529  0.4975  0.5000
       4       2       4       2       3       2       3       2    ****
 -0.5000 -0.2793 -0.0151  0.0995  0.1031  0.5000
       4       3       2       4       3    ****
   3   4   2   7   9   2   2
 -0.5000 -0.0827  0.0364  0.1031  0.1197  0.2429  0.5000
       4       2       4       3       2       3    ****
 -0.5000 -0.2793 -0.0493  0.0995  0.1031  0.1365  0.2529  0.4975  0.5000
       4       3       2       4       3       2       3       2    ****
   4   4   1   8   6   2   2
 -0.5000 -0.2793 -0.0493 -0.0392  0.0258  0.2529  0.4975  0.5000
       4       3       2       3       2       3       2    ****
 -0.5000 -0.2793 -0.0151  0.0995  0.1031  0.5000
       4       3       2       4       3    ****
 ... generation ...   10
   1   1   2   6   9   2   2
 -0.5000 -0.2793 -0.0493  0.0995  0.1031  0.5000
       4       3       2       4       3    ****
 -0.5000 -0.3951 -0.3928 -0.0827  0.0017  0.0258  0.2529  0.4975  0.5000
       4       2       4       2       3       2       3       2    ****
   2   3   3   9   9   2   2
 -0.5000 -0.2793 -0.0493  0.0995  0.1031  0.1365  0.2529  0.4975  0.5000
       4       3       2       4       3       2       3       2    ****
 -0.5000 -0.2504 -0.0493  0.0995  0.1031  0.1365  0.2529  0.4975  0.5000
       4       3       2       4       3       2       3       2    ****
   3   3   2   8   6   2   2
 -0.5000 -0.0827  0.0364  0.1031  0.1197  0.2529  0.4975  0.5000
       4       2       4       3       2       3       2    ****
 -0.5000 -0.2793 -0.0151  0.0995  0.1031  0.5000
       4       3       2       4       3    ****
   4   1   4   7   8   2   2
 -0.5000 -0.0827 -0.0269 -0.0151  0.0995  0.1031  0.5000
       4       2       3       2       4       3    ****
 -0.5000 -0.2793 -0.0493 -0.0392  0.0258  0.2529  0.4975  0.5000
       4       3       2       3       2       3       2    ****
