 ... generation ...    0
   1   0   0   2   2   2   2
  0.0000  1.0000
       1    ****
  0.0000  1.0000
       2    ****
  0.0000  1.0000
       0    ****
  0.0000  1.0000
       0    ****
   2   0   0   2   2   2   2
  0.0000  1.0000
       3    ****
  0.0000  1.0000
       4    ****
  0.0000  1.0000
       0    ****
  0.0000  1.0000
       0    ****
   3   0   0   2   2   2   2
  0.0000  1.0000
       5    ****
  0.0000  1.0000
       6    ****
  0.0000  1.0000
       0    ****
  0.0000  1.0000
       0    ****
   4   0   0   2   2   2   2
  0.0000  1.0000
       7    ****
  0.0000  1.0000
       8    ****
  0.0000  1.0000
       0    ****
  0.0000  1.0000
       0    ****
 ... generation ...    1
   1   3   1   2   5   2   2
  0.0000  1.0000
       5    ****
  0.0000  0.2750  0.7086  0.7304  1.0000
       1       2       1       2    ****
  0.0000  1.0000
       0    ****
  0.0000  1.0000
       0    ****
   2   4   4   2   4   2   4
  0.0000  1.0000
       7    ****
  0.0000  0.0051  0.9480  1.0000
       8       7       8    ****
  0.0000  1.0000
      -1    ****
  0.0000  0.0051  0.9480  1.0000
       1      -1       1    ****
   3   4   2   3   3   3   2
  0.0000  0.4427  1.0000
       7       8    ****
  0.0000  0.3418  1.0000
       3       4    ****
  0.0000  0.4427  1.0000
      -1       1    ****
  0.0000  1.0000
       0    ****
   4   3   2   2   4   2   2
  0.0000  1.0000
       5    ****
  0.0000  0.5250  0.8967  1.0000
       4       3       4    ****
  0.0000  1.0000
       0    ****
  0.0000  1.0000
       0    ****
 ... generation ...    2
   1   2   1   4   6   4   2
  0.0000  0.0051  0.9480  1.0000
       8       7       8    ****
  0.0000  0.0163  0.2750  0.4300  0.8356  1.0000
       5       1       2       5       2    ****
  0.0000  0.0051  0.9480  1.0000
       1       0       1    ****
  0.0000  1.0000
       0    ****
   2   2   2   2   4   4   4
  0.0000  1.0000
       7    ****
  0.0000  0.0051  0.9480  1.0000
       8       7       8    ****
  0.0000  0.0051  0.9480  1.0000
      -1       0      -1    ****
  0.0000  0.0051  0.9480  1.0000
       1       0       1    ****
   3   4   3   6   3   2   3
  0.0000  0.5250  0.5582  0.5747  0.8967  1.0000
       4       3       5       3       4    ****
  0.0000  0.4427  1.0000
       7       8    ****
  0.0000  1.0000
       0    ****
  0.0000  0.4427  1.0000
       0       1    ****
   4   3   1   6   4   5   2
  0.0000  0.2587  0.4427  0.5096  0.8576  1.0000
       3       7       8       4       8    ****
  0.0000  0.6093  0.6699  1.0000
       5       2       5    ****
  0.0000  0.4427  0.5096  0.8576  1.0000
       0       1      -1       1    ****
  0.0000  1.0000
       0    ****
 ... generation ...    3
   1   2   4   3   7   4   6
  0.0000  0.9480  1.0000
       7       8    ****
  0.0000  0.1135  0.1388  0.4539  0.5096  0.8576  1.0000
       5       3       5       8       4       8    ****
  0.0000  0.0051  0.9480  1.0000
      -1       0       1    ****
  0.0000  0.4427  0.4539  0.5096  0.8576  1.0000
       0      -1       1       0       1    ****
   2   1   3   6   4   4   4
  0.0000  0.0163  0.2750  0.4300  0.8356  1.0000
       5       1       2       5       2    ****
  0.0000  0.1995  0.5153  1.0000
       7       4       8    ****
  0.0000  0.0051  0.9480  1.0000
      -1       0      -1    ****
  0.0000  0.4427  0.5153  1.0000
       0      -1       1    ****
   3   2   2   4   3   4   4
  0.0000  0.0051  0.9480  1.0000
       8       7       8    ****
  0.0000  0.0051  1.0000
       8       7    ****
  0.0000  0.0051  0.9480  1.0000
       1       0       1    ****
  0.0000  0.0051  0.9480  1.0000
       1       0      -1    ****
   4   1   4   7   6   4   5
  0.0000  0.0051  0.1979  0.2750  0.4300  0.8356  1.0000
       8       7       1       2       5       2    ****
  0.0000  0.2587  0.4427  0.5096  0.8576  1.0000
       3       7       8       4       8    ****
  0.0000  0.0051  0.9480  1.0000
       1       0      -1    ****
  0.0000  0.4427  0.5096  0.8576  1.0000
       0       1       0       1    ****
 ... generation ...    4
   1   3   4   3   6   3   6
  0.0000  0.0051  1.0000
       8       7    ****
  0.0000  0.2587  0.4427  0.5096  0.8576  1.0000
       3       7       8       4       8    ****
  0.0000  0.9480  1.0000
       0      -1    ****
  0.0000  0.0051  0.4427  0.5096  0.8576  1.0000
      -1       0       1       0       1    ****
   2   4   4   8   9   6   6
  0.0000  0.0051  0.1979  0.2750  0.4300  0.7197  0.8576  1.0000
       8       7       1       2       5       4       8    ****
  0.0000  0.0051  0.1979  0.2750  0.4300  0.8356  0.8562  0.8576  1.0000
       8       7       1       2       5       2       4       8    ****
  0.0000  0.0051  0.4427  0.5096  0.8576  1.0000
       1       0      -1       0       1    ****
  0.0000  0.0051  0.4427  0.5096  0.8576  1.0000
       1       0      -1       0       1    ****
   3   4   4   9   7   7   6
  0.0000  0.0051  0.1979  0.2750  0.4300  0.4821  0.5096  0.8576  1.0000
       8       7       1       2       5       8       4       8    ****
  0.0000  0.2587  0.4427  0.5096  0.8089  0.8356  1.0000
       3       7       8       4       5       2    ****
  0.0000  0.0051  0.4427  0.4821  0.5096  0.8576  1.0000
       1       0      -1       1       0       1    ****
  0.0000  0.0051  0.4427  0.5096  0.8576  1.0000
      -1       0       1       0      -1    ****
   4   1   3   6   3   6   3
  0.0000  0.3907  0.4539  0.5096  0.8576  1.0000
       7       5       8       4       8    ****
  0.0000  0.0051  1.0000
       8       7    ****
  0.0000  0.4539  0.5096  0.8576  0.9480  1.0000
       0       1       0       1       0    ****
  0.0000  0.9480  1.0000
       0      -1    ****
 ... generation ...    5
   1   1   1   6   6   6   6
  0.0000  0.2587  0.4427  0.5096  0.8576  1.0000
       3       7       8       4       8    ****
  0.0000  0.2587  0.4427  0.5096  0.8576  1.0000
       3       7       8       4       8    ****
  0.0000  0.0051  0.4427  0.5096  0.8576  1.0000
      -1       0       1       0       1    ****
  0.0000  0.0051  0.4427  0.5096  0.8576  1.0000
      -1       0       1       0       1    ****
   2   3   2   8   9   7   2
  0.0000  0.2587  0.4427  0.5096  0.8089  0.8356  0.8927  1.0000
       3       7       8       4       5       2       8    ****
  0.0000  0.0051  0.1979  0.2750  0.4300  0.8356  0.8562  0.8576  1.0000
       8       7       1       2       5       2       4       8    ****
  0.0000  0.0051  0.4427  0.4821  0.8576  0.8927  1.0000
      -1       0       1       0      -1       1    ****
  0.0000  1.0000
       0    ****
   3   1   2   3  11   6   2
  0.0000  0.0051  1.0000
       8       7    ****
  0.0000  0.0051  0.1979  0.2750  0.4300  0.7197  0.8127  0.8356  0.8562  0.8576
       8       7       1       2       5       4       5       2       4       8
  1.0000
    ****
  0.0000  0.0051  0.4427  0.5096  0.8576  1.0000
       1       0      -1       0      -1    ****
  0.0000  1.0000
       0    ****
   4   2   3   9   9   2   6
  0.0000  0.0051  0.1979  0.2750  0.4300  0.8356  0.8562  0.8576  1.0000
       8       7       1       2       5       2       4       8    ****
  0.0000  0.2587  0.3555  0.4300  0.4821  0.5096  0.8089  0.8356  1.0000
       3       7       2       5       8       4       5       2    ****
  0.0000  1.0000
       0    ****
  0.0000  0.0051  0.4427  0.4821  0.8576  1.0000
      -1       0      -1       0      -1    ****
 ... generation ...    6
   1   4   1   9   6   6   2
  0.0000  0.2587  0.3555  0.4300  0.4821  0.5096  0.8089  0.8356  1.0000
       3       7       2       5       8       4       5       2    ****
  0.0000  0.2587  0.4427  0.5096  0.8576  1.0000
       3       7       8       4       8    ****
  0.0000  0.0051  0.4821  0.5096  0.8576  1.0000
      -1       0       1       0      -1    ****
  0.0000  1.0000
       0    ****
   2   3   2   7  10   3   7
  0.0000  0.0051  0.1979  0.2750  0.4300  0.6683  1.0000
       8       7       1       2       5       7    ****
  0.0000  0.0051  0.0164  0.2587  0.2930  0.4300  0.8356  0.8562  0.8576  1.0000
       8       7       3       7       2       5       2       4       8    ****
  0.0000  0.8576  1.0000
       0      -1    ****
  0.0000  0.0051  0.4427  0.5096  0.8576  0.8927  1.0000
       1       0      -1       0       1       0    ****
   3   1   3   6  10   2   3
  0.0000  0.2587  0.4427  0.5096  0.8576  1.0000
       3       7       8       4       8    ****
  0.0000  0.0051  0.3861  0.4300  0.7197  0.8127  0.8356  0.8562  0.8576  1.0000
       8       7       2       5       4       5       2       4       8    ****
  0.0000  1.0000
       0    ****
  0.0000  0.8576  1.0000
       0       1    ****
   4   4   1  11   6   6   2
  0.0000  0.2587  0.3555  0.4300  0.4821  0.5096  0.5977  0.8356  0.8562  0.8576
       3       7       2       5       8       4       5       2       4       8
  1.0000
    ****
  0.0000  0.2587  0.4427  0.5096  0.8576  1.0000
       3       7       8       4       8    ****
  0.0000  0.0051  0.4821  0.5096  0.8576  1.0000
      -1       0       1       0       1    ****
  0.0000  1.0000
       0    ****
 ... generation ...    7
   1   1   3   6   9   5   5
  0.0000  0.2587  0.4427  0.5096  0.8576  1.0000
       3       7       8       4       8    ****
  0.0000  0.1842  0.3861  0.4300  0.7197  0.8127  0.8340  0.8576  1.0000
       3       7       2       5       4       5       4       8    ****
  0.0000  0.4427  0.4821  0.8576  1.0000
       0       1       0       1    ****
  0.0000  0.0051  0.4427  0.5096  1.0000
      -1       0      -1       0    ****
   2   4   2   6   7   4   3
  0.0000  0.2587  0.4427  0.5096  0.8576  1.0000
       3       7       8       4       8    ****
  0.0000  0.0051  0.1979  0.2750  0.4300  0.8140  1.0000
       8       7       1       2       5       7    ****
  0.0000  0.4427  0.4821  1.0000
       0       1       0    ****
  0.0000  0.8576  1.0000
       0      -1    ****
   3   2   3   9  10   4   5
  0.0000  0.0051  0.0164  0.2587  0.2930  0.4300  0.6683  0.8665  1.0000
       8       7       3       7       2       5       7       8    ****
  0.0000  0.2587  0.4007  0.4300  0.7197  0.8127  0.8356  0.8562  0.8576  1.0000
       3       7       2       5       4       5       2       4       8    ****
  0.0000  0.8576  0.8665  1.0000
       0      -1       1    ****
  0.0000  0.0051  0.4427  0.5096  1.0000
      -1       0      -1       0    ****
   4   2   2  10   8   3   3
  0.0000  0.0051  0.0164  0.2587  0.2930  0.4300  0.8356  0.8562  0.8576  1.0000
       8       7       3       7       2       5       2       4       8    ****
  0.0000  0.0051  0.0164  0.2587  0.2930  0.4300  0.6683  1.0000
       8       7       3       7       2       5       7    ****
  0.0000  0.8576  1.0000
       0       1    ****
  0.0000  0.8576  1.0000
       0      -1    ****
 ... generation ...    8
   1   3   1  14   8   6   4
  0.0000  0.0051  0.0164  0.2587  0.2930  0.4300  0.7197  0.8127  0.8356  0.8562
       8       7       3       7       2       5       4       5       2       4
  0.8576  0.8594  0.8665  1.0000
       8       7       8    ****
  0.0000  0.1842  0.3861  0.4199  0.4427  0.5096  0.8576  1.0000
       3       7       2       7       8       4       8    ****
  0.0000  0.0051  0.8576  0.8594  0.8665  1.0000
       1       0       1      -1       0    ****
  0.0000  0.4427  0.5096  1.0000
       0       1       0    ****
   2   2   3   8   7   7   5
  0.0000  0.2587  0.4427  0.5096  0.7291  0.8140  0.9328  1.0000
       3       7       8       4       5       7       8    ****
  0.0000  0.2587  0.4007  0.4300  0.6683  0.8665  1.0000
       3       7       2       5       7       8    ****
  0.0000  0.0051  0.4427  0.5096  0.8576  0.9328  1.0000
      -1       0       1       0      -1       1    ****
  0.0000  0.0051  0.8576  0.8665  1.0000
      -1       0      -1       0    ****
   3   2   4   9  10   6   3
  0.0000  0.0051  0.1979  0.2750  0.2831  0.4427  0.5096  0.8576  1.0000
       8       7       1       2       7       8       4       8    ****
  0.0000  0.0051  0.0164  0.2587  0.2930  0.4300  0.8356  0.8562  0.8576  1.0000
       8       7       3       7       2       5       2       4       8    ****
  0.0000  0.0051  0.4427  0.5096  0.8576  1.0000
       1       0       1       0       1    ****
  0.0000  0.8576  1.0000
       0       1    ****
   4   3   4   9   8   5   3
  0.0000  0.0051  0.0164  0.2587  0.4007  0.4300  0.6683  0.8665  1.0000
       8       7       3       7       2       5       7       8    ****
  0.0000  0.0051  0.0164  0.2587  0.2930  0.4300  0.6683  1.0000
       8       7       3       7       2       5       7    ****
  0.0000  0.0051  0.8576  0.8665  1.0000
       1       0      -1       0    ****
  0.0000  0.8576  1.0000
       0      -1    ****
 ... generation ...    9
   1   1   3  14  10   7   4
  0.0000  0.0051  0.0164  0.2587  0.2930  0.4300  0.7197  0.8127  0.8356  0.8562
       8       7       3       7       2       5       4       5       2       4
  0.8576  0.8594  0.8665  1.0000
       8       7       8    ****
  0.0000  0.0051  0.0164  0.2587  0.2930  0.4300  0.8356  0.8562  0.8576  1.0000
       8       7       3       7       2       5       2       4       8    ****
  0.0000  0.0051  0.4427  0.5096  0.8594  0.8665  1.0000
       1       0      -1       0      -1       0    ****
  0.0000  0.4427  0.5096  1.0000
       0      -1       0    ****
   2   2   4   9  10   6   4
  0.0000  0.2587  0.4007  0.4300  0.6348  0.7291  0.8140  0.9328  1.0000
       3       7       2       5       4       5       7       8    ****
  0.0000  0.0051  0.0164  0.2587  0.4007  0.4300  0.6683  0.8665  0.8814  1.0000
       8       7       3       7       2       5       7       8       7    ****
  0.0000  0.4427  0.5096  0.8665  0.9328  1.0000
       0      -1       0      -1       0    ****
  0.0000  0.8665  0.8814  1.0000
       0       1      -1    ****
   3   1   4  10   8   7   3
  0.0000  0.0051  0.0164  0.1842  0.3861  0.4199  0.4427  0.5096  0.8576  1.0000
       8       7       3       7       2       7       8       4       8    ****
  0.0000  0.0051  0.0164  0.2587  0.2930  0.4300  0.6683  1.0000
       8       7       3       7       2       5       7    ****
  0.0000  0.0051  0.4427  0.5096  0.8594  0.8665  1.0000
       1       0       1       0       1       0    ****
  0.0000  0.8665  1.0000
       0      -1    ****
   4   1   1  10   8   7   7
  0.0000  0.0051  0.0123  0.1842  0.3861  0.4199  0.4427  0.5096  0.8576  1.0000
       8       7       3       7       2       7       8       4       8    ****
  0.0000  0.2087  0.3861  0.4199  0.4427  0.5096  0.8576  1.0000
       3       7       2       7       8       4       8    ****
  0.0000  0.0051  0.4427  0.5096  0.8594  0.8665  1.0000
       1       0       1       0       1       0    ****
  0.0000  0.0051  0.4427  0.5096  0.8594  0.8665  1.0000
      -1       0       1       0       1       0    ****
 ... generation ...   10
   1   3   2  10   9   7   6
  0.0000  0.0051  0.0164  0.2587  0.2930  0.4300  0.6683  0.8784  0.9090  1.0000
       8       7       3       7       2       5       7       8       7    ****
  0.0000  0.2587  0.4007  0.4300  0.6348  0.7291  0.8140  0.9328  1.0000
       3       7       2       5       4       5       7       8    ****
  0.0000  0.4427  0.5096  0.8576  0.8784  0.9090  1.0000
       0      -1       0      -1       1      -1    ****
  0.0000  0.0051  0.8665  0.8814  0.9328  1.0000
      -1       0      -1       0       1    ****
   2   2   3   9  10   6   5
  0.0000  0.2587  0.4007  0.4300  0.6348  0.7291  0.8140  0.9328  1.0000
       3       7       2       5       4       5       7       8    ****
  0.0000  0.0051  0.0164  0.1842  0.3861  0.4199  0.4427  0.5096  0.8576  1.0000
       8       7       3       7       2       7       8       4       8    ****
  0.0000  0.0051  0.8665  0.8814  0.9328  1.0000
      -1       0      -1       0       1    ****
  0.0000  0.4427  0.5096  0.8576  1.0000
       0       1       0       1    ****
   3   1   2  14  10   4   6
  0.0000  0.0051  0.0164  0.2587  0.2930  0.4300  0.7520  0.8127  0.8356  0.8562
       8       7       3       7       2       5       4       5       2       4
  0.8576  0.8594  0.8665  1.0000
       8       7       8    ****
  0.0000  0.0051  0.0164  0.2587  0.4007  0.4300  0.6683  0.8665  0.8814  1.0000
       8       7       3       7       2       5       7       8       7    ****
  0.0000  0.8594  0.8665  1.0000
       0      -1       0    ****
  0.0000  0.0051  0.8665  0.8814  0.9328  1.0000
       1       0       1       0      -1    ****
   4   3   2   8  11   5   6
  0.0000  0.0051  0.0164  0.2587  0.2930  0.4300  0.6683  1.0000
       8       7       3       7       2       5       7    ****
  0.0000  0.0051  0.0085  0.2587  0.4007  0.4300  0.6348  0.7291  0.8140  0.9328
       8       7       3       7       2       5       4       5       7       8
  1.0000
    ****
  0.0000  0.4427  0.5096  0.8576  1.0000
       0      -1       0      -1    ****
  0.0000  0.0051  0.8665  0.8814  0.9328  1.0000
       1       0      -1       0       1    ****
