 ... generation ...    0
   1   0   0   2   2   2   2
 -0.5000  0.5000
       1    ****
 -0.5000  0.5000
       2    ****
   2   0   0   2   2   2   2
 -0.5000  0.5000
       3    ****
 -0.5000  0.5000
       4    ****
   3   0   0   2   2   2   2
 -0.5000  0.5000
       5    ****
 -0.5000  0.5000
       6    ****
   4   0   0   2   2   2   2
 -0.5000  0.5000
       7    ****
 -0.5000  0.5000
       8    ****
 ... generation ...    1
   1   2   4   3   3   2   2
 -0.5000 -0.1729  0.5000
       4       3    ****
 -0.5000  0.3989  0.5000
       8       7    ****
   2   1   4   3   3   2   2
 -0.5000  0.1469  0.5000
       2       1    ****
 -0.5000 -0.2929  0.5000
       8       7    ****
   3   3   1   2   4   2   2
 -0.5000  0.5000
       5    ****
 -0.5000 -0.0912  0.3852  0.5000
       2       1       2    ****
   4   3   1   2   2   2   2
 -0.5000  0.5000
       6    ****
 -0.5000  0.5000
       1    ****
 ... generation ...    2
   1   1   4   3   2   2   2
 -0.5000 -0.1729  0.5000
       4       3    ****
 -0.5000  0.5000
       6    ****
   2   4   1   4   4   2   2
 -0.5000 -0.2921 -0.0725  0.5000
       1       6       1    ****
 -0.5000 -0.3064 -0.1729  0.5000
       8       4       3    ****
   3   1   2   5   3   2   2
 -0.5000 -0.1729  0.2034  0.2890  0.5000
       4       3       8       3    ****
 -0.5000 -0.2861  0.5000
       2       7    ****
   4   4   2   3   3   2   2
 -0.5000  0.2551  0.5000
       6       1    ****
 -0.5000 -0.2929  0.5000
       8       7    ****
 ... generation ...    3
   1   4   2   5   5   2   2
 -0.5000 -0.0433  0.0361  0.2551  0.5000
       6       7       6       1    ****
 -0.5000 -0.3064 -0.2865 -0.0725  0.5000
       8       4       6       1    ****
   2   4   3   5   6   2   2
 -0.5000  0.1037  0.1393  0.2551  0.5000
       6       7       6       1    ****
 -0.5000 -0.2861  0.1260  0.2034  0.2890  0.5000
       2       7       3       8       3    ****
   3   1   1   6   5   2   2
 -0.5000 -0.3952 -0.1729 -0.1255  0.1623  0.5000
       6       4       3       6       3    ****
 -0.5000 -0.3326 -0.1729  0.3926  0.5000
       6       4       3       6    ****
   4   1   1   3   5   2   2
 -0.5000 -0.1729  0.5000
       4       3    ****
 -0.5000 -0.1729  0.1354  0.1379  0.5000
       4       3       6       3    ****
 ... generation ...    4
   1   1   4   7   5   2   2
 -0.5000 -0.3064 -0.2865 -0.0725  0.0837  0.2508  0.5000
       8       4       6       1       6       1    ****
 -0.5000 -0.1729  0.1354  0.1379  0.5000
       4       3       6       3    ****
   2   3   4   5   5   2   2
 -0.5000 -0.3326 -0.1729  0.3926  0.5000
       6       4       3       6    ****
 -0.5000 -0.1729  0.1354  0.1379  0.5000
       4       3       6       3    ****
   3   2   4   5   5   2   2
 -0.5000  0.1037  0.1393  0.2551  0.5000
       6       7       6       1    ****
 -0.5000 -0.1729  0.1354  0.1379  0.5000
       4       3       6       3    ****
   4   1   4   7   5   2   2
 -0.5000 -0.3064 -0.2865 -0.0433  0.0361  0.2551  0.5000
       8       4       6       7       6       1    ****
 -0.5000 -0.1729  0.1354  0.1379  0.5000
       4       3       6       3    ****
 ... generation ...    5
   1   1   2   9   6   2   2
 -0.5000 -0.3064 -0.2865 -0.0725  0.0837  0.2508  0.3073  0.3383  0.5000
       8       4       6       1       6       1       3       1    ****
 -0.5000 -0.1729  0.1354  0.1379  0.3926  0.5000
       4       3       6       3       6    ****
   2   1   4   8  10   2   2
 -0.5000 -0.3064 -0.2865 -0.0725  0.0837  0.2508  0.4814  0.5000
       8       4       6       1       6       1       3    ****
 -0.5000 -0.1729 -0.0793 -0.0433  0.0361  0.1193  0.1251  0.2551  0.4615  0.5000
       4       3       6       7       6       3       6       1       3    ****
   3   1   1   6   6   2   2
 -0.5000 -0.1729  0.1354  0.1379  0.2733  0.5000
       4       3       6       3       1    ****
 -0.5000 -0.1945 -0.0725  0.0837  0.2508  0.5000
       4       6       1       6       1    ****
   4   1   2   6   4   2   2
 -0.5000 -0.3813 -0.1729  0.1354  0.1379  0.5000
       8       4       3       6       3    ****
 -0.5000 -0.1729  0.3926  0.5000
       4       3       6    ****
 ... generation ...    6
   1   1   2   7  11   2   2
 -0.5000 -0.1729  0.1354  0.1379  0.3926  0.4780  0.5000
       4       3       6       3       6       1    ****
 -0.5000 -0.3454 -0.1729 -0.0793 -0.0433  0.0361  0.1193  0.1242  0.2508  0.4615
       8       4       3       6       7       6       3       6       1       3
  0.5000
    ****
   2   4   1   4   9   2   2
 -0.5000 -0.1729  0.3926  0.5000
       4       3       6    ****
 -0.5000 -0.3064 -0.2865 -0.0725  0.0837  0.2508  0.3073  0.3383  0.5000
       8       4       6       1       6       1       3       1    ****
   3   1   1   9  11   2   2
 -0.5000 -0.1729  0.1354  0.1379  0.1752  0.2508  0.3073  0.3383  0.5000
       4       3       6       3       6       1       3       1    ****
 -0.5000 -0.3064 -0.2865 -0.0725  0.0837  0.2508  0.3073  0.3383  0.4114  0.4279
       8       4       6       1       6       1       3       1       6       1
  0.5000
    ****
   4   2   2   8   9   2   2
 -0.5000 -0.3064 -0.2865 -0.0725  0.0837  0.2508  0.4615  0.5000
       8       4       6       1       6       1       3    ****
 -0.5000 -0.4020 -0.3064 -0.2865 -0.0725  0.0837  0.2551  0.4615  0.5000
       4       8       4       6       1       6       1       3    ****
 ... generation ...    7
   1   4   4   8   8   2   2
 -0.5000 -0.3064 -0.2865 -0.0725  0.0837  0.2508  0.4615  0.5000
       8       4       6       1       6       1       3    ****
 -0.5000 -0.3064 -0.2865 -0.0725  0.0837  0.2508  0.4615  0.5000
       8       4       6       1       6       1       3    ****
   2   3   2  12   4   2   2
 -0.5000 -0.3590 -0.1729  0.1354  0.1379  0.1752  0.2508  0.3073  0.3383  0.4114
       8       4       3       6       3       6       1       3       1       6
  0.4279  0.5000
       1    ****
 -0.5000 -0.1729  0.3926  0.5000
       4       3       6    ****
   3   2   4  10   9   2   2
 -0.5000 -0.4127 -0.3064 -0.2865 -0.0725  0.0837  0.2508  0.3073  0.3383  0.5000
       4       8       4       6       1       6       1       3       1    ****
 -0.5000 -0.4020 -0.3064 -0.2865 -0.0725  0.0837  0.2551  0.4615  0.5000
       4       8       4       6       1       6       1       3    ****
   4   1   1  12   7   2   2
 -0.5000 -0.3454 -0.1729 -0.0793 -0.0433  0.0361  0.1193  0.1242  0.2508  0.4351
       8       4       3       6       7       6       3       6       1       6
  0.4780  0.5000
       1    ****
 -0.5000 -0.1729  0.1354  0.1379  0.3926  0.4780  0.5000
       4       3       6       3       6       1    ****
 ... generation ...    8
   1   1   1   8   8   2   2
 -0.5000 -0.3064 -0.2865 -0.0725  0.0837  0.2508  0.4615  0.5000
       8       4       6       1       6       1       3    ****
 -0.5000 -0.3064 -0.2865 -0.0725  0.0837  0.2508  0.4615  0.5000
       8       4       6       1       6       1       3    ****
   2   3   1  10   8   2   2
 -0.5000 -0.4127 -0.3064 -0.2865 -0.0725  0.0837  0.2508  0.3073  0.3383  0.5000
       4       8       4       6       1       6       1       3       1    ****
 -0.5000 -0.3064 -0.2865 -0.0725  0.0837  0.2508  0.4615  0.5000
       8       4       6       1       6       1       3    ****
   3   4   4   7  12   2   2
 -0.5000 -0.1729  0.1354  0.1379  0.3926  0.4780  0.5000
       4       3       6       3       6       1    ****
 -0.5000 -0.3454 -0.1729 -0.0793 -0.0433  0.0361  0.1193  0.1242  0.2508  0.4351
       8       4       3       6       7       6       3       6       1       6
  0.4780  0.5000
       1    ****
   4   3   3  10   9   2   2
 -0.5000 -0.4127 -0.3064 -0.2865 -0.0725  0.0837  0.2508  0.3073  0.3383  0.5000
       4       8       4       6       1       6       1       3       1    ****
 -0.5000 -0.4127 -0.3064 -0.2865 -0.0725  0.0837  0.2551  0.4615  0.5000
       4       8       4       6       1       6       1       3    ****
 ... generation ...    9
   1   1   2   8  10   2   2
 -0.5000 -0.3064 -0.2865 -0.0725  0.0837  0.2508  0.4615  0.5000
       8       4       6       1       6       1       3    ****
 -0.5000 -0.4127 -0.3064 -0.2865 -0.0725  0.0837  0.2508  0.3073  0.3383  0.5000
       4       8       4       6       1       6       1       3       1    ****
   2   1   4   8   9   2   2
 -0.5000 -0.3064 -0.2865 -0.0725  0.0837  0.2508  0.4615  0.5000
       8       4       6       1       6       1       3    ****
 -0.5000 -0.4127 -0.3064 -0.2865 -0.0725  0.0837  0.2551  0.4615  0.5000
       4       8       4       6       1       6       1       3    ****
   3   3   2  10   8   2   2
 -0.5000 -0.3454 -0.1729  0.1354  0.1379  0.2299  0.2508  0.4351  0.4780  0.5000
       8       4       3       6       3       6       1       6       1    ****
 -0.5000 -0.3064 -0.2865 -0.0725  0.0837  0.2508  0.4615  0.5000
       8       4       6       1       6       1       3    ****
   4   1   1   8   8   2   2
 -0.5000 -0.3064 -0.2865 -0.0725  0.0837  0.2508  0.4615  0.5000
       8       4       6       1       6       1       3    ****
 -0.5000 -0.3064 -0.2865 -0.0725  0.0837  0.2508  0.4615  0.5000
       8       4       6       1       6       1       3    ****
 ... generation ...   10
   1   3   4   8   8   2   2
 -0.5000 -0.3064 -0.2865 -0.0725  0.0837  0.2508  0.4615  0.5000
       8       4       6       1       6       1       3    ****
 -0.5000 -0.3064 -0.2865 -0.0725  0.0837  0.2508  0.4615  0.5000
       8       4       6       1       6       1       3    ****
   2   1   3  10   7   2   2
 -0.5000 -0.4127 -0.3064 -0.2865 -0.0725  0.0837  0.2508  0.3073  0.3383  0.5000
       4       8       4       6       1       6       1       3       1    ****
 -0.5000 -0.3454 -0.1729  0.1233  0.2508  0.4615  0.5000
       8       4       3       6       1       3    ****
   3   2   3   8   7   2   2
 -0.5000 -0.3064 -0.2865 -0.0725  0.0837  0.2508  0.4615  0.5000
       8       4       6       1       6       1       3    ****
 -0.5000 -0.3454 -0.1729  0.1343  0.2508  0.4615  0.5000
       8       4       3       6       1       3    ****
   4   3   2  10   8   2   2
 -0.5000 -0.3454 -0.1729  0.1354  0.1379  0.2299  0.2508  0.4351  0.4780  0.5000
       8       4       3       6       3       6       1       6       1    ****
 -0.5000 -0.3064 -0.2865 -0.0725  0.0837  0.2508  0.4615  0.5000
       8       4       6       1       6       1       3    ****
