 ... generation ...    0
   1   0   0   2   2   2   2
  0.0000  1.0000
       1    ****
  0.0000  1.0000
       2    ****
  0.0000  1.0000
       0    ****
  0.0000  1.0000
       0    ****
   2   0   0   2   2   2   2
  0.0000  1.0000
       3    ****
  0.0000  1.0000
       4    ****
  0.0000  1.0000
       0    ****
  0.0000  1.0000
       0    ****
   3   0   0   2   2   2   2
  0.0000  1.0000
       5    ****
  0.0000  1.0000
       6    ****
  0.0000  1.0000
       0    ****
  0.0000  1.0000
       0    ****
   4   0   0   2   2   2   2
  0.0000  1.0000
       7    ****
  0.0000  1.0000
       8    ****
  0.0000  1.0000
       0    ****
  0.0000  1.0000
       0    ****
 ... generation ...    1
   1   4   3   3   5   2   2
  0.0000  0.0637  1.0000
       8       7    ****
  0.0000  0.0398  0.0939  0.5864  1.0000
       6       5       6       5    ****
  0.0000  1.0000
       0    ****
  0.0000  1.0000
       0    ****
   2   2   4   3   2   3   2
  0.0000  0.6801  1.0000
       4       3    ****
  0.0000  1.0000
       8    ****
  0.0000  0.6801  1.0000
       1      -1    ****
  0.0000  1.0000
       0    ****
   3   1   3   3   2   2   2
  0.0000  0.2554  1.0000
       1       2    ****
  0.0000  1.0000
       5    ****
  0.0000  1.0000
       0    ****
  0.0000  1.0000
       0    ****
   4   3   4   2   2   2   2
  0.0000  1.0000
       5    ****
  0.0000  1.0000
       7    ****
  0.0000  1.0000
       0    ****
  0.0000  1.0000
       0    ****
 ... generation ...    2
   1   4   3   2   2   2   2
  0.0000  1.0000
       7    ****
  0.0000  1.0000
       5    ****
  0.0000  1.0000
       0    ****
  0.0000  1.0000
       0    ****
   2   2   1   3   3   4   2
  0.0000  0.4095  1.0000
       4       8    ****
  0.0000  0.0637  1.0000
       8       7    ****
  0.0000  0.4095  0.6801  1.0000
       1      -1       0    ****
  0.0000  1.0000
       0    ****
   3   1   4   4   2   2   2
  0.0000  0.0637  0.8828  1.0000
       8       7       5    ****
  0.0000  1.0000
       5    ****
  0.0000  1.0000
       0    ****
  0.0000  1.0000
       0    ****
   4   4   1   2   4   2   2
  0.0000  1.0000
       7    ****
  0.0000  0.0019  0.0637  1.0000
       6       8       7    ****
  0.0000  1.0000
       0    ****
  0.0000  1.0000
       0    ****
 ... generation ...    3
   1   3   2   4   3   2   3
  0.0000  0.5467  0.8828  1.0000
       5       7       5    ****
  0.0000  0.0637  1.0000
       8       7    ****
  0.0000  1.0000
       0    ****
  0.0000  0.4095  1.0000
      -1       0    ****
   2   1   3   3   4   2   2
  0.0000  0.2682  1.0000
       7       5    ****
  0.0000  0.4592  0.8828  1.0000
       5       7       5    ****
  0.0000  1.0000
       0    ****
  0.0000  1.0000
       0    ****
   3   2   4   3   2   3   2
  0.0000  0.0637  1.0000
       8       7    ****
  0.0000  1.0000
       7    ****
  0.0000  0.4095  1.0000
      -1       0    ****
  0.0000  1.0000
       0    ****
   4   1   3   2   4   2   2
  0.0000  1.0000
       7    ****
  0.0000  0.0637  0.1924  1.0000
       8       7       5    ****
  0.0000  1.0000
       0    ****
  0.0000  1.0000
       0    ****
 ... generation ...    4
   1   3   1   2   3   2   2
  0.0000  1.0000
       7    ****
  0.0000  0.5467  1.0000
       5       7    ****
  0.0000  1.0000
       0    ****
  0.0000  1.0000
       0    ****
   2   3   3   3   2   2   2
  0.0000  0.0637  1.0000
       8       7    ****
  0.0000  1.0000
       7    ****
  0.0000  1.0000
       0    ****
  0.0000  1.0000
       0    ****
   3   3   3   3   3   2   2
  0.0000  0.0637  1.0000
       8       7    ****
  0.0000  0.0637  1.0000
       8       7    ****
  0.0000  1.0000
       0    ****
  0.0000  1.0000
       0    ****
   4   1   3   3   2   2   2
  0.0000  0.0637  1.0000
       8       7    ****
  0.0000  1.0000
       7    ****
  0.0000  1.0000
       0    ****
  0.0000  1.0000
       0    ****
 ... generation ...    5
   1   3   2   3   2   2   2
  0.0000  0.0637  1.0000
       8       7    ****
  0.0000  1.0000
       7    ****
  0.0000  1.0000
       0    ****
  0.0000  1.0000
       0    ****
   2   2   3   3   3   2   2
  0.0000  0.0637  1.0000
       8       7    ****
  0.0000  0.0637  1.0000
       8       7    ****
  0.0000  1.0000
       0    ****
  0.0000  1.0000
       0    ****
   3   2   1   3   2   2   2
  0.0000  0.0637  1.0000
       8       7    ****
  0.0000  1.0000
       7    ****
  0.0000  1.0000
       0    ****
  0.0000  1.0000
       0    ****
   4   2   2   2   2   2   2
  0.0000  1.0000
       7    ****
  0.0000  1.0000
       7    ****
  0.0000  1.0000
       0    ****
  0.0000  1.0000
       0    ****
 ... generation ...    6
   1   4   3   2   3   2   2
  0.0000  1.0000
       7    ****
  0.0000  0.0637  1.0000
       8       7    ****
  0.0000  1.0000
       0    ****
  0.0000  1.0000
       0    ****
   2   1   1   3   3   2   2
  0.0000  0.0637  1.0000
       8       7    ****
  0.0000  0.0637  1.0000
       8       7    ****
  0.0000  1.0000
       0    ****
  0.0000  1.0000
       0    ****
   3   1   4   2   2   2   2
  0.0000  1.0000
       7    ****
  0.0000  1.0000
       7    ****
  0.0000  1.0000
       0    ****
  0.0000  1.0000
       0    ****
   4   2   1   3   2   2   2
  0.0000  0.0637  1.0000
       8       7    ****
  0.0000  1.0000
       7    ****
  0.0000  1.0000
       0    ****
  0.0000  1.0000
       0    ****
 ... generation ...    7
   1   3   3   2   2   2   2
  0.0000  1.0000
       7    ****
  0.0000  1.0000
       7    ****
  0.0000  1.0000
       0    ****
  0.0000  1.0000
       0    ****
   2   3   2   2   3   2   2
  0.0000  1.0000
       7    ****
  0.0000  0.0637  1.0000
       8       7    ****
  0.0000  1.0000
       0    ****
  0.0000  1.0000
       0    ****
   3   2   1   3   2   2   2
  0.0000  0.0637  1.0000
       8       7    ****
  0.0000  1.0000
       7    ****
  0.0000  1.0000
       0    ****
  0.0000  1.0000
       0    ****
   4   1   3   2   2   2   2
  0.0000  1.0000
       7    ****
  0.0000  1.0000
       7    ****
  0.0000  1.0000
       0    ****
  0.0000  1.0000
       0    ****
 ... generation ...    8
   1   2   2   2   3   2   2
  0.0000  1.0000
       7    ****
  0.0000  0.0637  1.0000
       8       7    ****
  0.0000  1.0000
       0    ****
  0.0000  1.0000
       0    ****
   2   2   2   3   3   2   2
  0.0000  0.0637  1.0000
       8       7    ****
  0.0000  0.0637  1.0000
       8       7    ****
  0.0000  1.0000
       0    ****
  0.0000  1.0000
       0    ****
   3   4   4   2   2   2   2
  0.0000  1.0000
       7    ****
  0.0000  1.0000
       7    ****
  0.0000  1.0000
       0    ****
  0.0000  1.0000
       0    ****
   4   4   3   2   2   2   2
  0.0000  1.0000
       7    ****
  0.0000  1.0000
       7    ****
  0.0000  1.0000
       0    ****
  0.0000  1.0000
       0    ****
 ... generation ...    9
   1   4   3   2   2   2   2
  0.0000  1.0000
       7    ****
  0.0000  1.0000
       7    ****
  0.0000  1.0000
       0    ****
  0.0000  1.0000
       0    ****
   2   4   4   2   2   2   2
  0.0000  1.0000
       7    ****
  0.0000  1.0000
       7    ****
  0.0000  1.0000
       0    ****
  0.0000  1.0000
       0    ****
   3   1   4   2   2   2   2
  0.0000  1.0000
       7    ****
  0.0000  1.0000
       7    ****
  0.0000  1.0000
       0    ****
  0.0000  1.0000
       0    ****
   4   2   1   3   2   2   2
  0.0000  0.0637  1.0000
       8       7    ****
  0.0000  1.0000
       7    ****
  0.0000  1.0000
       0    ****
  0.0000  1.0000
       0    ****
 ... generation ...   10
   1   4   3   2   2   2   2
  0.0000  1.0000
       7    ****
  0.0000  1.0000
       7    ****
  0.0000  1.0000
       0    ****
  0.0000  1.0000
       0    ****
   2   2   3   2   2   2   2
  0.0000  1.0000
       7    ****
  0.0000  1.0000
       7    ****
  0.0000  1.0000
       0    ****
  0.0000  1.0000
       0    ****
   3   3   1   2   2   2   2
  0.0000  1.0000
       7    ****
  0.0000  1.0000
       7    ****
  0.0000  1.0000
       0    ****
  0.0000  1.0000
       0    ****
   4   2   3   2   2   2   2
  0.0000  1.0000
       7    ****
  0.0000  1.0000
       7    ****
  0.0000  1.0000
       0    ****
  0.0000  1.0000
       0    ****
