 ... generation ...    0
   1   0   0   2   2   2   2
 -0.5000  0.5000
       1    ****
  0.0000  0.0000  0.0000  0.0000  0.0000  0.0000  0.0000  0.0000  0.0000  0.0000  0.0000  0.0000  0.0000  0.0000  0.0000
 -0.5000  0.5000
       2    ****
  0.9930  0.0000 -0.1114 -0.0000  0.0333  0.0000 -0.0154 -0.0000  0.0088  0.0000 -0.0057 -0.0000  0.0039 -0.0000 -0.0029
 -0.5000  0.5000
       0    ****
  0.0000  0.0000  0.0000  0.0000  0.0000  0.0000  0.0000  0.0000  0.0000  0.0000  0.0000  0.0000  0.0000  0.0000  0.0000
 -0.5000  0.5000
       0    ****
  0.0000  0.0000  0.0000  0.0000  0.0000  0.0000  0.0000  0.0000  0.0000  0.0000  0.0000  0.0000  0.0000  0.0000  0.0000
   2   0   0   2   2   2   2
 -0.5000  0.5000
       3    ****
  0.0000  0.0000  0.0000  0.0000  0.0000  0.0000  0.0000  0.0000  0.0000  0.0000  0.0000  0.0000  0.0000  0.0000  0.0000
 -0.5000  0.5000
       4    ****
  0.0000  0.0000  0.0000  0.0000  0.0000  0.0000  0.0000  0.0000  0.0000  0.0000  0.0000  0.0000  0.0000  0.0000  0.0000
 -0.5000  0.5000
       0    ****
  0.0000  0.0000  0.0000  0.0000  0.0000  0.0000  0.0000  0.0000  0.0000  0.0000  0.0000  0.0000  0.0000  0.0000  0.0000
 -0.5000  0.5000
       0    ****
  0.0000  0.0000  0.0000  0.0000  0.0000  0.0000  0.0000  0.0000  0.0000  0.0000  0.0000  0.0000  0.0000  0.0000  0.0000
   3   0   0   2   2   2   2
 -0.5000  0.5000
       5    ****
  0.0000  0.0000  0.0000  0.0000  0.0000  0.0000  0.0000  0.0000  0.0000  0.0000  0.0000  0.0000  0.0000  0.0000  0.0000
 -0.5000  0.5000
       6    ****
  0.0000  0.0000  0.0000  0.0000  0.0000  0.0000  0.0000  0.0000  0.0000  0.0000  0.0000  0.0000  0.0000  0.0000  0.0000
 -0.5000  0.5000
       0    ****
  0.0000  0.0000  0.0000  0.0000  0.0000  0.0000  0.0000  0.0000  0.0000  0.0000  0.0000  0.0000  0.0000  0.0000  0.0000
 -0.5000  0.5000
       0    ****
  0.0000  0.0000  0.0000  0.0000  0.0000  0.0000  0.0000  0.0000  0.0000  0.0000  0.0000  0.0000  0.0000  0.0000  0.0000
   4   0   0   2   2   2   2
 -0.5000  0.5000
       7    ****
  0.0000  0.0000  0.0000  0.0000  0.0000  0.0000  0.0000  0.0000  0.0000  0.0000  0.0000  0.0000  0.0000  0.0000  0.0000
 -0.5000  0.5000
       8    ****
  0.0000  0.0000  0.0000  0.0000  0.0000  0.0000  0.0000  0.0000  0.0000  0.0000  0.0000  0.0000  0.0000  0.0000  0.0000
 -0.5000  0.5000
       0    ****
  0.0000  0.0000  0.0000  0.0000  0.0000  0.0000  0.0000  0.0000  0.0000  0.0000  0.0000  0.0000  0.0000  0.0000  0.0000
 -0.5000  0.5000
       0    ****
  0.0000  0.0000  0.0000  0.0000  0.0000  0.0000  0.0000  0.0000  0.0000  0.0000  0.0000  0.0000  0.0000  0.0000  0.0000


  0.1250  0.1250  0.1250  0.1250  0.1250  0.1250  0.1250  0.1250  0.1250  0.1250  0.1250  0.1250  0.1250  0.1250  0.1250
  0.1250  0.1250  0.1250  0.1250  0.1250  0.1250  0.1250  0.1250  0.1250  0.1250  0.1250  0.1250  0.1250  0.1250  0.1250
  0.1250  0.1250  0.1250  0.1250  0.1250  0.1250  0.1250  0.1250  0.1250  0.1250  0.1250  0.1250  0.1250  0.1250  0.1250
  0.1250  0.1250  0.1250  0.1250  0.1250  0.1250  0.1250  0.1250  0.1250  0.1250  0.1250  0.1250  0.1250  0.1250  0.1250
  0.1250  0.1250  0.1250  0.1250  0.1250  0.1250  0.1250  0.1250  0.1250  0.1250  0.1250  0.1250  0.1250  0.1250  0.1250
  0.1250  0.1250  0.1250  0.1250  0.1250  0.1250  0.1250  0.1250  0.1250  0.1250  0.1250  0.1250  0.1250  0.1250  0.1250
  0.1250  0.1250  0.1250  0.1250  0.1250  0.1250  0.1250  0.1250  0.1250  0.1250


  0.1241  0.0000 -0.0139 -0.0000  0.0042  0.0000 -0.0019 -0.0000  0.0011  0.0000 -0.0007 -0.0000  0.0005 -0.0000 -0.0004
  0.0000  0.0003 -0.0000 -0.0002 -0.0000  0.0002 -0.0000 -0.0001  0.0000  0.0001 -0.0000 -0.0001  0.0000  0.0001 -0.0000
 ... generation ...    1
   1   1   3   4   2   4   2
 -0.5000 -0.1575  0.2878  0.5000
       2       1       2    ****
  0.5064  0.1308 -0.4696  0.1375 -0.0061 -0.0607  0.0272 -0.1229  0.0036  0.0042  0.0224  0.0624  0.0531  0.0096 -0.0263
 -0.5000  0.5000
       6    ****
  0.0000  0.0000  0.0000  0.0000  0.0000  0.0000  0.0000  0.0000  0.0000  0.0000  0.0000  0.0000  0.0000  0.0000  0.0000
 -0.5000 -0.1575  0.2878  0.5000
       1      -1       1    ****
  0.0198  0.2616 -0.8278  0.2750 -0.0454 -0.1213  0.0698 -0.2458 -0.0015  0.0084  0.0505  0.1248  0.1022  0.0192 -0.0498
 -0.5000  0.5000
       0    ****
  0.0000  0.0000  0.0000  0.0000  0.0000  0.0000  0.0000  0.0000  0.0000  0.0000  0.0000  0.0000  0.0000  0.0000  0.0000
   2   1   1   3   2   3   2
 -0.5000 -0.3962  0.5000
       2       1    ****
  0.0838  0.1292 -0.1380 -0.1312  0.1171  0.0988 -0.0782 -0.0567  0.0357  0.0164  0.0002  0.0135 -0.0229 -0.0284  0.0301
 -0.5000  0.5000
       1    ****
  0.0000  0.0000  0.0000  0.0000  0.0000  0.0000  0.0000  0.0000  0.0000  0.0000  0.0000  0.0000  0.0000  0.0000  0.0000
 -0.5000 -0.3962  0.5000
       1      -1    ****
 -0.8255  0.2584 -0.1646 -0.2625  0.2009  0.1976 -0.1409 -0.1133  0.0626  0.0328  0.0061  0.0269 -0.0498 -0.0568  0.0630
 -0.5000  0.5000
      -1    ****
 -0.9930 -0.0000  0.1114  0.0000 -0.0333 -0.0000  0.0154  0.0000 -0.0088 -0.0000  0.0057  0.0000 -0.0039  0.0000  0.0029
   3   4   1   3   4   2   4
 -0.5000  0.0654  0.5000
       8       7    ****
  0.0000  0.0000  0.0000  0.0000  0.0000  0.0000  0.0000  0.0000  0.0000  0.0000  0.0000  0.0000  0.0000  0.0000  0.0000
 -0.5000 -0.3560 -0.2470  0.5000
       1       2       1    ****
  0.1065  0.1315 -0.0689  0.0256 -0.1035 -0.1337  0.1093  0.0465  0.0247  0.0750 -0.0882 -0.0663  0.0259 -0.0120  0.0324
 -0.5000  0.5000
       0    ****
  0.0000  0.0000  0.0000  0.0000  0.0000  0.0000  0.0000  0.0000  0.0000  0.0000  0.0000  0.0000  0.0000  0.0000  0.0000
 -0.5000 -0.3560 -0.2470  0.5000
      -1       1      -1    ****
 -0.7800  0.2629 -0.0264  0.0512 -0.2402 -0.2675  0.2340  0.0930  0.0407  0.1501 -0.1707 -0.1326  0.0479 -0.0240  0.0677
   4   3   1   3   5   2   5
 -0.5000  0.0263  0.5000
       6       5    ****
  0.0000  0.0000  0.0000  0.0000  0.0000  0.0000  0.0000  0.0000  0.0000  0.0000  0.0000  0.0000  0.0000  0.0000  0.0000
 -0.5000 -0.0255  0.0403  0.3912  0.5000
       2       1       2       1    ****
  0.8307  0.1383 -0.0560 -0.1294 -0.1752  0.1092 -0.0255 -0.0382 -0.1018  0.0262 -0.0879  0.0386 -0.0363 -0.0111 -0.0938
 -0.5000  0.5000
       0    ****
  0.0000  0.0000  0.0000  0.0000  0.0000  0.0000  0.0000  0.0000  0.0000  0.0000  0.0000  0.0000  0.0000  0.0000  0.0000
 -0.5000 -0.0255  0.0403  0.3912  0.5000
       1      -1       1      -1    ****
  0.6683  0.2765 -0.0005 -0.2587 -0.3836  0.2185 -0.0355 -0.0764 -0.2123  0.0523 -0.1702  0.0773 -0.0766 -0.0221 -0.1846


  0.3750  0.3750  0.3750  0.3750  0.3750  0.3750  0.3750  0.3750  0.3750  0.3750  0.2500  0.2500  0.2500  0.2500  0.3750
  0.3750  0.3750  0.3750  0.3750  0.3750  0.3750  0.3750  0.3750  0.3750  0.3750  0.2500  0.2500  0.2500  0.2500  0.2500
  0.2500  0.2500  0.2500  0.2500  0.1250  0.1250  0.1250  0.1250  0.1250  0.1250  0.1250  0.1250  0.1250  0.1250  0.1250
  0.1250  0.1250  0.0000  0.0000  0.0000  0.0000  0.0000  0.0000  0.0000  0.1250  0.1250  0.1250  0.1250  0.1250  0.1250
  0.1250  0.1250  0.1250  0.1250  0.1250  0.1250  0.1250  0.1250  0.1250  0.1250  0.1250  0.1250  0.1250  0.1250  0.1250
  0.1250  0.1250  0.1250  0.1250  0.2500  0.2500  0.2500  0.2500  0.2500  0.2500  0.2500  0.2500  0.2500  0.2500  0.1250
  0.1250  0.1250  0.1250  0.1250  0.1250  0.1250  0.1250  0.1250  0.1250  0.1250


  0.3150  0.0662 -0.1055 -0.0122 -0.0168  0.0017  0.0022 -0.0214 -0.0036  0.0152 -0.0199  0.0060  0.0030 -0.0052 -0.0076
  0.0130 -0.0153 -0.0004 -0.0051 -0.0003 -0.0031 -0.0005 -0.0018 -0.0019  0.0017  0.0134 -0.0047 -0.0029 -0.0026 -0.0045
 ... generation ...    2
   1   2   4   3   7   3   7
 -0.5000 -0.3962  0.5000
       2       1    ****
  0.0838  0.1292 -0.1380 -0.1312  0.1171  0.0988 -0.0782 -0.0567  0.0357  0.0164  0.0002  0.0135 -0.0229 -0.0284  0.0301
 -0.5000 -0.3981 -0.3603 -0.0255  0.0403  0.3912  0.5000
       2       6       2       1       2       1    ****
  0.7968  0.0894 -0.0120 -0.1005 -0.1840  0.1213 -0.0560 -0.0822 -0.0511  0.0758 -0.1293  0.0113 -0.0266 -0.0199 -0.0683
 -0.5000 -0.3962  0.5000
       1       0    ****
  0.0838  0.1292 -0.1380 -0.1312  0.1171  0.0988 -0.0782 -0.0567  0.0357  0.0164  0.0002  0.0135 -0.0229 -0.0284  0.0301
 -0.5000 -0.3981 -0.3603 -0.0255  0.0403  0.3912  0.5000
       1      -1       1       0       1       0    ****
  0.7629  0.0405  0.0320 -0.0717 -0.1929  0.1333 -0.0866 -0.1263 -0.0005  0.1254 -0.1707 -0.0160 -0.0170 -0.0287 -0.0428
   2   4   3   3   3   5   4
 -0.5000  0.0263  0.5000
       6       5    ****
  0.0000  0.0000  0.0000  0.0000  0.0000  0.0000  0.0000  0.0000  0.0000  0.0000  0.0000  0.0000  0.0000  0.0000  0.0000
 -0.5000  0.0654  0.5000
       8       7    ****
  0.0000  0.0000  0.0000  0.0000  0.0000  0.0000  0.0000  0.0000  0.0000  0.0000  0.0000  0.0000  0.0000  0.0000  0.0000
 -0.5000 -0.0255  0.0403  0.3912  0.5000
      -1       0      -1       0    ****
 -0.8307 -0.1383  0.0560  0.1294  0.1752 -0.1092  0.0255  0.0382  0.1018 -0.0262  0.0879 -0.0386  0.0363  0.0111  0.0938
 -0.5000 -0.3560 -0.2470  0.5000
       0      -1       0    ****
 -0.1065 -0.1315  0.0689 -0.0256  0.1035  0.1337 -0.1093 -0.0465 -0.0247 -0.0750  0.0882  0.0663 -0.0259  0.0120 -0.0324
   3   4   1   5   4   5   4
 -0.5000 -0.0255  0.0403  0.3912  0.5000
       2       1       2       1    ****
  0.8307  0.1383 -0.0560 -0.1294 -0.1752  0.1092 -0.0255 -0.0382 -0.1018  0.0262 -0.0879  0.0386 -0.0363 -0.0111 -0.0938
 -0.5000 -0.1575  0.2576  0.5000
       2       1       6    ****
  0.3211  0.3968 -0.2309 -0.0249 -0.0807 -0.0602 -0.0179 -0.0654  0.0460 -0.0081  0.0404  0.0254  0.0140  0.0357 -0.0211
 -0.5000 -0.0255  0.0403  0.3912  0.5000
       1       0       1       0    ****
  0.8307  0.1383 -0.0560 -0.1294 -0.1752  0.1092 -0.0255 -0.0382 -0.1018  0.0262 -0.0879  0.0386 -0.0363 -0.0111 -0.0938
 -0.5000 -0.1575  0.2878  0.5000
       1       0      -1    ****
  0.1359  0.6627  0.0078 -0.1873 -0.1554 -0.0598 -0.0631 -0.0078  0.0884 -0.0204  0.0585 -0.0116 -0.0251  0.0618 -0.0159
   4   2   3   4   3   4   4
 -0.5000 -0.4541 -0.3962  0.5000
       1       2       1    ****
  0.0485  0.0738 -0.0763 -0.0682  0.0546  0.0377 -0.0191 -0.0001 -0.0179 -0.0339  0.0470  0.0565 -0.0620 -0.0634  0.0610
 -0.5000  0.0654  0.5000
       8       7    ****
  0.0000  0.0000  0.0000  0.0000  0.0000  0.0000  0.0000  0.0000  0.0000  0.0000  0.0000  0.0000  0.0000  0.0000  0.0000
 -0.5000 -0.4541 -0.3962  0.5000
      -1       1       0    ****
  0.0133  0.0185 -0.0146 -0.0051 -0.0080 -0.0234  0.0400  0.0564 -0.0715 -0.0843  0.0938  0.0995 -0.1011 -0.0985  0.0919
 -0.5000 -0.3560 -0.2470  0.5000
       0      -1       0    ****
 -0.1065 -0.1315  0.0689 -0.0256  0.1035  0.1337 -0.1093 -0.0465 -0.0247 -0.0750  0.0882  0.0663 -0.0259  0.0120 -0.0324


  0.5000  0.5000  0.5000  0.5000  0.5000  0.6250  0.6250  0.6250  0.6250  0.6250  0.2500  0.2500  0.2500  0.2500  0.3750
  0.3750  0.3750  0.3750  0.3750  0.3750  0.3750  0.3750  0.3750  0.3750  0.3750  0.3750  0.3750  0.3750  0.3750  0.3750
  0.3750  0.3750  0.3750  0.3750  0.2500  0.2500  0.2500  0.2500  0.2500  0.2500  0.2500  0.2500  0.2500  0.2500  0.2500
  0.2500  0.2500  0.0000  0.0000  0.0000  0.0000  0.0000  0.0000  0.0000  0.2500  0.2500  0.2500  0.2500  0.2500  0.2500
  0.2500  0.2500  0.2500  0.2500  0.2500  0.2500  0.2500  0.2500  0.2500  0.2500  0.2500  0.2500  0.2500  0.2500  0.2500
  0.2500  0.2500  0.2500  0.2500  0.2500  0.2500  0.2500  0.2500  0.2500  0.2500  0.2500  0.2500  0.2500  0.2500  0.0000
  0.0000  0.0000  0.0000  0.0000  0.0000  0.0000  0.0000  0.0000  0.0000  0.0000


  0.5752  0.1696 -0.1696 -0.0690 -0.0503  0.0401 -0.0224 -0.0517 -0.0148  0.0248 -0.0361  0.0242 -0.0138 -0.0161 -0.0191
  0.0413 -0.0405 -0.0122 -0.0098  0.0052 -0.0141  0.0094 -0.0077 -0.0112  0.0039  0.0317 -0.0151 -0.0076 -0.0011 -0.0042
 ... generation ...    3
   1   3   4   5   4   6   4
 -0.5000 -0.0255  0.0403  0.3912  0.5000
       2       1       2       1    ****
  0.8307  0.1383 -0.0560 -0.1294 -0.1752  0.1092 -0.0255 -0.0382 -0.1018  0.0262 -0.0879  0.0386 -0.0363 -0.0111 -0.0938
 -0.5000  0.0654  0.4586  0.5000
       8       7       1    ****
  0.0000  0.0000  0.0000  0.0000  0.0000  0.0000  0.0000  0.0000  0.0000  0.0000  0.0000  0.0000  0.0000  0.0000  0.0000
 -0.5000 -0.1575 -0.0255  0.0403  0.3912  0.5000
       0       1       0       1       0    ****
  0.5095 -0.2585  0.1750 -0.1044 -0.0944  0.1695 -0.0075  0.0271 -0.1478  0.0343 -0.1284  0.0132 -0.0503 -0.0468 -0.0726
 -0.5000 -0.4541 -0.3962  0.5000
       0      -1       0    ****
 -0.0485 -0.0738  0.0763  0.0682 -0.0546 -0.0377  0.0191  0.0001  0.0179  0.0339 -0.0470 -0.0565  0.0620  0.0634 -0.0610
   2   1   1   5   3   9   8
 -0.5000 -0.3981 -0.3603 -0.3574  0.5000
       2       6       2       1    ****
  0.0847  0.1304 -0.1387 -0.1309  0.1157  0.0965 -0.0755 -0.0542  0.0341  0.0161 -0.0012  0.0105 -0.0186 -0.0235  0.0254
 -0.5000 -0.3962  0.5000
       2       1    ****
  0.0838  0.1292 -0.1380 -0.1312  0.1171  0.0988 -0.0782 -0.0567  0.0357  0.0164  0.0002  0.0135 -0.0229 -0.0284  0.0301
 -0.5000 -0.3981 -0.3962 -0.3603 -0.3574 -0.0255  0.0403  0.3912  0.5000
       0      -1       0       1      -1       0      -1       0    ****
 -0.7111  0.0423 -0.1274 -0.0300  0.2983 -0.0270 -0.0168  0.0305  0.0836 -0.0599  0.1267 -0.0039  0.0123  0.0012  0.0891
 -0.5000 -0.3981 -0.3962 -0.3603 -0.0255  0.0403  0.3912  0.5000
       0       1       0      -1       0      -1       0    ****
 -0.7130  0.0398 -0.1260 -0.0307  0.3011 -0.0225 -0.0221  0.0256  0.0868 -0.0594  0.1295  0.0021  0.0037 -0.0085  0.0983
   3   1   2   5   4   8   2
 -0.5000 -0.3962  0.0403  0.3912  0.5000
       2       1       2       1    ****
  0.4466 -0.1906 -0.1037 -0.3692 -0.0397  0.1163 -0.0615 -0.1428 -0.0370  0.0019 -0.0526  0.0286 -0.0305 -0.0585 -0.0333
 -0.5000  0.0654  0.3956  0.5000
       8       7       5    ****
  0.0000  0.0000  0.0000  0.0000  0.0000  0.0000  0.0000  0.0000  0.0000  0.0000  0.0000  0.0000  0.0000  0.0000  0.0000
 -0.5000 -0.3981 -0.3962 -0.3603 -0.0255  0.0403  0.3912  0.5000
       0       1       0      -1       0       1       0    ****
  0.0127 -0.5997 -0.0575 -0.5066 -0.0125  0.0126  0.0113 -0.1467 -0.0585 -0.0884  0.0238  0.0324 -0.0115 -0.0687 -0.0285
 -0.5000  0.5000
       0    ****
  0.0000  0.0000  0.0000  0.0000  0.0000  0.0000  0.0000  0.0000  0.0000  0.0000  0.0000  0.0000  0.0000  0.0000  0.0000
   4   4   4   6   3   4   4
 -0.5000 -0.4541 -0.3962  0.3841  0.4280  0.5000
       1       2       1       7       1    ****
  0.0485  0.0738 -0.0763 -0.0682  0.0546  0.0377 -0.0191 -0.0001 -0.0179 -0.0339  0.0470  0.0565 -0.0620 -0.0634  0.0610
 -0.5000  0.0654  0.5000
       8       7    ****
  0.0000  0.0000  0.0000  0.0000  0.0000  0.0000  0.0000  0.0000  0.0000  0.0000  0.0000  0.0000  0.0000  0.0000  0.0000
 -0.5000 -0.4541 -0.3962  0.5000
       0       1       0    ****
  0.0485  0.0738 -0.0763 -0.0682  0.0546  0.0377 -0.0191 -0.0001 -0.0179 -0.0339  0.0470  0.0565 -0.0620 -0.0634  0.0610
 -0.5000 -0.4541 -0.3962  0.5000
       0      -1       0    ****
 -0.0485 -0.0738  0.0763  0.0682 -0.0546 -0.0377  0.0191  0.0001  0.0179  0.0339 -0.0470 -0.0565  0.0620  0.0634 -0.0610


  0.5000  0.5000  0.5000  0.5000  0.5000  0.6250  0.6250  0.6250  0.6250  0.6250  0.1250  0.1250  0.1250  0.1250  0.1250
  0.1250  0.1250  0.1250  0.1250  0.1250  0.1250  0.1250  0.1250  0.1250  0.1250  0.1250  0.1250  0.1250  0.1250  0.1250
  0.1250  0.1250  0.1250  0.1250  0.1250  0.1250  0.1250  0.1250  0.1250  0.1250  0.1250  0.1250  0.1250  0.1250  0.1250
  0.1250  0.1250  0.0000  0.0000  0.0000  0.0000  0.0000  0.0000  0.0000  0.2500  0.2500  0.2500  0.2500  0.2500  0.2500
  0.2500  0.2500  0.2500  0.2500  0.2500  0.2500  0.2500  0.2500  0.2500  0.2500  0.2500  0.2500  0.2500  0.2500  0.2500
  0.2500  0.2500  0.2500  0.2500  0.2500  0.2500  0.2500  0.2500  0.2500  0.2500  0.2500  0.2500  0.2500  0.2500  0.0000
  0.0000  0.0000  0.0000  0.0000  0.0000  0.0000  0.0000  0.0000  0.0000  0.0000


  0.7619  0.2048 -0.2337 -0.1726 -0.0412  0.0974 -0.0549 -0.0882 -0.0256  0.0281 -0.0479  0.0427 -0.0351 -0.0392 -0.0204
  0.0689 -0.0593 -0.0219 -0.0116  0.0115 -0.0218  0.0226 -0.0145 -0.0212  0.0068  0.0488 -0.0230 -0.0129  0.0045 -0.0014
 ... generation ...    4
   1   3   4   4   7   5   6
 -0.5000  0.0654  0.3956  0.5000
       8       7       5    ****
  0.0000  0.0000  0.0000  0.0000  0.0000  0.0000  0.0000  0.0000  0.0000  0.0000  0.0000  0.0000  0.0000  0.0000  0.0000
 -0.5000 -0.4541 -0.4077 -0.4057 -0.3962  0.1201  0.5000
       1       2       8       2       1       7    ****
  0.0468  0.0712 -0.0737 -0.0661  0.0532  0.0371 -0.0194 -0.0013 -0.0161 -0.0315  0.0443  0.0537 -0.0593 -0.0611  0.0593
 -0.5000 -0.3962  0.0403  0.3912  0.5000
      -1       0      -1       0    ****
 -0.4466  0.1906  0.1037  0.3692  0.0397 -0.1163  0.0615  0.1428  0.0370 -0.0019  0.0526 -0.0286  0.0305  0.0585  0.0333
 -0.5000 -0.4541 -0.4077 -0.4057 -0.3962  0.5000
       0       1      -1       1       0    ****
  0.0451  0.0687 -0.0712 -0.0640  0.0518  0.0365 -0.0197 -0.0024 -0.0142 -0.0291  0.0416  0.0509 -0.0567 -0.0588  0.0576
   2   2   3   3   4   6   5
 -0.5000 -0.3962  0.5000
       2       1    ****
  0.0838  0.1292 -0.1380 -0.1312  0.1171  0.0988 -0.0782 -0.0567  0.0357  0.0164  0.0002  0.0135 -0.0229 -0.0284  0.0301
 -0.5000  0.0654  0.3956  0.5000
       8       7       5    ****
  0.0000  0.0000  0.0000  0.0000  0.0000  0.0000  0.0000  0.0000  0.0000  0.0000  0.0000  0.0000  0.0000  0.0000  0.0000
 -0.5000 -0.3981 -0.3962 -0.3603 -0.3574  0.5000
       0       1       0      -1       0    ****
 -0.0010 -0.0012  0.0007 -0.0003  0.0014  0.0023 -0.0027 -0.0025  0.0016  0.0003  0.0014  0.0030 -0.0043 -0.0049  0.0046
 -0.5000 -0.3962  0.0403  0.3912  0.5000
      -1       0      -1       0    ****
 -0.4466  0.1906  0.1037  0.3692  0.0397 -0.1163  0.0615  0.1428  0.0370 -0.0019  0.0526 -0.0286  0.0305  0.0585  0.0333
   3   4   1   6   5   4   5
 -0.5000 -0.4541 -0.3962 -0.2411  0.0654  0.5000
       1       2       1       8       7    ****
  0.0485  0.0738 -0.0763 -0.0682  0.0546  0.0377 -0.0191 -0.0001 -0.0179 -0.0339  0.0470  0.0565 -0.0620 -0.0634  0.0610
 -0.5000 -0.0255  0.0403  0.3912  0.5000
       2       1       2       1    ****
  0.8307  0.1383 -0.0560 -0.1294 -0.1752  0.1092 -0.0255 -0.0382 -0.1018  0.0262 -0.0879  0.0386 -0.0363 -0.0111 -0.0938
 -0.5000 -0.4541 -0.3962  0.5000
       0       1       0    ****
  0.0485  0.0738 -0.0763 -0.0682  0.0546  0.0377 -0.0191 -0.0001 -0.0179 -0.0339  0.0470  0.0565 -0.0620 -0.0634  0.0610
 -0.5000 -0.0255  0.0403  0.3912  0.5000
       1       0       1       0    ****
  0.8307  0.1383 -0.0560 -0.1294 -0.1752  0.1092 -0.0255 -0.0382 -0.1018  0.0262 -0.0879  0.0386 -0.0363 -0.0111 -0.0938
   4   1   2   5   3   6   6
 -0.5000  0.0654  0.0740  0.3912  0.5000
       8       7       2       1    ****
  0.3251 -0.3097 -0.0080 -0.2132 -0.1914  0.0545 -0.0048 -0.0419 -0.0784  0.0311 -0.0424  0.0563  0.0172  0.0014 -0.0282
 -0.5000 -0.3962  0.5000
       2       1    ****
  0.0838  0.1292 -0.1380 -0.1312  0.1171  0.0988 -0.0782 -0.0567  0.0357  0.0164  0.0002  0.0135 -0.0229 -0.0284  0.0301
 -0.5000 -0.0255  0.0403  0.0740  0.3912  0.5000
      -1       0      -1       1       0    ****
 -0.1805 -0.7577  0.0399 -0.2970 -0.2077 -0.0003  0.0158 -0.0456 -0.0550  0.0361  0.0031  0.0739  0.0706  0.0138  0.0374
 -0.5000 -0.3981 -0.3962 -0.3603 -0.3574  0.5000
       0       1       0      -1       0    ****
 -0.0010 -0.0012  0.0007 -0.0003  0.0014  0.0023 -0.0027 -0.0025  0.0016  0.0003  0.0014  0.0030 -0.0043 -0.0049  0.0046


  0.3750  0.3750  0.3750  0.3750  0.3750  0.6250  0.6250  0.6250  0.6250  0.6250  0.1250  0.1250  0.1250  0.1250  0.1250
  0.1250  0.1250  0.1250  0.1250  0.1250  0.1250  0.1250  0.1250  0.1250  0.1250  0.1250  0.1250  0.1250  0.1250  0.1250
  0.1250  0.1250  0.1250  0.1250  0.1250  0.1250  0.1250  0.1250  0.1250  0.1250  0.1250  0.1250  0.1250  0.1250  0.1250
  0.1250  0.1250  0.0000  0.0000  0.0000  0.0000  0.0000  0.0000  0.0000  0.1250  0.1250  0.1250  0.2500  0.2500  0.2500
  0.2500  0.2500  0.2500  0.2500  0.2500  0.2500  0.2500  0.2500  0.2500  0.2500  0.2500  0.2500  0.2500  0.2500  0.2500
  0.2500  0.2500  0.2500  0.2500  0.2500  0.2500  0.2500  0.2500  0.2500  0.2500  0.2500  0.2500  0.2500  0.2500  0.0000
  0.0000  0.0000  0.0000  0.0000  0.0000  0.0000  0.0000  0.0000  0.0000  0.0000


  0.9393  0.2338 -0.2950 -0.2650 -0.0443  0.1519 -0.0830 -0.1126 -0.0435  0.0312 -0.0527  0.0717 -0.0583 -0.0631 -0.0131
  0.1025 -0.0761 -0.0336 -0.0067  0.0174 -0.0255  0.0329 -0.0184 -0.0355  0.0121  0.0621 -0.0313 -0.0230  0.0096 -0.0010
 ... generation ...    5
   1   2   2   3   5   3   3
 -0.5000 -0.0525  0.5000
       8       1    ****
  0.0000  0.0000  0.0000  0.0000  0.0000  0.0000  0.0000  0.0000  0.0000  0.0000  0.0000  0.0000  0.0000  0.0000  0.0000
 -0.5000 -0.3852  0.2601  0.3956  0.5000
       8       1       7       5    ****
  0.0000  0.0000  0.0000  0.0000  0.0000  0.0000  0.0000  0.0000  0.0000  0.0000  0.0000  0.0000  0.0000  0.0000  0.0000
 -0.5000 -0.3962  0.5000
      -1       0    ****
 -0.0838 -0.1292  0.1380  0.1312 -0.1171 -0.0988  0.0782  0.0567 -0.0357 -0.0164 -0.0002 -0.0135  0.0229  0.0284 -0.0301
 -0.5000 -0.3962  0.5000
      -1       0    ****
 -0.0838 -0.1292  0.1380  0.1312 -0.1171 -0.0988  0.0782  0.0567 -0.0357 -0.0164 -0.0002 -0.0135  0.0229  0.0284 -0.0301
   2   2   1   8   8   3   6
 -0.5000 -0.3962 -0.0240  0.0654  0.2867  0.3354  0.3956  0.5000
       2       1       8       7       1       7       5    ****
  0.0838  0.1292 -0.1380 -0.1312  0.1171  0.0988 -0.0782 -0.0567  0.0357  0.0164  0.0002  0.0135 -0.0229 -0.0284  0.0301
 -0.5000 -0.4541 -0.4077 -0.4057 -0.3962  0.1201  0.4550  0.5000
       1       2       8       2       1       7       5    ****
  0.0468  0.0712 -0.0737 -0.0661  0.0532  0.0371 -0.0194 -0.0013 -0.0161 -0.0315  0.0443  0.0537 -0.0593 -0.0611  0.0593
 -0.5000 -0.3962  0.5000
       1       0    ****
  0.0838  0.1292 -0.1380 -0.1312  0.1171  0.0988 -0.0782 -0.0567  0.0357  0.0164  0.0002  0.0135 -0.0229 -0.0284  0.0301
 -0.5000 -0.4541 -0.4077 -0.4057 -0.3962  0.5000
       0       1       0       1       0    ****
  0.0468  0.0712 -0.0737 -0.0661  0.0532  0.0371 -0.0194 -0.0013 -0.0161 -0.0315  0.0443  0.0537 -0.0593 -0.0611  0.0593
   3   3   4   6   5   7   5
 -0.5000 -0.4541 -0.3962 -0.2411  0.0654  0.5000
       1       2       1       8       7    ****
  0.0485  0.0738 -0.0763 -0.0682  0.0546  0.0377 -0.0191 -0.0001 -0.0179 -0.0339  0.0470  0.0565 -0.0620 -0.0634  0.0610
 -0.5000  0.0654  0.0740  0.3912  0.5000
       8       7       2       1    ****
  0.3251 -0.3097 -0.0080 -0.2132 -0.1914  0.0545 -0.0048 -0.0419 -0.0784  0.0311 -0.0424  0.0563  0.0172  0.0014 -0.0282
 -0.5000 -0.4541 -0.3962 -0.0255  0.0403  0.3912  0.5000
      -1       0      -1       0      -1       0    ****
 -0.7821 -0.0644 -0.0203  0.0612  0.2297 -0.0716  0.0064  0.0381  0.0839 -0.0601  0.1349  0.0179 -0.0257 -0.0524  0.1547
 -0.5000 -0.3962  0.0740  0.3912  0.5000
      -1       0       1       0    ****
  0.2413 -0.4389  0.1300 -0.0819 -0.3086 -0.0443  0.0733  0.0147 -0.1141  0.0147 -0.0426  0.0428  0.0401  0.0298 -0.0582
   4   4   4   3   4   5   6
 -0.5000 -0.3962  0.5000
       2       1    ****
  0.0838  0.1292 -0.1380 -0.1312  0.1171  0.0988 -0.0782 -0.0567  0.0357  0.0164  0.0002  0.0135 -0.0229 -0.0284  0.0301
 -0.5000 -0.4377 -0.3962  0.5000
       8       2       1    ****
  0.0352  0.0531 -0.0540 -0.0466  0.0349  0.0206 -0.0052  0.0101 -0.0243 -0.0363  0.0454  0.0509 -0.0526 -0.0506  0.0451
 -0.5000 -0.3962  0.0740  0.3912  0.5000
       1       0      -1       0    ****
 -0.2413  0.4389 -0.1300  0.0819  0.3086  0.0443 -0.0733 -0.0147  0.1141 -0.0147  0.0426 -0.0428 -0.0401 -0.0298  0.0582
 -0.5000 -0.4377 -0.3962  0.0740  0.3912  0.5000
      -1       1       0      -1       0    ****
 -0.3385  0.2868  0.0381  0.2512  0.1441 -0.1120  0.0725  0.1188 -0.0059 -0.1202  0.1329  0.0320 -0.0995 -0.0742  0.0884


  0.2500  0.2500  0.2500  0.2500  0.2500  0.5000  0.6250  0.6250  0.6250  0.6250  0.0000  0.0000  0.0000  0.0000  0.0000
  0.0000  0.0000  0.0000  0.0000  0.0000  0.0000  0.0000  0.0000  0.0000  0.0000  0.0000  0.0000  0.0000  0.0000  0.0000
  0.0000  0.0000  0.0000  0.0000  0.0000  0.0000  0.0000  0.0000  0.0000  0.0000  0.0000  0.0000  0.0000  0.0000  0.0000
  0.0000  0.0000  0.0000  0.0000  0.0000  0.0000  0.0000  0.0000  0.0000  0.0000  0.0000  0.0000  0.1250  0.1250  0.1250
  0.1250  0.1250  0.1250  0.1250  0.1250  0.1250  0.1250  0.1250  0.1250  0.1250  0.1250  0.1250  0.1250  0.1250  0.1250
  0.1250  0.1250  0.1250  0.1250  0.1250  0.1250  0.1250  0.1250  0.1250  0.1250  0.1250  0.1250  0.1250  0.1250  0.0000
  0.0000  0.0000  0.0000  0.0000  0.0000  0.0000  0.0000  0.0000  0.0000  0.0000


  1.0172  0.2521 -0.3560 -0.3470 -0.0211  0.1953 -0.1086 -0.1309 -0.0516  0.0264 -0.0409  0.1022 -0.0837 -0.0919  0.0116
  0.1349 -0.0924 -0.0482  0.0045  0.0204 -0.0210  0.0426 -0.0256 -0.0536  0.0267  0.0767 -0.0430 -0.0364  0.0172  0.0010
 ... generation ...    6
   1   2   4   6   3   5   3
 -0.5000 -0.3962 -0.0240  0.0654  0.4550  0.5000
       2       1       8       7       5    ****
  0.0838  0.1292 -0.1380 -0.1312  0.1171  0.0988 -0.0782 -0.0567  0.0357  0.0164  0.0002  0.0135 -0.0229 -0.0284  0.0301
 -0.5000 -0.3962  0.5000
       2       1    ****
  0.0838  0.1292 -0.1380 -0.1312  0.1171  0.0988 -0.0782 -0.0567  0.0357  0.0164  0.0002  0.0135 -0.0229 -0.0284  0.0301
 -0.5000 -0.4541 -0.4077 -0.4057  0.5000
       1       0       1       0    ****
  0.0370  0.0579 -0.0643 -0.0652  0.0640  0.0617 -0.0588 -0.0554  0.0518  0.0479 -0.0441 -0.0402  0.0364  0.0328 -0.0292
 -0.5000 -0.4377  0.5000
       1       0    ****
  0.0486  0.0761 -0.0841 -0.0847  0.0823  0.0782 -0.0729 -0.0668  0.0600  0.0527 -0.0451 -0.0374  0.0297  0.0222 -0.0151
   2   3   2   6   9   7   5
 -0.5000 -0.4763 -0.4541 -0.4366  0.0654  0.5000
       8       1       2       8       7    ****
  0.0142  0.0220 -0.0237 -0.0229  0.0208  0.0180 -0.0145 -0.0106  0.0065  0.0022  0.0022  0.0064 -0.0104 -0.0140  0.0172
 -0.5000 -0.3962 -0.0240 -0.0105  0.1201  0.2867  0.3354  0.3956  0.5000
       2       1       8       1       7       1       7       5    ****
  0.0838  0.1292 -0.1380 -0.1312  0.1171  0.0988 -0.0782 -0.0567  0.0357  0.0164  0.0002  0.0135 -0.0229 -0.0284  0.0301
 -0.5000 -0.4541 -0.4366 -0.3962  0.0740  0.3912  0.5000
       0       1      -1       0      -1       0    ****
 -0.3452  0.2799  0.0369  0.2356  0.1785 -0.0562 -0.0051  0.0208  0.1093  0.0071 -0.0003 -0.1000  0.0241  0.0340  0.0015
 -0.5000 -0.4541 -0.4077 -0.4057  0.5000
       1       0       1       0    ****
  0.0370  0.0579 -0.0643 -0.0652  0.0640  0.0617 -0.0588 -0.0554  0.0518  0.0479 -0.0441 -0.0402  0.0364  0.0328 -0.0292
   3   2   2   5  11   5   5
 -0.5000 -0.3962  0.1201  0.4550  0.5000
       2       1       7       5    ****
  0.0838  0.1292 -0.1380 -0.1312  0.1171  0.0988 -0.0782 -0.0567  0.0357  0.0164  0.0002  0.0135 -0.0229 -0.0284  0.0301
 -0.5000 -0.4541 -0.4077 -0.4057 -0.3962  0.0074  0.0654  0.2867  0.3354  0.3956  0.5000
       1       2       8       2       1       8       7       1       7       5    ****
  0.0468  0.0712 -0.0737 -0.0661  0.0532  0.0371 -0.0194 -0.0013 -0.0161 -0.0315  0.0443  0.0537 -0.0593 -0.0611  0.0593
 -0.5000 -0.4541 -0.4077 -0.4057  0.5000
       1       0       1       0    ****
  0.0370  0.0579 -0.0643 -0.0652  0.0640  0.0617 -0.0588 -0.0554  0.0518  0.0479 -0.0441 -0.0402  0.0364  0.0328 -0.0292
 -0.5000 -0.4541 -0.4077 -0.4057  0.5000
      -1       0      -1       0    ****
 -0.0370 -0.0579  0.0643  0.0652 -0.0640 -0.0617  0.0588  0.0554 -0.0518 -0.0479  0.0441  0.0402 -0.0364 -0.0328  0.0292
   4   4   2   4   8   3   5
 -0.5000 -0.4377 -0.3962  0.5000
       8       2       1    ****
  0.0352  0.0531 -0.0540 -0.0466  0.0349  0.0206 -0.0052  0.0101 -0.0243 -0.0363  0.0454  0.0509 -0.0526 -0.0506  0.0451
 -0.5000 -0.3962 -0.0240  0.0654  0.1026  0.1201  0.4550  0.5000
       2       1       8       7       1       7       5    ****
  0.0838  0.1292 -0.1380 -0.1312  0.1171  0.0988 -0.0782 -0.0567  0.0357  0.0164  0.0002  0.0135 -0.0229 -0.0284  0.0301
 -0.5000 -0.4377  0.5000
      -1       0    ****
 -0.0486 -0.0761  0.0841  0.0847 -0.0823 -0.0782  0.0729  0.0668 -0.0600 -0.0527  0.0451  0.0374 -0.0297 -0.0222  0.0151
 -0.5000 -0.4541 -0.4077 -0.4057  0.5000
       1       0       1       0    ****
  0.0370  0.0579 -0.0643 -0.0652  0.0640  0.0617 -0.0588 -0.0554  0.0518  0.0479 -0.0441 -0.0402  0.0364  0.0328 -0.0292


  0.6250  0.6250  0.6250  0.6250  0.6250  0.8750  0.8750  0.8750  0.8750  0.8750  0.0000  0.0000  0.0000  0.0000  0.0000
  0.0000  0.0000  0.0000  0.0000  0.0000  0.0000  0.0000  0.0000  0.0000  0.0000  0.0000  0.0000  0.0000  0.0000  0.0000
  0.0000  0.0000  0.0000  0.0000  0.0000  0.0000  0.0000  0.0000  0.0000  0.0000  0.0000  0.0000  0.0000  0.0000  0.0000
  0.0000  0.0000  0.0000  0.0000  0.0000  0.0000  0.0000  0.0000  0.0000  0.0000  0.0000  0.0000  0.0000  0.0000  0.0000
  0.0000  0.0000  0.0000  0.0000  0.0000  0.0000  0.0000  0.0000  0.0000  0.0000  0.0000  0.0000  0.0000  0.0000  0.0000
  0.0000  0.0000  0.0000  0.0000  0.0000  0.0000  0.0000  0.0000  0.0000  0.0000  0.0000  0.0000  0.0000  0.0000  0.0000
  0.0000  0.0000  0.0000  0.0000  0.0000  0.0000  0.0000  0.0000  0.0000  0.0000


  1.0815  0.3512 -0.4611 -0.4460  0.0657  0.2666 -0.1623 -0.1666 -0.0336  0.0285 -0.0293  0.1245 -0.1133 -0.1254  0.0455
  0.1664 -0.1191 -0.0683  0.0170  0.0251 -0.0185  0.0514 -0.0392 -0.0702  0.0444  0.0939 -0.0581 -0.0482  0.0251  0.0047
 ... generation ...    7
   1   3   2   9   6   5   5
 -0.5000 -0.4541 -0.3962  0.0074  0.0654  0.2867  0.3354  0.3956  0.5000
       1       2       1       8       7       1       7       5    ****
  0.0485  0.0738 -0.0763 -0.0682  0.0546  0.0377 -0.0191 -0.0001 -0.0179 -0.0339  0.0470  0.0565 -0.0620 -0.0634  0.0610
 -0.5000 -0.4763 -0.4541 -0.4366  0.0654  0.5000
       8       1       2       8       7    ****
  0.0142  0.0220 -0.0237 -0.0229  0.0208  0.0180 -0.0145 -0.0106  0.0065  0.0022  0.0022  0.0064 -0.0104 -0.0140  0.0172
 -0.5000 -0.4541 -0.4077 -0.4057  0.5000
      -1       0       1       0    ****
 -0.0335 -0.0528  0.0592  0.0610 -0.0612 -0.0606  0.0594  0.0576 -0.0554 -0.0527  0.0495  0.0459 -0.0418 -0.0373  0.0326
 -0.5000 -0.4541 -0.4366 -0.3962  0.5000
      -1       0      -1       0    ****
 -0.0696 -0.1072  0.1143  0.1084 -0.0963 -0.0809  0.0636  0.0460 -0.0292 -0.0142  0.0019 -0.0071  0.0125  0.0144 -0.0129
   2   4   4  10   5   4   3
 -0.5000 -0.4899 -0.4377 -0.3962 -0.0240  0.0654  0.1026  0.1201  0.4550  0.5000
       2       8       2       1       8       7       1       7       5    ****
  0.0426  0.0649 -0.0672 -0.0604  0.0489  0.0347 -0.0194 -0.0040 -0.0102 -0.0222  0.0313  0.0368 -0.0386 -0.0367  0.0313
 -0.5000 -0.3962 -0.0240  0.0570  0.5000
       2       1       8       1    ****
  0.0838  0.1292 -0.1380 -0.1312  0.1171  0.0988 -0.0782 -0.0567  0.0357  0.0164  0.0002  0.0135 -0.0229 -0.0284  0.0301
 -0.5000 -0.4899 -0.4377  0.5000
       1      -1       0    ****
 -0.0336 -0.0525  0.0575  0.0571 -0.0542 -0.0500  0.0446  0.0385 -0.0317 -0.0245  0.0170  0.0093 -0.0017  0.0057 -0.0127
 -0.5000 -0.4377  0.5000
       1       0    ****
  0.0486  0.0761 -0.0841 -0.0847  0.0823  0.0782 -0.0729 -0.0668  0.0600  0.0527 -0.0451 -0.0374  0.0297  0.0222 -0.0151
   3   4   4   6   9   3   3
 -0.5000 -0.4377 -0.3962  0.1201  0.4550  0.5000
       8       2       1       7       5    ****
  0.0352  0.0531 -0.0540 -0.0466  0.0349  0.0206 -0.0052  0.0101 -0.0243 -0.0363  0.0454  0.0509 -0.0526 -0.0506  0.0451
 -0.5000 -0.4377 -0.3962 -0.0240  0.0654  0.1026  0.1201  0.4550  0.5000
       8       2       1       8       7       1       7       5    ****
  0.0352  0.0531 -0.0540 -0.0466  0.0349  0.0206 -0.0052  0.0101 -0.0243 -0.0363  0.0454  0.0509 -0.0526 -0.0506  0.0451
 -0.5000 -0.4377  0.5000
      -1       0    ****
 -0.0486 -0.0761  0.0841  0.0847 -0.0823 -0.0782  0.0729  0.0668 -0.0600 -0.0527  0.0451  0.0374 -0.0297 -0.0222  0.0151
 -0.5000 -0.4377  0.5000
      -1       0    ****
 -0.0486 -0.0761  0.0841  0.0847 -0.0823 -0.0782  0.0729  0.0668 -0.0600 -0.0527  0.0451  0.0374 -0.0297 -0.0222  0.0151
   4   2   2   6  10   5   5
 -0.5000 -0.4763 -0.4541 -0.4366  0.0654  0.5000
       8       1       2       8       7    ****
  0.0142  0.0220 -0.0237 -0.0229  0.0208  0.0180 -0.0145 -0.0106  0.0065  0.0022  0.0022  0.0064 -0.0104 -0.0140  0.0172
 -0.5000 -0.4763 -0.4541 -0.4366 -0.3747 -0.0240 -0.0105  0.0584  0.0654  0.5000
       8       1       2       8       1       8       1       8       7    ****
  0.0142  0.0220 -0.0237 -0.0229  0.0208  0.0180 -0.0145 -0.0106  0.0065  0.0022  0.0022  0.0064 -0.0104 -0.0140  0.0172
 -0.5000 -0.4541 -0.4366 -0.3962  0.5000
      -1       0      -1       0    ****
 -0.0696 -0.1072  0.1143  0.1084 -0.0963 -0.0809  0.0636  0.0460 -0.0292 -0.0142  0.0019 -0.0071  0.0125  0.0144 -0.0129
 -0.5000 -0.4541 -0.4366 -0.3962  0.5000
      -1       0      -1       0    ****
 -0.0696 -0.1072  0.1143  0.1084 -0.0963 -0.0809  0.0636  0.0460 -0.0292 -0.0142  0.0019 -0.0071  0.0125  0.0144 -0.0129


  0.2500  0.1250  0.1250  0.1250  0.1250  0.6250  0.6250  0.6250  0.6250  0.6250  0.0000  0.0000  0.0000  0.0000  0.0000
  0.0000  0.0000  0.0000  0.0000  0.0000  0.0000  0.0000  0.0000  0.0000  0.0000  0.0000  0.0000  0.0000  0.0000  0.0000
  0.0000  0.0000  0.0000  0.0000  0.0000  0.0000  0.0000  0.0000  0.0000  0.0000  0.0000  0.0000  0.0000  0.0000  0.0000
  0.0000  0.0000  0.0000  0.0000  0.0000  0.0000  0.0000  0.0000  0.0000  0.0000  0.0000  0.0000  0.0000  0.0000  0.0000
  0.0000  0.0000  0.0000  0.0000  0.0000  0.0000  0.0000  0.0000  0.0000  0.0000  0.0000  0.0000  0.0000  0.0000  0.0000
  0.0000  0.0000  0.0000  0.0000  0.0000  0.0000  0.0000  0.0000  0.0000  0.0000  0.0000  0.0000  0.0000  0.0000  0.0000
  0.0000  0.0000  0.0000  0.0000  0.0000  0.0000  0.0000  0.0000  0.0000  0.0000


  1.1175  0.4062 -0.5187 -0.4987  0.1098  0.2999 -0.1837 -0.1756 -0.0363  0.0153 -0.0073  0.1529 -0.1458 -0.1593  0.0785
  0.1963 -0.1441 -0.0873  0.0292  0.0305 -0.0173  0.0582 -0.0504 -0.0847  0.0605  0.1104 -0.0736 -0.0619  0.0364  0.0133
 ... generation ...    8
   1   1   2   7  10   4   4
 -0.5000 -0.4763 -0.4541 -0.4366  0.0654  0.4539  0.5000
       8       1       2       8       7       5    ****
  0.0142  0.0220 -0.0237 -0.0229  0.0208  0.0180 -0.0145 -0.0106  0.0065  0.0022  0.0022  0.0064 -0.0104 -0.0140  0.0172
 -0.5000 -0.4899 -0.4377 -0.3962 -0.0240  0.0654  0.1026  0.1201  0.4550  0.5000
       2       8       2       1       8       7       1       7       5    ****
  0.0426  0.0649 -0.0672 -0.0604  0.0489  0.0347 -0.0194 -0.0040 -0.0102 -0.0222  0.0313  0.0368 -0.0386 -0.0367  0.0313
 -0.5000 -0.4366 -0.3962  0.5000
       0      -1       0    ****
 -0.0343 -0.0518  0.0526  0.0453 -0.0337 -0.0197  0.0046 -0.0105  0.0244  0.0361 -0.0449 -0.0501  0.0516  0.0494 -0.0438
 -0.5000 -0.4899 -0.4377  0.5000
       0      -1       0    ****
 -0.0411 -0.0643  0.0708  0.0709 -0.0682 -0.0641  0.0588  0.0526 -0.0459 -0.0386  0.0310  0.0234 -0.0157 -0.0083  0.0012
   2   2   1   5  11   4   4
 -0.5000 -0.3962 -0.0240  0.0570  0.5000
       2       1       8       1    ****
  0.0838  0.1292 -0.1380 -0.1312  0.1171  0.0988 -0.0782 -0.0567  0.0357  0.0164  0.0002  0.0135 -0.0229 -0.0284  0.0301
 -0.5000 -0.4763 -0.4541 -0.4366 -0.1624  0.0074  0.0654  0.2867  0.3354  0.3956  0.5000
       8       1       2       8       1       8       7       1       7       5    ****
  0.0142  0.0220 -0.0237 -0.0229  0.0208  0.0180 -0.0145 -0.0106  0.0065  0.0022  0.0022  0.0064 -0.0104 -0.0140  0.0172
 -0.5000 -0.4899 -0.4377  0.5000
       0       1       0    ****
  0.0411  0.0643 -0.0708 -0.0709  0.0682  0.0641 -0.0588 -0.0526  0.0459  0.0386 -0.0310 -0.0234  0.0157  0.0083 -0.0012
 -0.5000 -0.4366 -0.3962  0.5000
       0      -1       0    ****
 -0.0343 -0.0518  0.0526  0.0453 -0.0337 -0.0197  0.0046 -0.0105  0.0244  0.0361 -0.0449 -0.0501  0.0516  0.0494 -0.0438
   3   1   3   6   6   4   2
 -0.5000 -0.4541 -0.3962  0.0074  0.0654  0.5000
       1       2       1       8       7    ****
  0.0485  0.0738 -0.0763 -0.0682  0.0546  0.0377 -0.0191 -0.0001 -0.0179 -0.0339  0.0470  0.0565 -0.0620 -0.0634  0.0610
 -0.5000 -0.4377 -0.3962  0.1201  0.4550  0.5000
       8       2       1       7       5    ****
  0.0352  0.0531 -0.0540 -0.0466  0.0349  0.0206 -0.0052  0.0101 -0.0243 -0.0363  0.0454  0.0509 -0.0526 -0.0506  0.0451
 -0.5000 -0.4366 -0.3962  0.5000
       0       1       0    ****
  0.0343  0.0518 -0.0526 -0.0453  0.0337  0.0197 -0.0046  0.0105 -0.0244 -0.0361  0.0449  0.0501 -0.0516 -0.0494  0.0438
 -0.5000  0.5000
       0    ****
  0.0000  0.0000  0.0000  0.0000  0.0000  0.0000  0.0000  0.0000  0.0000  0.0000  0.0000  0.0000  0.0000  0.0000  0.0000
   4   4   2   8  10   2   4
 -0.5000 -0.4763 -0.4541 -0.4366  0.0552  0.0584  0.0654  0.5000
       8       1       2       8       1       8       7    ****
  0.0142  0.0220 -0.0237 -0.0229  0.0208  0.0180 -0.0145 -0.0106  0.0065  0.0022  0.0022  0.0064 -0.0104 -0.0140  0.0172
 -0.5000 -0.4899 -0.4377 -0.3962 -0.0240  0.0654  0.1026  0.1201  0.4550  0.5000
       2       8       2       1       8       7       1       7       5    ****
  0.0426  0.0649 -0.0672 -0.0604  0.0489  0.0347 -0.0194 -0.0040 -0.0102 -0.0222  0.0313  0.0368 -0.0386 -0.0367  0.0313
 -0.5000  0.5000
       0    ****
  0.0000  0.0000  0.0000  0.0000  0.0000  0.0000  0.0000  0.0000  0.0000  0.0000  0.0000  0.0000  0.0000  0.0000  0.0000
 -0.5000 -0.4899 -0.4377  0.5000
       0      -1       0    ****
 -0.0411 -0.0643  0.0708  0.0709 -0.0682 -0.0641  0.0588  0.0526 -0.0459 -0.0386  0.0310  0.0234 -0.0157 -0.0083  0.0012


  0.3750  0.1250  0.1250  0.1250  0.1250  0.6250  0.6250  0.6250  0.6250  0.6250  0.0000  0.0000  0.0000  0.0000  0.0000
  0.0000  0.0000  0.0000  0.0000  0.0000  0.0000  0.0000  0.0000  0.0000  0.0000  0.0000  0.0000  0.0000  0.0000  0.0000
  0.0000  0.0000  0.0000  0.0000  0.0000  0.0000  0.0000  0.0000  0.0000  0.0000  0.0000  0.0000  0.0000  0.0000  0.0000
  0.0000  0.0000  0.0000  0.0000  0.0000  0.0000  0.0000  0.0000  0.0000  0.0000  0.0000  0.0000  0.0000  0.0000  0.0000
  0.0000  0.0000  0.0000  0.0000  0.0000  0.0000  0.0000  0.0000  0.0000  0.0000  0.0000  0.0000  0.0000  0.0000  0.0000
  0.0000  0.0000  0.0000  0.0000  0.0000  0.0000  0.0000  0.0000  0.0000  0.0000  0.0000  0.0000  0.0000  0.0000  0.0000
  0.0000  0.0000  0.0000  0.0000  0.0000  0.0000  0.0000  0.0000  0.0000  0.0000


  1.1545  0.4627 -0.5779 -0.5531  0.1556  0.3349 -0.2068 -0.1864 -0.0372  0.0038  0.0129  0.1797 -0.1765 -0.1915  0.1098
  0.2245 -0.1675 -0.1046  0.0398  0.0341 -0.0145  0.0666 -0.0634 -0.1007  0.0783  0.1284 -0.0908 -0.0772  0.0492  0.0233
 ... generation ...    9
   1   1   3  12   6   7   4
 -0.5000 -0.4899 -0.4546 -0.4541 -0.4366 -0.3042 -0.0240  0.0654  0.1026  0.1201  0.4550  0.5000
       2       8       1       2       8       1       8       7       1       7       5    ****
  0.0217  0.0338 -0.0370 -0.0367  0.0348  0.0321 -0.0287 -0.0248  0.0206  0.0163 -0.0119 -0.0077  0.0036 -0.0000  0.0033
 -0.5000 -0.4377 -0.3962  0.1201  0.4550  0.5000
       8       2       1       7       5    ****
  0.0352  0.0531 -0.0540 -0.0466  0.0349  0.0206 -0.0052  0.0101 -0.0243 -0.0363  0.0454  0.0509 -0.0526 -0.0506  0.0451
 -0.5000 -0.4899 -0.4541 -0.4377 -0.4366 -0.3962  0.5000
       1       0       1       0      -1       0    ****
 -0.0135 -0.0193  0.0169  0.0099 -0.0000  0.0114 -0.0234 -0.0349  0.0449  0.0526 -0.0573 -0.0585  0.0563  0.0506 -0.0419
 -0.5000 -0.4541 -0.4377  0.5000
       0      -1       0    ****
 -0.0134 -0.0207  0.0223  0.0216 -0.0197 -0.0170  0.0139  0.0103 -0.0064 -0.0024 -0.0017 -0.0056  0.0094  0.0128 -0.0158
   2   2   1  11   7   5   7
 -0.5000 -0.4763 -0.4541 -0.4366 -0.1624  0.0074  0.0654  0.2867  0.3354  0.3956  0.5000
       8       1       2       8       1       8       7       1       7       5    ****
  0.0142  0.0220 -0.0237 -0.0229  0.0208  0.0180 -0.0145 -0.0106  0.0065  0.0022  0.0022  0.0064 -0.0104 -0.0140  0.0172
 -0.5000 -0.4763 -0.4541 -0.4366  0.0654  0.4550  0.5000
       8       1       2       8       7       5    ****
  0.0142  0.0220 -0.0237 -0.0229  0.0208  0.0180 -0.0145 -0.0106  0.0065  0.0022  0.0022  0.0064 -0.0104 -0.0140  0.0172
 -0.5000 -0.4541 -0.4366 -0.3962  0.5000
      -1       0      -1       0    ****
 -0.0696 -0.1072  0.1143  0.1084 -0.0963 -0.0809  0.0636  0.0460 -0.0292 -0.0142  0.0019 -0.0071  0.0125  0.0144 -0.0129
 -0.5000 -0.4899 -0.4541 -0.4377 -0.4366 -0.3962  0.5000
      -1       0       1       0      -1       0    ****
 -0.0284 -0.0429  0.0435  0.0375 -0.0281 -0.0168  0.0049 -0.0066  0.0166  0.0244 -0.0291 -0.0304  0.0283  0.0227 -0.0141
   3   3   2   6   5   4   5
 -0.5000 -0.4541 -0.3962  0.1201  0.4550  0.5000
       1       2       1       7       5    ****
  0.0485  0.0738 -0.0763 -0.0682  0.0546  0.0377 -0.0191 -0.0001 -0.0179 -0.0339  0.0470  0.0565 -0.0620 -0.0634  0.0610
 -0.5000 -0.3962 -0.0240  0.0570  0.5000
       2       1       8       1    ****
  0.0838  0.1292 -0.1380 -0.1312  0.1171  0.0988 -0.0782 -0.0567  0.0357  0.0164  0.0002  0.0135 -0.0229 -0.0284  0.0301
 -0.5000 -0.4541 -0.4377  0.5000
       0       1       0    ****
  0.0134  0.0207 -0.0223 -0.0216  0.0197  0.0170 -0.0139 -0.0103  0.0064  0.0024  0.0017  0.0056 -0.0094 -0.0128  0.0158
 -0.5000 -0.4541 -0.4366 -0.3962  0.5000
       1       0       1       0    ****
  0.0696  0.1072 -0.1143 -0.1084  0.0963  0.0809 -0.0636 -0.0460  0.0292  0.0142 -0.0019  0.0071 -0.0125 -0.0144  0.0129
   4   4   2   8  11   7   5
 -0.5000 -0.4763 -0.4541 -0.4366  0.0552  0.0584  0.0654  0.5000
       8       1       2       8       1       8       7    ****
  0.0142  0.0220 -0.0237 -0.0229  0.0208  0.0180 -0.0145 -0.0106  0.0065  0.0022  0.0022  0.0064 -0.0104 -0.0140  0.0172
 -0.5000 -0.4763 -0.4541 -0.4366 -0.1624  0.0074  0.0654  0.2867  0.3354  0.3956  0.5000
       8       1       2       8       1       8       7       1       7       5    ****
  0.0142  0.0220 -0.0237 -0.0229  0.0208  0.0180 -0.0145 -0.0106  0.0065  0.0022  0.0022  0.0064 -0.0104 -0.0140  0.0172
 -0.5000 -0.4899 -0.4541 -0.4377 -0.4366 -0.3962  0.5000
      -1       0       1       0      -1       0    ****
 -0.0284 -0.0429  0.0435  0.0375 -0.0281 -0.0168  0.0049 -0.0066  0.0166  0.0244 -0.0291 -0.0304  0.0283  0.0227 -0.0141
 -0.5000 -0.4541 -0.4366 -0.3962  0.5000
      -1       0      -1       0    ****
 -0.0696 -0.1072  0.1143  0.1084 -0.0963 -0.0809  0.0636  0.0460 -0.0292 -0.0142  0.0019 -0.0071  0.0125  0.0144 -0.0129


  0.2500  0.1250  0.1250  0.1250  0.1250  0.8750  0.3750  0.3750  0.3750  0.3750  0.0000  0.0000  0.0000  0.0000  0.0000
  0.0000  0.0000  0.0000  0.0000  0.0000  0.0000  0.0000  0.0000  0.0000  0.0000  0.0000  0.0000  0.0000  0.0000  0.0000
  0.0000  0.0000  0.0000  0.0000  0.0000  0.0000  0.0000  0.0000  0.0000  0.0000  0.0000  0.0000  0.0000  0.0000  0.0000
  0.0000  0.0000  0.0000  0.0000  0.0000  0.0000  0.0000  0.0000  0.0000  0.0000  0.0000  0.0000  0.0000  0.0000  0.0000
  0.0000  0.0000  0.0000  0.0000  0.0000  0.0000  0.0000  0.0000  0.0000  0.0000  0.0000  0.0000  0.0000  0.0000  0.0000
  0.0000  0.0000  0.0000  0.0000  0.0000  0.0000  0.0000  0.0000  0.0000  0.0000  0.0000  0.0000  0.0000  0.0000  0.0000
  0.0000  0.0000  0.0000  0.0000  0.0000  0.0000  0.0000  0.0000  0.0000  0.0000


  1.1852  0.5099 -0.6280 -0.5999  0.1962  0.3676 -0.2304 -0.2007 -0.0322  0.0002  0.0241  0.1970 -0.1984 -0.2163  0.1358
  0.2501 -0.1914 -0.1257  0.0574  0.0478 -0.0240  0.0610 -0.0613 -0.1017  0.0817  0.1336 -0.0972 -0.0844  0.0567  0.0310
 ... generation ...   10
   1   3   2   8  11   3   2
 -0.5000 -0.4541 -0.3962  0.1201  0.3118  0.4650  0.4905  0.5000
       1       2       1       7       1       5       1    ****
  0.0485  0.0738 -0.0763 -0.0682  0.0546  0.0377 -0.0191 -0.0001 -0.0179 -0.0339  0.0470  0.0565 -0.0620 -0.0634  0.0610
 -0.5000 -0.4763 -0.4541 -0.4366 -0.1624  0.0074  0.0654  0.2867  0.3354  0.3956  0.5000
       8       1       2       8       1       8       7       1       7       5    ****
  0.0142  0.0220 -0.0237 -0.0229  0.0208  0.0180 -0.0145 -0.0106  0.0065  0.0022  0.0022  0.0064 -0.0104 -0.0140  0.0172
 -0.5000 -0.4541  0.5000
      -1       0    ****
 -0.0352 -0.0554  0.0617  0.0631 -0.0626 -0.0611  0.0591  0.0565 -0.0536 -0.0503  0.0468  0.0430 -0.0391 -0.0350  0.0309
 -0.5000  0.5000
       0    ****
  0.0000  0.0000  0.0000  0.0000  0.0000  0.0000  0.0000  0.0000  0.0000  0.0000  0.0000  0.0000  0.0000  0.0000  0.0000
   2   1   4  12  12   7   2
 -0.5000 -0.4899 -0.4546 -0.4541 -0.4366 -0.3042 -0.0240  0.0654  0.0784  0.1201  0.4550  0.5000
       2       8       1       2       8       1       8       7       1       7       5    ****
  0.0217  0.0338 -0.0370 -0.0367  0.0348  0.0321 -0.0287 -0.0248  0.0206  0.0163 -0.0119 -0.0077  0.0036 -0.0000  0.0033
 -0.5000 -0.4763 -0.4541 -0.4366 -0.1624  0.0074  0.0654  0.2867  0.3354  0.3956  0.4210  0.5000
       8       1       2       8       1       8       7       1       7       5       7    ****
  0.0142  0.0220 -0.0237 -0.0229  0.0208  0.0180 -0.0145 -0.0106  0.0065  0.0022  0.0022  0.0064 -0.0104 -0.0140  0.0172
 -0.5000 -0.4899 -0.4541 -0.4377 -0.4366 -0.3962  0.5000
       1       0       1       0      -1       0    ****
 -0.0135 -0.0193  0.0169  0.0099 -0.0000  0.0114 -0.0234 -0.0349  0.0449  0.0526 -0.0573 -0.0585  0.0563  0.0506 -0.0419
 -0.5000  0.5000
       0    ****
  0.0000  0.0000  0.0000  0.0000  0.0000  0.0000  0.0000  0.0000  0.0000  0.0000  0.0000  0.0000  0.0000  0.0000  0.0000
   3   3   3   5   6   3   3
 -0.5000 -0.3962 -0.0240  0.0570  0.5000
       2       1       8       1    ****
  0.0838  0.1292 -0.1380 -0.1312  0.1171  0.0988 -0.0782 -0.0567  0.0357  0.0164  0.0002  0.0135 -0.0229 -0.0284  0.0301
 -0.5000 -0.4541 -0.3962  0.1201  0.4550  0.5000
       1       2       1       7       5    ****
  0.0485  0.0738 -0.0763 -0.0682  0.0546  0.0377 -0.0191 -0.0001 -0.0179 -0.0339  0.0470  0.0565 -0.0620 -0.0634  0.0610
 -0.5000 -0.4541  0.5000
       1       0    ****
  0.0352  0.0554 -0.0617 -0.0631  0.0626  0.0611 -0.0591 -0.0565  0.0536  0.0503 -0.0468 -0.0430  0.0391  0.0350 -0.0309
 -0.5000 -0.4541  0.5000
      -1       0    ****
 -0.0352 -0.0554  0.0617  0.0631 -0.0626 -0.0611  0.0591  0.0565 -0.0536 -0.0503  0.0468  0.0430 -0.0391 -0.0350  0.0309
   4   4   1   8  10   2   8
 -0.5000 -0.4763 -0.4541 -0.4366  0.0552  0.0584  0.0654  0.5000
       8       1       2       8       1       8       7    ****
  0.0142  0.0220 -0.0237 -0.0229  0.0208  0.0180 -0.0145 -0.0106  0.0065  0.0022  0.0022  0.0064 -0.0104 -0.0140  0.0172
 -0.5000 -0.4377 -0.4365 -0.3832  0.0626  0.0654  0.1026  0.1201  0.4550  0.5000
       8       2       8       1       8       7       1       7       5    ****
  0.0010  0.0015 -0.0016 -0.0015  0.0013  0.0010 -0.0008 -0.0004  0.0001 -0.0002  0.0006  0.0009 -0.0011 -0.0014  0.0015
 -0.5000  0.5000
       0    ****
  0.0000  0.0000  0.0000  0.0000  0.0000  0.0000  0.0000  0.0000  0.0000  0.0000  0.0000  0.0000  0.0000  0.0000  0.0000
 -0.5000 -0.4899 -0.4541 -0.4377 -0.4366 -0.4365 -0.3962  0.5000
      -1       0      -1       0       1      -1       0    ****
 -0.0549 -0.0840  0.0878  0.0803 -0.0671 -0.0506  0.0324  0.0138  0.0039  0.0195 -0.0323 -0.0415  0.0467  0.0480 -0.0454


  0.2500  0.1250  0.1250  0.1250  0.1250  0.8750  0.3750  0.3750  0.3750  0.3750  0.0000  0.0000  0.0000  0.0000  0.0000
  0.0000  0.0000  0.0000  0.0000  0.0000  0.0000  0.0000  0.0000  0.0000  0.0000  0.0000  0.0000  0.0000  0.0000  0.0000
  0.0000  0.0000  0.0000  0.0000  0.0000  0.0000  0.0000  0.0000  0.0000  0.0000  0.0000  0.0000  0.0000  0.0000  0.0000
  0.0000  0.0000  0.0000  0.0000  0.0000  0.0000  0.0000  0.0000  0.0000  0.0000  0.0000  0.0000  0.0000  0.0000  0.0000
  0.0000  0.0000  0.0000  0.0000  0.0000  0.0000  0.0000  0.0000  0.0000  0.0000  0.0000  0.0000  0.0000  0.0000  0.0000
  0.0000  0.0000  0.0000  0.0000  0.0000  0.0000  0.0000  0.0000  0.0000  0.0000  0.0000  0.0000  0.0000  0.0000  0.0000
  0.0000  0.0000  0.0000  0.0000  0.0000  0.0000  0.0000  0.0000  0.0000  0.0000


  1.2160  0.5572 -0.6780 -0.6467  0.2368  0.4002 -0.2541 -0.2150 -0.0272 -0.0034  0.0353  0.2144 -0.2204 -0.2412  0.1619
  0.2758 -0.2154 -0.1469  0.0750  0.0614 -0.0336  0.0554 -0.0593 -0.1027  0.0851  0.1388 -0.1036 -0.0915  0.0643  0.0387
