 ... generation ...    0
   1   0   0   2   2   2   2
  0.0000  1.0000
       1    ****
  0.0000  1.0000
       2    ****
  0.0000  1.0000
       0    ****
  0.0000  1.0000
       0    ****
   2   0   0   2   2   2   2
  0.0000  1.0000
       3    ****
  0.0000  1.0000
       4    ****
  0.0000  1.0000
       0    ****
  0.0000  1.0000
       0    ****
   3   0   0   2   2   2   2
  0.0000  1.0000
       5    ****
  0.0000  1.0000
       6    ****
  0.0000  1.0000
       0    ****
  0.0000  1.0000
       0    ****
   4   0   0   2   2   2   2
  0.0000  1.0000
       7    ****
  0.0000  1.0000
       8    ****
  0.0000  1.0000
       0    ****
  0.0000  1.0000
       0    ****
 ... generation ...    1
   1   3   4   3   2   2   2
  0.0000  0.3012  1.0000
       5       6    ****
  0.0000  1.0000
       8    ****
  0.0000  1.0000
       0    ****
  0.0000  1.0000
       0    ****
   2   3   1   3   2   2   2
  0.0000  0.8143  1.0000
       6       5    ****
  0.0000  1.0000
       1    ****
  0.0000  1.0000
       0    ****
  0.0000  1.0000
       1    ****
   3   1   4   3   3   3   2
  0.0000  0.3371  1.0000
       2       1    ****
  0.0000  0.9642  1.0000
       8       7    ****
  0.0000  0.3371  1.0000
      -1       1    ****
  0.0000  1.0000
       0    ****
   4   1   2   5   4   5   2
  0.0000  0.0539  0.3773  0.8931  1.0000
       1       2       1       2    ****
  0.0000  0.4754  0.7763  1.0000
       4       3       4    ****
  0.0000  0.0539  0.3773  0.8931  1.0000
       1      -1       1      -1    ****
  0.0000  1.0000
       0    ****
 ... generation ...    2
   1   4   1   6   3   5   2
  0.0000  0.1059  0.1858  0.4754  0.7763  1.0000
       4       2       4       3       4    ****
  0.0000  0.3012  1.0000
       5       6    ****
  0.0000  0.0539  0.3773  0.8931  1.0000
      -1       0      -1       0    ****
  0.0000  1.0000
       0    ****
   2   1   4   2   6   2   6
  0.0000  1.0000
       8    ****
  0.0000  0.0204  0.0539  0.3773  0.8931  1.0000
       4       1       2       1       2    ****
  0.0000  1.0000
       0    ****
  0.0000  0.0204  0.0539  0.3773  0.8931  1.0000
      -1       1       0       1       0    ****
   3   4   2   5   2   5   2
  0.0000  0.0539  0.3773  0.8931  1.0000
       1       2       1       2    ****
  0.0000  1.0000
       1    ****
  0.0000  0.0539  0.3773  0.8931  1.0000
       1       0       1       0    ****
  0.0000  1.0000
       1    ****
   4   2   1   3   3   2   2
  0.0000  0.8143  1.0000
       6       5    ****
  0.0000  0.3012  1.0000
       5       6    ****
  0.0000  1.0000
      -1    ****
  0.0000  1.0000
       0    ****
 ... generation ...    3
   1   3   3   5   3   5   5
  0.0000  0.0539  0.3773  0.8931  1.0000
       1       2       1       2    ****
  0.0000  0.8931  1.0000
       1       2    ****
  0.0000  0.0539  0.3773  0.8931  1.0000
       0      -1       0      -1    ****
  0.0000  0.0539  0.3773  0.8931  1.0000
       0       1       0      -1    ****
   2   3   2   3   7   6   7
  0.0000  0.8949  1.0000
       1       2    ****
  0.0000  0.0204  0.0539  0.1974  0.5696  0.8931  1.0000
       4       1       2       8       1       2    ****
  0.0000  0.0539  0.3773  0.8931  0.8949  1.0000
       0       1       0       1      -1    ****
  0.0000  0.0204  0.0539  0.3773  0.5696  0.8931  1.0000
       0       1       0      -1       1       0    ****
   3   3   4   2   2   5   2
  0.0000  1.0000
       1    ****
  0.0000  1.0000
       6    ****
  0.0000  0.0539  0.3773  0.8931  1.0000
       0       1       0       1    ****
  0.0000  1.0000
       0    ****
   4   2   2   6   5   7   6
  0.0000  0.0204  0.0539  0.3773  0.8143  1.0000
       4       1       2       1       8    ****
  0.0000  0.0204  0.0539  0.3030  1.0000
       4       1       2       8    ****
  0.0000  0.0204  0.0539  0.3773  0.8143  0.8931  1.0000
       0       1       0       1      -1       0    ****
  0.0000  0.0204  0.0539  0.3773  0.8931  1.0000
       0       1       0      -1       0    ****
 ... generation ...    4
   1   1   3   5   2   5   2
  0.0000  0.1233  0.3773  0.8931  1.0000
       1       2       1       2    ****
  0.0000  1.0000
       6    ****
  0.0000  0.0539  0.1233  0.3773  1.0000
       0       1      -1       0    ****
  0.0000  1.0000
      -1    ****
   2   2   1   3   5   7   5
  0.0000  0.8949  1.0000
       1       2    ****
  0.0000  0.0539  0.1696  0.8931  1.0000
       1       2       1       2    ****
  0.0000  0.0204  0.0539  0.5696  0.8931  0.8949  1.0000
       1       0       1       0       1       0    ****
  0.0000  0.0539  0.1696  0.3773  1.0000
       0      -1       1       0    ****
   3   4   3   5   4   4   4
  0.0000  0.0204  0.0539  0.3030  1.0000
       4       1       2       8    ****
  0.0000  0.2377  0.8997  1.0000
       1       6       1    ****
  0.0000  0.3773  0.8143  1.0000
       0      -1       0    ****
  0.0000  0.2377  0.8997  1.0000
       1      -1       1    ****
   4   4   4   7   6   5   4
  0.0000  0.0204  0.0539  0.3030  0.4159  0.8143  1.0000
       4       1       2       8       1       8    ****
  0.0000  0.0204  0.0539  0.3773  0.8143  1.0000
       4       1       2       1       8    ****
  0.0000  0.3773  0.4159  0.8143  1.0000
       0      -1       1       0    ****
  0.0000  0.3773  0.8143  1.0000
       0       1       0    ****
 ... generation ...    5
   1   2   4   5   7   6   4
  0.0000  0.0539  0.1696  0.8931  1.0000
       1       2       1       2    ****
  0.0000  0.0204  0.0539  0.3030  0.4159  0.8143  1.0000
       4       1       2       8       1       8    ****
  0.0000  0.0539  0.1696  0.8931  0.8949  1.0000
       0      -1       0      -1       0    ****
  0.0000  0.3773  0.4159  1.0000
       0      -1       0    ****
   2   1   2   5   5   6   6
  0.0000  0.1233  0.3773  0.5166  1.0000
       1       2       1       6    ****
  0.0000  0.0539  0.1696  0.8949  1.0000
       1       2       1       2    ****
  0.0000  0.1233  0.3773  0.5166  0.8931  1.0000
       1       0       1      -1       0    ****
  0.0000  0.0539  0.1696  0.8931  0.8949  1.0000
       0      -1       0       1       0    ****
   3   3   4   4   7   7   4
  0.0000  0.1525  0.3030  1.0000
       1       2       8    ****
  0.0000  0.0204  0.0539  0.3030  0.4159  0.8143  1.0000
       4       1       2       8       1       8    ****
  0.0000  0.0204  0.0539  0.1525  0.2377  0.8997  1.0000
       1       0       1      -1       0      -1    ****
  0.0000  0.3773  0.4159  1.0000
       0      -1       0    ****
   4   4   2   6   5   4   6
  0.0000  0.0204  0.0539  0.3773  0.8143  1.0000
       4       1       2       1       8    ****
  0.0000  0.0539  0.1696  0.8949  1.0000
       1       2       1       2    ****
  0.0000  0.3773  0.4159  1.0000
       0       1       0    ****
  0.0000  0.0539  0.1696  0.8931  0.8949  1.0000
       0      -1       0       1       0    ****
 ... generation ...    6
   1   3   2   7   5   7   9
  0.0000  0.0204  0.0539  0.3030  0.4159  0.8143  1.0000
       4       1       2       8       1       8    ****
  0.0000  0.1233  0.3773  0.7273  1.0000
       1       2       1       6    ****
  0.0000  0.0204  0.0539  0.1525  0.4159  0.8143  1.0000
      -1       0      -1       0       1       0    ****
  0.0000  0.0539  0.1233  0.1696  0.3773  0.5166  0.7273  0.8949  1.0000
       0       1       0      -1       0       1      -1       0    ****
   2   4   3   5   4   7   7
  0.0000  0.0539  0.3773  0.8949  1.0000
       1       2       1       2    ****
  0.0000  0.1525  0.3030  1.0000
       1       2       8    ****
  0.0000  0.0204  0.1696  0.3773  0.8143  0.8949  1.0000
       1       0      -1       0       1       0    ****
  0.0000  0.0204  0.0539  0.1525  0.4159  0.8143  1.0000
       1       0       1       0      -1       0    ****
   3   1   1   7   6   7   7
  0.0000  0.0204  0.0539  0.3030  0.4159  0.8931  1.0000
       4       1       2       8       1       2    ****
  0.0000  0.0539  0.3030  0.4159  0.8143  1.0000
       1       2       8       1       8    ****
  0.0000  0.0204  0.1696  0.4159  0.8143  0.8931  1.0000
      -1       0      -1       0       1       0    ****
  0.0000  0.0204  0.1696  0.4159  0.8143  0.8931  1.0000
       1       0      -1       0      -1       0    ****
   4   1   3   7   7   7   8
  0.0000  0.0204  0.0539  0.3030  0.4159  0.8143  1.0000
       4       1       2       8       1       8    ****
  0.0000  0.0204  0.0539  0.0669  0.1525  0.3030  1.0000
       4       1       2       1       2       8    ****
  0.0000  0.0204  0.1696  0.4159  0.8143  0.8931  1.0000
      -1       0      -1       0      -1       0    ****
  0.0000  0.0204  0.0539  0.0669  0.1525  0.4159  0.8143  1.0000
      -1       0      -1       1       0      -1       0    ****
 ... generation ...    7
   1   3   4   8   9   5   6
  0.0000  0.0204  0.0539  0.3030  0.4159  0.8143  0.9160  1.0000
       4       1       2       8       1       8       2    ****
  0.0000  0.0204  0.0539  0.0669  0.1525  0.3030  0.4159  0.8143  1.0000
       4       1       2       1       2       8       1       8    ****
  0.0000  0.0204  0.8143  0.8931  1.0000
      -1       0      -1       0    ****
  0.0000  0.0669  0.1525  0.4159  0.8143  1.0000
       0       1       0       1       0    ****
   2   3   3   6   7   5   5
  0.0000  0.0539  0.3030  0.4159  0.8143  1.0000
       1       2       8       1       8    ****
  0.0000  0.0204  0.0539  0.3030  0.4159  0.8931  1.0000
       4       1       2       8       1       2    ****
  0.0000  0.0204  0.8143  0.8931  1.0000
       1       0      -1       0    ****
  0.0000  0.0204  0.8143  0.8931  1.0000
      -1       0       1       0    ****
   3   4   3   7   7   7   5
  0.0000  0.0204  0.0539  0.3030  0.4159  0.4473  1.0000
       4       1       2       8       1       8    ****
  0.0000  0.0204  0.0539  0.3030  0.4159  0.8143  1.0000
       4       1       2       8       1       8    ****
  0.0000  0.0669  0.1525  0.4159  0.4473  0.8143  1.0000
       0      -1       0       1      -1       0    ****
  0.0000  0.0204  0.8143  0.8931  1.0000
      -1       0      -1       0    ****
   4   2   1   4   8   6   9
  0.0000  0.1525  0.3030  1.0000
       1       2       8    ****
  0.0000  0.0204  0.0539  0.3030  0.4159  0.8143  0.9170  1.0000
       4       1       2       8       1       8       6    ****
  0.0000  0.0539  0.1525  0.3773  0.8949  1.0000
       0       1       0      -1       0    ****
  0.0000  0.0204  0.0539  0.1233  0.3773  0.4159  0.7273  0.8143  1.0000
      -1       0      -1       0      -1       0       1       0    ****
 ... generation ...    8
   1   1   4   9   4   4   7
  0.0000  0.0204  0.0539  0.0669  0.1525  0.3030  0.4159  0.8143  1.0000
       4       1       2       1       2       8       1       8    ****
  0.0000  0.1525  0.3030  1.0000
       1       2       8    ****
  0.0000  0.0669  0.1525  1.0000
       0       1       0    ****
  0.0000  0.0204  0.0539  0.1525  0.4159  0.8143  1.0000
       1       0       1       0      -1       0    ****
   2   2   4   6   8   5   7
  0.0000  0.0539  0.3030  0.4159  0.8143  1.0000
       1       2       8       1       8    ****
  0.0000  0.0204  0.0539  0.3030  0.4159  0.8143  0.9170  1.0000
       4       1       2       8       1       8       6    ****
  0.0000  0.0204  0.8143  0.8931  1.0000
       1       0      -1       0    ****
  0.0000  0.0204  0.0539  0.1525  0.4159  0.8143  1.0000
      -1       0      -1       0       1       0    ****
   3   4   1   4  10   7   5
  0.0000  0.1525  0.3030  1.0000
       1       2       8    ****
  0.0000  0.0204  0.0539  0.1290  0.1525  0.3030  0.4159  0.8143  0.9160  1.0000
       4       1       2       1       2       8       1       8       2    ****
  0.0000  0.0204  0.0539  0.1525  0.4159  0.8143  1.0000
       1       0       1       0      -1       0    ****
  0.0000  0.0669  0.1290  0.1525  1.0000
       0      -1       1       0    ****
   4   3   1   9   7   5   4
  0.0000  0.0204  0.0539  0.3030  0.4159  0.4473  0.6711  0.8143  1.0000
       4       1       2       8       1       8       1       8    ****
  0.0000  0.0204  0.0539  0.3030  0.4159  0.8143  1.0000
       4       1       2       8       1       8    ****
  0.0000  0.4473  0.6711  0.8143  1.0000
       0      -1       1       0    ****
  0.0000  0.0669  0.1525  1.0000
       0      -1       0    ****
 ... generation ...    9
   1   1   2   7   7   7   3
  0.0000  0.0204  0.0539  0.0669  0.1525  0.3030  1.0000
       4       1       2       1       2       8    ****
  0.0000  0.0204  0.0539  0.3030  0.4159  0.8143  1.0000
       4       1       2       8       1       8    ****
  0.0000  0.0204  0.0539  0.0669  0.4159  0.8143  1.0000
      -1       0      -1       0      -1       0    ****
  0.0000  0.0204  1.0000
      -1       0    ****
   2   2   2   6   6   3   3
  0.0000  0.0539  0.3030  0.4159  0.8143  1.0000
       1       2       8       1       8    ****
  0.0000  0.0539  0.3030  0.4159  0.8143  1.0000
       1       2       8       1       8    ****
  0.0000  0.0204  1.0000
       1       0    ****
  0.0000  0.0204  1.0000
       1       0    ****
   3   3   3   8   4   8   7
  0.0000  0.0187  0.0204  0.0539  0.1290  0.1525  0.3030  1.0000
       1       4       1       2       1       2       8    ****
  0.0000  0.1525  0.3030  1.0000
       1       2       8    ****
  0.0000  0.0187  0.0204  0.0539  0.1290  0.4159  0.8143  1.0000
       1      -1       0      -1       0      -1       0    ****
  0.0000  0.0204  0.0539  0.1290  0.4159  0.8143  1.0000
       1       0       1       0      -1       0    ****
   4   1   3   9   9   8   8
  0.0000  0.0204  0.0539  0.0669  0.1525  0.3030  0.4159  0.5268  1.0000
       4       1       2       1       2       8       1       8    ****
  0.0000  0.0204  0.0539  0.1290  0.1525  0.3030  0.4159  0.8045  1.0000
       4       1       2       1       2       8       1       8    ****
  0.0000  0.0204  0.0539  0.0669  0.4159  0.5268  0.8143  1.0000
      -1       0      -1       0       1      -1       0    ****
  0.0000  0.0204  0.0539  0.1290  0.4159  0.8045  0.8143  1.0000
      -1       0      -1       0       1      -1       0    ****
 ... generation ...   10
   1   3   2   8   6   6   2
  0.0000  0.0187  0.0204  0.0539  0.1290  0.1525  0.3030  1.0000
       1       4       1       2       1       2       8    ****
  0.0000  0.0539  0.3030  0.4159  0.8143  1.0000
       1       2       8       1       8    ****
  0.0000  0.0187  0.0204  0.0539  0.1290  1.0000
       0      -1       0      -1       0    ****
  0.0000  1.0000
       0    ****
   2   4   3  11   4   7   6
  0.0000  0.0204  0.0539  0.0669  0.1525  0.3030  0.4159  0.5268  0.6561  0.8045
       4       1       2       1       2       8       1       8       1       8
  1.0000
    ****
  0.0000  0.1525  0.3030  1.0000
       1       2       8    ****
  0.0000  0.0669  0.1290  0.5268  0.6561  0.8045  1.0000
       0       1       0      -1       1       0    ****
  0.0000  0.0187  0.0204  0.0539  0.1290  1.0000
       0       1       0       1       0    ****
   3   3   3   4   4   6   6
  0.0000  0.1525  0.3030  1.0000
       1       2       8    ****
  0.0000  0.1525  0.3030  1.0000
       1       2       8    ****
  0.0000  0.0187  0.0204  0.0539  0.1290  1.0000
       0       1       0       1       0    ****
  0.0000  0.0187  0.0204  0.0539  0.1290  1.0000
       0       1       0       1       0    ****
   4   3   1   8   7   6   6
  0.0000  0.0187  0.0204  0.0539  0.1290  0.1525  0.3030  1.0000
       1       4       1       2       1       2       8    ****
  0.0000  0.0204  0.0539  0.3030  0.4159  0.8143  1.0000
       4       1       2       8       1       8    ****
  0.0000  0.0187  0.0204  0.0539  0.1290  1.0000
       0      -1       0      -1       0    ****
  0.0000  0.0669  0.1525  0.4159  0.8143  1.0000
       0      -1       0       1       0    ****
