  0   1   2   2
  0.0000  1.0000
       2       0
  0.0000  1.0000
       1       0
  0   2   2   2
  0.0000  1.0000
       1       0
  0.0000  1.0000
       1       0
  0   3   2   2
  0.0000  1.0000
       1       0
  0.0000  1.0000
       1       0
  0   4   2   2
  0.0000  1.0000
       1       0
  0.0000  1.0000
       1       0
  1   1   3   2
  0.0000  0.5105  1.0000
       2       1       0
  0.0000  1.0000
       1       0
  1   2   2   2
  0.0000  1.0000
       1       0
  0.0000  1.0000
       1       0
  1   3   2   2
  0.0000  1.0000
       1       0
  0.0000  1.0000
       1       0
  1   4   2   2
  0.0000  1.0000
       1       0
  0.0000  1.0000
       1       0
  2   1   2   2
  0.0000  1.0000
       1       0
  0.0000  1.0000
       1       0
  2   2   3   2
  0.0000  0.5105  1.0000
       2       1       0
  0.0000  1.0000
       1       0
  2   3   2   2
  0.0000  1.0000
       1       0
  0.0000  1.0000
       1       0
  2   4   2   2
  0.0000  1.0000
       1       0
  0.0000  1.0000
       1       0
  3   1   2   2
  0.0000  1.0000
       1       0
  0.0000  1.0000
       1       0
  3   2   3   2
  0.0000  0.5105  1.0000
       2       1       0
  0.0000  1.0000
       1       0
  3   3   2   2
  0.0000  1.0000
       1       0
  0.0000  1.0000
       1       0
  3   4   2   2
  0.0000  1.0000
       1       0
  0.0000  1.0000
       1       0
  4   1   4   2
  0.0000  0.3904  0.5105  1.0000
       1       2       1       0
  0.0000  1.0000
       1       0
  4   2   2   2
  0.0000  1.0000
       1       0
  0.0000  1.0000
       1       0
  4   3   2   3
  0.0000  1.0000
       1       0
  0.0000  0.3866  1.0000
       2       1       0
  4   4   2   2
  0.0000  1.0000
       1       0
  0.0000  1.0000
       1       0
  5   1   4   2
  0.0000  0.3904  0.5105  1.0000
       1       2       1       0
  0.0000  1.0000
       1       0
  5   2   2   2
  0.0000  1.0000
       1       0
  0.0000  1.0000
       1       0
  5   3   2   2
  0.0000  1.0000
       1       0
  0.0000  1.0000
       1       0
  5   4   4   2
  0.0000  0.3904  0.5105  1.0000
       1       2       1       0
  0.0000  1.0000
       1       0
  6   1   4   2
  0.0000  0.4006  0.5105  1.0000
       1       2       1       0
  0.0000  1.0000
       1       0
  6   2   4   4
  0.0000  0.3904  0.5105  1.0000
       1       2       1       0
  0.0000  0.4348  0.5105  1.0000
       1       2       1       0
  6   3   2   2
  0.0000  1.0000
       1       0
  0.0000  1.0000
       1       0
  6   4   4   2
  0.0000  0.3904  0.5105  1.0000
       1       2       1       0
  0.0000  1.0000
       1       0
  7   1   4   2
  0.0000  0.4006  0.5105  1.0000
       1       2       1       0
  0.0000  1.0000
       1       0
  7   2   4   2
  0.0000  0.4348  0.5105  1.0000
       1       2       1       0
  0.0000  1.0000
       1       0
  7   3   2   2
  0.0000  1.0000
       1       0
  0.0000  1.0000
       1       0
  7   4   2   4
  0.0000  1.0000
       1       0
  0.0000  0.3904  0.5105  1.0000
       1       2       1       0
  8   1   2   2
  0.0000  1.0000
       1       0
  0.0000  1.0000
       1       0
  8   2   4   2
  0.0000  0.4348  0.4386  1.0000
       1       2       1       0
  0.0000  1.0000
       1       0
  8   3   2   2
  0.0000  1.0000
       1       0
  0.0000  1.0000
       1       0
  8   4   4   4
  0.0000  0.4348  0.5031  1.0000
       1       2       1       0
  0.0000  0.4006  0.5105  1.0000
       1       2       1       0
  9   1   4   2
  0.0000  0.4348  0.5031  1.0000
       1       2       1       0
  0.0000  1.0000
       1       0
  9   2   2   4
  0.0000  1.0000
       1       0
  0.0000  0.4348  0.5031  1.0000
       1       2       1       0
  9   3   2   2
  0.0000  1.0000
       1       0
  0.0000  1.0000
       1       0
  9   4   2   4
  0.0000  1.0000
       1       0
  0.0000  0.4348  0.4386  1.0000
       1       2       1       0
 10   1   4   2
  0.0000  0.4348  0.5031  1.0000
       1       2       1       0
  0.0000  1.0000
       1       0
 10   2   2   4
  0.0000  1.0000
       1       0
  0.0000  0.4348  0.5031  1.0000
       1       2       1       0
 10   3   2   2
  0.0000  1.0000
       1       0
  0.0000  1.0000
       1       0
 10   4   4   4
  0.0000  0.4348  0.4386  1.0000
       1       2       1       0
  0.0000  0.4348  0.4386  1.0000
       1       2       1       0
