 ... generation ...    0
   1   0   0   2   2   2   2
 -0.5000  0.5000
       1    ****
 -0.5000  0.5000
       2    ****
   2   0   0   2   2   2   2
 -0.5000  0.5000
       3    ****
 -0.5000  0.5000
       4    ****
   3   0   0   2   2   2   2
 -0.5000  0.5000
       5    ****
 -0.5000  0.5000
       6    ****
   4   0   0   2   2   2   2
 -0.5000  0.5000
       7    ****
 -0.5000  0.5000
       8    ****
 ... generation ...    1
   1   1   4   2   5   2   2
 -0.5000  0.5000
       2    ****
 -0.5000  0.1013  0.1049  0.4862  0.5000
       8       7       8       7    ****
   2   2   2   4   4   2   2
 -0.5000  0.2785  0.4204  0.5000
       4       3       4    ****
 -0.5000 -0.3343  0.3306  0.5000
       3       4       3    ****
   3   2   3   2   3   2   2
 -0.5000  0.5000
       3    ****
 -0.5000  0.2589  0.5000
       6       5    ****
   4   1   4   2   3   2   2
 -0.5000  0.5000
       1    ****
 -0.5000 -0.2971  0.5000
       8       7    ****
 ... generation ...    2
   1   4   2   3   3   2   2
 -0.5000 -0.0118  0.5000
       1       7    ****
 -0.5000  0.2785  0.5000
       4       3    ****
   2   1   2   5   3   2   2
 -0.5000  0.1013  0.1049  0.4862  0.5000
       8       7       8       7    ****
 -0.5000  0.3306  0.5000
       4       3    ****
   3   2   1   4   4   2   2
 -0.5000 -0.3343  0.3306  0.5000
       3       4       3    ****
 -0.5000  0.2402  0.3366  0.5000
       2       8       2    ****
   4   2   1   4   2   2   2
 -0.5000  0.2785  0.4204  0.5000
       4       3       4    ****
 -0.5000  0.5000
       2    ****
 ... generation ...    3
   1   1   4   5   5   2   2
 -0.5000 -0.0118  0.3373  0.3864  0.5000
       1       7       3       7    ****
 -0.5000 -0.2433  0.2785  0.4204  0.5000
       2       4       3       4    ****
   2   1   3   5   6   2   2
 -0.5000 -0.3993 -0.3099  0.1292  0.5000
       4       1       4       7    ****
 -0.5000 -0.3826 -0.3442  0.2402  0.3366  0.5000
       2       3       2       8       2    ****
   3   3   2   4   6   2   2
 -0.5000  0.2402  0.3366  0.5000
       2       8       2    ****
 -0.5000 -0.4707  0.1013  0.1049  0.4862  0.5000
       4       8       7       8       7    ****
   4   4   4   4   4   2   2
 -0.5000 -0.0964  0.2379  0.5000
       2       4       2    ****
 -0.5000  0.2785  0.3186  0.5000
       4       3       2    ****
 ... generation ...    4
   1   2   2   5   7   2   2
 -0.5000 -0.3993 -0.3099  0.1292  0.5000
       4       1       4       7    ****
 -0.5000 -0.3993 -0.3099  0.1292  0.2422  0.3366  0.5000
       4       1       4       7       8       2    ****
   2   3   4   8   6   2   2
 -0.5000 -0.4614  0.1013  0.1049  0.3366  0.4152  0.4862  0.5000
       2       8       7       8       2       8       7    ****
 -0.5000 -0.4182 -0.3580  0.2785  0.3186  0.5000
       4       2       4       3       2    ****
   3   3   3   6   7   2   2
 -0.5000 -0.4707  0.1013  0.1049  0.4862  0.5000
       4       8       7       8       7    ****
 -0.5000 -0.4737 -0.4707  0.1013  0.1049  0.3580  0.5000
       2       4       8       7       8       2    ****
   4   4   3   4   6   2   2
 -0.5000  0.2785  0.3186  0.5000
       4       3       2    ****
 -0.5000 -0.4707  0.1013  0.1049  0.4862  0.5000
       4       8       7       8       7    ****
 ... generation ...    5
   1   4   3   8   8   2   2
 -0.5000 -0.4707  0.1013  0.1049  0.2289  0.2785  0.3186  0.5000
       4       8       7       8       4       3       2    ****
 -0.5000 -0.4707  0.1013  0.1049  0.3580  0.3938  0.4862  0.5000
       4       8       7       8       2       8       7    ****
   2   3   1   7   5   2   2
 -0.5000 -0.4737 -0.4707  0.1013  0.1049  0.3580  0.5000
       2       4       8       7       8       2    ****
 -0.5000 -0.3993 -0.3099  0.1292  0.5000
       4       1       4       7    ****
   3   3   3   7   6   2   2
 -0.5000 -0.4737 -0.4707  0.1013  0.1049  0.3580  0.5000
       2       4       8       7       8       2    ****
 -0.5000 -0.4707  0.1013  0.1049  0.4862  0.5000
       4       8       7       8       7    ****
   4   1   3   7   7   2   2
 -0.5000 -0.3993 -0.3099  0.1292  0.2814  0.3366  0.5000
       4       1       4       7       8       2    ****
 -0.5000 -0.4737 -0.4707  0.1013  0.1049  0.4862  0.5000
       2       4       8       7       8       7    ****
 ... generation ...    6
   1   2   2   5   7   2   2
 -0.5000 -0.3993 -0.3099  0.1292  0.5000
       4       1       4       7    ****
 -0.5000 -0.4737 -0.4707  0.1013  0.1049  0.3580  0.5000
       2       4       8       7       8       2    ****
   2   3   1   7   8   2   2
 -0.5000 -0.4737 -0.4707  0.1013  0.1049  0.3580  0.5000
       2       4       8       7       8       2    ****
 -0.5000 -0.4707  0.1013  0.1049  0.2289  0.2785  0.3186  0.5000
       4       8       7       8       4       3       2    ****
   3   1   3   8   6   2   2
 -0.5000 -0.4707  0.1013  0.1049  0.3580  0.3938  0.4568  0.5000
       4       8       7       8       2       8       2    ****
 -0.5000 -0.4707  0.1013  0.1049  0.3745  0.5000
       4       8       7       8       2    ****
   4   4   3   8   7   2   2
 -0.5000 -0.3993 -0.3099 -0.1126  0.1013  0.1049  0.3684  0.5000
       4       1       4       8       7       8       2    ****
 -0.5000 -0.4737 -0.4707  0.1013  0.1049  0.4862  0.5000
       2       4       8       7       8       7    ****
 ... generation ...    7
   1   3   2   8   8   2   2
 -0.5000 -0.4707  0.1013  0.1049  0.3580  0.3938  0.4568  0.5000
       4       8       7       8       2       8       2    ****
 -0.5000 -0.4707  0.1013  0.1049  0.2289  0.2785  0.3186  0.5000
       4       8       7       8       4       3       2    ****
   2   2   3   8   6   2   2
 -0.5000 -0.4707  0.1013  0.1049  0.2289  0.2716  0.3580  0.5000
       4       8       7       8       4       8       2    ****
 -0.5000 -0.4707  0.1013  0.1049  0.3745  0.5000
       4       8       7       8       2    ****
   3   4   4  11   8   2   2
 -0.5000 -0.4292 -0.3831 -0.3099 -0.1126  0.1013  0.1049  0.3684  0.3726  0.4862
       4       8       1       4       8       7       8       2       8       7
  0.5000
    ****
 -0.5000 -0.3993 -0.3099 -0.1126  0.1013  0.1049  0.4862  0.5000
       4       1       4       8       7       8       7    ****
   4   3   4   8  10   2   2
 -0.5000 -0.4707  0.1013  0.1049  0.3580  0.3938  0.4568  0.5000
       4       8       7       8       2       8       2    ****
 -0.5000 -0.4737 -0.4707 -0.3891 -0.3099 -0.2994  0.1013  0.1049  0.4862  0.5000
       2       4       8       1       4       8       7       8       7    ****
 ... generation ...    8
   1   1   4   8   9   2   2
 -0.5000 -0.4707  0.1013  0.1049  0.3580  0.3938  0.4568  0.5000
       4       8       7       8       2       8       2    ****
 -0.5000 -0.4737 -0.4707  0.1013  0.1049  0.3580  0.3938  0.4862  0.5000
       2       4       8       7       8       2       8       7    ****
   2   3   3   8   9   2   2
 -0.5000 -0.3993 -0.3099 -0.1126  0.1013  0.1049  0.4862  0.5000
       4       1       4       8       7       8       7    ****
 -0.5000 -0.4292 -0.3831 -0.3099 -0.1126  0.1013  0.1049  0.4862  0.5000
       4       8       1       4       8       7       8       7    ****
   3   3   1   8   8   2   2
 -0.5000 -0.3993 -0.3099 -0.1126  0.1013  0.1049  0.4862  0.5000
       4       1       4       8       7       8       7    ****
 -0.5000 -0.4707  0.1013  0.1049  0.2289  0.2785  0.3186  0.5000
       4       8       7       8       4       3       2    ****
   4   4   2   6   6   2   2
 -0.5000 -0.4707  0.1013  0.1049  0.4862  0.5000
       4       8       7       8       7    ****
 -0.5000 -0.4707  0.1013  0.1049  0.3745  0.5000
       4       8       7       8       2    ****
 ... generation ...    9
   1   2   2   8   9   2   2
 -0.5000 -0.3993 -0.3099 -0.1126  0.1013  0.1049  0.4862  0.5000
       4       1       4       8       7       8       7    ****
 -0.5000 -0.4292 -0.3831 -0.3099 -0.1126  0.1013  0.1049  0.4862  0.5000
       4       8       1       4       8       7       8       7    ****
   2   4   4   6   6   2   2
 -0.5000 -0.4707  0.1013  0.1049  0.3745  0.5000
       4       8       7       8       2    ****
 -0.5000 -0.4707  0.1013  0.1049  0.4862  0.5000
       4       8       7       8       7    ****
   3   3   3   6   8   2   2
 -0.5000 -0.4707  0.1013  0.1049  0.4862  0.5000
       4       8       7       8       7    ****
 -0.5000 -0.4556  0.1013  0.1049  0.2289  0.2785  0.3186  0.5000
       4       8       7       8       4       3       2    ****
   4   2   2   9   8   2   2
 -0.5000 -0.4292 -0.3831 -0.3099 -0.1126  0.1013  0.1049  0.4862  0.5000
       4       8       1       4       8       7       8       7    ****
 -0.5000 -0.3993 -0.3099 -0.1126  0.1013  0.1049  0.4862  0.5000
       4       1       4       8       7       8       7    ****
 ... generation ...   10
   1   2   2   7   6   2   2
 -0.5000 -0.4707  0.1013  0.1049  0.4862  0.4986  0.5000
       4       8       7       8       7       2    ****
 -0.5000 -0.4707  0.1013  0.1049  0.3778  0.5000
       4       8       7       8       2    ****
   2   2   2   6   6   2   2
 -0.5000 -0.4707  0.1013  0.1049  0.4090  0.5000
       4       8       7       8       2    ****
 -0.5000 -0.4707  0.1013  0.1049  0.4862  0.5000
       4       8       7       8       7    ****
   3   4   4   9   8   2   2
 -0.5000 -0.4292 -0.3831 -0.3099 -0.1126  0.1013  0.1049  0.4862  0.5000
       4       8       1       4       8       7       8       7    ****
 -0.5000 -0.3993 -0.3099 -0.1126  0.1013  0.1049  0.4862  0.5000
       4       1       4       8       7       8       7    ****
   4   2   2   6   6   2   2
 -0.5000 -0.4707  0.1013  0.1049  0.3745  0.5000
       4       8       7       8       2    ****
 -0.5000 -0.4707  0.1013  0.1049  0.3745  0.5000
       4       8       7       8       2    ****
