 ... generation ...    0
   1   0   0   2   2   2   2
  0.0000  1.0000
       1    ****
  0.0000  1.0000
       2    ****
  0.0000  1.0000
       0    ****
  0.0000  1.0000
       0    ****
   2   0   0   2   2   2   2
  0.0000  1.0000
       3    ****
  0.0000  1.0000
       4    ****
  0.0000  1.0000
       0    ****
  0.0000  1.0000
       0    ****
   3   0   0   2   2   2   2
  0.0000  1.0000
       5    ****
  0.0000  1.0000
       6    ****
  0.0000  1.0000
       0    ****
  0.0000  1.0000
       0    ****
   4   0   0   2   2   2   2
  0.0000  1.0000
       7    ****
  0.0000  1.0000
       8    ****
  0.0000  1.0000
       0    ****
  0.0000  1.0000
       0    ****
 ... generation ...    1
   1   4   4   2   3   2   2
  0.0000  1.0000
       8    ****
  0.0000  0.7577  1.0000
       8       7    ****
  0.0000  1.0000
       0    ****
  0.0000  1.0000
       0    ****
   2   1   3   3   4   2   4
  0.0000  0.4440  1.0000
       2       1    ****
  0.0000  0.4543  0.8428  1.0000
       5       6       5    ****
  0.0000  1.0000
       0    ****
  0.0000  0.4543  0.8428  1.0000
       1      -1       1    ****
   3   1   2   3   2   2   2
  0.0000  0.6682  1.0000
       1       2    ****
  0.0000  1.0000
       3    ****
  0.0000  1.0000
       0    ****
  0.0000  1.0000
       0    ****
   4   4   4   3   3   2   2
  0.0000  0.7891  1.0000
       8       7    ****
  0.0000  0.5168  1.0000
       8       7    ****
  0.0000  1.0000
       0    ****
  0.0000  1.0000
       0    ****
 ... generation ...    2
   1   1   2   4   3   2   4
  0.0000  0.7577  0.9982  1.0000
       8       7       8    ****
  0.0000  0.4440  1.0000
       2       1    ****
  0.0000  1.0000
       0    ****
  0.0000  0.4543  0.8428  1.0000
      -1       0      -1    ****
   2   4   3   3   4   2   2
  0.0000  0.7793  1.0000
       8       7    ****
  0.0000  0.0090  0.6682  1.0000
       3       1       2    ****
  0.0000  1.0000
       0    ****
  0.0000  1.0000
       0    ****
   3   2   3   5   2   4   2
  0.0000  0.4440  0.4586  0.6705  1.0000
       2       1       6       1    ****
  0.0000  1.0000
       3    ****
  0.0000  0.4543  0.8428  1.0000
      -1       0      -1    ****
  0.0000  1.0000
       0    ****
   4   3   1   3   3   2   2
  0.0000  0.6682  1.0000
       1       2    ****
  0.0000  0.9316  1.0000
       8       7    ****
  0.0000  1.0000
       0    ****
  0.0000  1.0000
       0    ****
 ... generation ...    3
   1   3   3   4   2   2   2
  0.0000  0.1502  0.2878  1.0000
       3       2       3    ****
  0.0000  1.0000
       3    ****
  0.0000  1.0000
       0    ****
  0.0000  1.0000
       0    ****
   2   4   4   6   5   2   2
  0.0000  0.1922  0.3542  0.6322  0.6682  1.0000
       8       1       8       1       2    ****
  0.0000  0.6682  0.7255  0.9316  1.0000
       1       2       8       7    ****
  0.0000  1.0000
       0    ****
  0.0000  1.0000
       0    ****
   3   2   1   4   4   2   2
  0.0000  0.5725  0.6682  1.0000
       8       1       2    ****
  0.0000  0.7577  0.9982  1.0000
       8       7       8    ****
  0.0000  1.0000
       0    ****
  0.0000  1.0000
       0    ****
   4   1   4   4   3   2   2
  0.0000  0.7577  0.9876  1.0000
       8       7       1    ****
  0.0000  0.6682  1.0000
       1       2    ****
  0.0000  1.0000
       0    ****
  0.0000  1.0000
       0    ****
 ... generation ...    4
   1   2   3   5   4   2   2
  0.0000  0.6682  0.7255  0.9316  1.0000
       1       2       8       7    ****
  0.0000  0.7577  0.7662  1.0000
       8       7       2    ****
  0.0000  1.0000
       0    ****
  0.0000  1.0000
       0    ****
   2   1   3   4   4   2   2
  0.0000  0.1502  0.2878  1.0000
       3       2       3    ****
  0.0000  0.5725  0.6682  1.0000
       8       1       2    ****
  0.0000  1.0000
       0    ****
  0.0000  1.0000
       0    ****
   3   1   3   4   4   2   2
  0.0000  0.1502  0.2878  1.0000
       3       2       3    ****
  0.0000  0.5790  0.6682  1.0000
       8       1       2    ****
  0.0000  1.0000
       0    ****
  0.0000  1.0000
       0    ****
   4   1   4   2   4   2   2
  0.0000  1.0000
       3    ****
  0.0000  0.7577  0.9876  1.0000
       8       7       1    ****
  0.0000  1.0000
       0    ****
  0.0000  1.0000
       0    ****
 ... generation ...    5
   1   4   1   3   6   2   2
  0.0000  0.5710  1.0000
       8       3    ****
  0.0000  0.4223  0.6758  0.7255  0.9316  1.0000
       1       8       2       8       7    ****
  0.0000  1.0000
       0    ****
  0.0000  1.0000
       0    ****
   2   3   1   7   5   2   2
  0.0000  0.1502  0.2780  0.5790  0.6682  0.7789  1.0000
       3       2       8       1       2       3    ****
  0.0000  0.6682  0.7255  0.9316  1.0000
       1       2       8       7    ****
  0.0000  1.0000
       0    ****
  0.0000  1.0000
       0    ****
   3   4   2   3   5   2   2
  0.0000  0.3720  1.0000
       8       3    ****
  0.0000  0.1502  0.2878  0.7240  1.0000
       3       2       3       2    ****
  0.0000  1.0000
       0    ****
  0.0000  1.0000
       0    ****
   4   4   1   3   4   2   2
  0.0000  0.2704  1.0000
       8       3    ****
  0.0000  0.7577  0.7662  1.0000
       8       7       2    ****
  0.0000  1.0000
       0    ****
  0.0000  1.0000
       0    ****
 ... generation ...    6
   1   1   2   6   7   2   2
  0.0000  0.4223  0.6758  0.7255  0.9316  1.0000
       1       8       2       8       7    ****
  0.0000  0.1502  0.2780  0.5790  0.6682  0.7789  1.0000
       3       2       8       1       2       3    ****
  0.0000  1.0000
       0    ****
  0.0000  1.0000
       0    ****
   2   1   4   4   6   2   2
  0.0000  0.1628  0.5710  1.0000
       1       8       3    ****
  0.0000  0.4375  0.7113  0.7577  0.7662  1.0000
       8       3       8       7       2    ****
  0.0000  1.0000
       0    ****
  0.0000  1.0000
       0    ****
   3   2   3   8   3   2   2
  0.0000  0.1502  0.2780  0.5790  0.6682  0.7255  0.9316  1.0000
       3       2       8       1       2       8       7    ****
  0.0000  0.3720  1.0000
       8       3    ****
  0.0000  1.0000
       0    ****
  0.0000  1.0000
       0    ****
   4   3   1   5   7   2   2
  0.0000  0.2046  0.2878  0.7240  1.0000
       8       2       3       2    ****
  0.0000  0.0055  0.4223  0.6758  0.7255  0.9316  1.0000
       8       1       8       2       8       7    ****
  0.0000  1.0000
       0    ****
  0.0000  1.0000
       0    ****
 ... generation ...    7
   1   2   1   7   9   2   2
  0.0000  0.1628  0.4375  0.7113  0.7577  0.7662  1.0000
       1       8       3       8       7       2    ****
  0.0000  0.0273  0.1930  0.2780  0.5790  0.6682  0.7789  0.9392  1.0000
       3       1       2       8       1       2       3       7    ****
  0.0000  1.0000
       0    ****
  0.0000  1.0000
       0    ****
   2   4   3   7   6   2   2
  0.0000  0.1608  0.4223  0.6758  0.7255  0.9316  1.0000
       8       1       8       2       8       7    ****
  0.0000  0.1502  0.2780  0.5790  0.6041  1.0000
       3       2       8       1       3    ****
  0.0000  1.0000
       0    ****
  0.0000  1.0000
       0    ****
   3   3   3   3   8   2   2
  0.0000  0.3720  1.0000
       8       3    ****
  0.0000  0.1502  0.2780  0.5790  0.6682  0.7255  0.7322  1.0000
       3       2       8       1       2       8       3    ****
  0.0000  1.0000
       0    ****
  0.0000  1.0000
       0    ****
   4   1   2   6   7   2   2
  0.0000  0.4223  0.6758  0.7255  0.9316  1.0000
       1       8       2       8       7    ****
  0.0000  0.0859  0.1492  0.1628  0.5710  0.8303  1.0000
       1       8       1       8       3       2    ****
  0.0000  1.0000
       0    ****
  0.0000  1.0000
       0    ****
 ... generation ...    8
   1   3   2   8   7   2   2
  0.0000  0.1502  0.2780  0.5790  0.6682  0.7255  0.7322  1.0000
       3       2       8       1       2       8       3    ****
  0.0000  0.1608  0.2577  0.2780  0.5790  0.6041  1.0000
       8       1       2       8       1       3    ****
  0.0000  1.0000
       0    ****
  0.0000  1.0000
       0    ****
   2   1   4  10   9   2   2
  0.0000  0.0273  0.1930  0.2780  0.5790  0.6682  0.7789  0.9392  0.9587  1.0000
       3       1       2       8       1       2       3       7       2    ****
  0.0000  0.0859  0.1492  0.1628  0.5710  0.8303  0.9241  0.9316  1.0000
       1       8       1       8       3       2       8       7    ****
  0.0000  1.0000
       0    ****
  0.0000  1.0000
       0    ****
   3   4   2   9  10   2   2
  0.0000  0.0859  0.1492  0.1628  0.6758  0.7255  0.9316  0.9491  1.0000
       1       8       1       8       2       8       7       2    ****
  0.0000  0.0676  0.1502  0.1806  0.2632  0.2780  0.6758  0.7255  0.9316  1.0000
       8       3       2       1       2       8       2       8       7    ****
  0.0000  1.0000
       0    ****
  0.0000  1.0000
       0    ****
   4   1   2   9   8   2   2
  0.0000  0.1628  0.4375  0.7113  0.7577  0.7662  0.8243  0.9346  1.0000
       1       8       3       8       7       2       3       2    ****
  0.0000  0.1502  0.2780  0.5790  0.6041  0.7783  0.9316  1.0000
       3       2       8       1       3       8       7    ****
  0.0000  1.0000
       0    ****
  0.0000  1.0000
       0    ****
 ... generation ...    9
   1   2   3  10  11   2   2
  0.0000  0.0859  0.1492  0.1628  0.5790  0.6682  0.7789  0.9392  0.9587  1.0000
       1       8       1       8       1       2       3       7       2    ****
  0.0000  0.0859  0.1492  0.1558  0.1806  0.2632  0.2780  0.6758  0.7255  0.9316
       1       8       1       2       1       2       8       2       8       7
  1.0000
    ****
  0.0000  1.0000
       0    ****
  0.0000  1.0000
       0    ****
   2   3   2  11   9   2   2
  0.0000  0.0676  0.1502  0.1806  0.2632  0.2780  0.6758  0.7255  0.9316  0.9491
       8       3       2       1       2       8       2       8       7       2
  1.0000
    ****
  0.0000  0.0859  0.1492  0.1628  0.5710  0.8303  0.9241  0.9316  1.0000
       1       8       1       8       3       2       8       7    ****
  0.0000  1.0000
       0    ****
  0.0000  1.0000
       0    ****
   3   2   2  10   8   2   2
  0.0000  0.0273  0.1930  0.2780  0.5790  0.6682  0.7789  0.9392  0.9587  1.0000
       3       1       2       8       1       2       3       7       2    ****
  0.0000  0.0273  0.1930  0.2780  0.5710  0.9392  0.9587  1.0000
       3       1       2       8       3       7       2    ****
  0.0000  1.0000
       0    ****
  0.0000  1.0000
       0    ****
   4   4   2   9  10   2   2
  0.0000  0.1628  0.4375  0.7113  0.7577  0.7662  0.8243  0.9346  1.0000
       1       8       3       8       7       2       3       2    ****
  0.0000  0.0273  0.1930  0.2126  0.5710  0.8303  0.8536  0.9392  0.9587  1.0000
       3       1       2       8       3       2       3       7       2    ****
  0.0000  1.0000
       0    ****
  0.0000  1.0000
       0    ****
 ... generation ...   10
   1   1   1  13  13   2   2
  0.0000  0.0859  0.1492  0.1558  0.1806  0.2632  0.2780  0.5918  0.6682  0.7789
       1       8       1       2       1       2       8       1       2       3
  0.9392  0.9587  1.0000
       7       2    ****
  0.0000  0.0859  0.1492  0.1558  0.1806  0.2632  0.2780  0.5790  0.6682  0.7789
       1       8       1       2       1       2       8       1       2       3
  0.8991  0.9316  1.0000
       8       7    ****
  0.0000  1.0000
       0    ****
  0.0000  1.0000
       0    ****
   2   1   1  10  10   2   2
  0.0000  0.0859  0.1492  0.1628  0.5790  0.6682  0.7789  0.9392  0.9587  1.0000
       1       8       1       8       1       2       3       7       2    ****
  0.0000  0.0859  0.1492  0.1628  0.5790  0.6682  0.7789  0.9392  0.9587  1.0000
       1       8       1       8       1       2       3       7       2    ****
  0.0000  1.0000
       0    ****
  0.0000  1.0000
       0    ****
   3   3   1   8  11   2   2
  0.0000  0.0273  0.1930  0.2780  0.5710  0.9392  0.9587  1.0000
       3       1       2       8       3       7       2    ****
  0.0000  0.0859  0.1492  0.1558  0.1806  0.2632  0.2780  0.6758  0.7255  0.9316
       1       8       1       2       1       2       8       2       8       7
  1.0000
    ****
  0.0000  1.0000
       0    ****
  0.0000  1.0000
       0    ****
   4   1   3  10  11   2   2
  0.0000  0.0859  0.1492  0.1628  0.5790  0.6402  0.6758  0.7255  0.9316  1.0000
       1       8       1       8       1       8       2       8       7    ****
  0.0000  0.0273  0.1930  0.2780  0.5710  0.5816  0.6682  0.7789  0.9392  0.9587
       3       1       2       8       3       1       2       3       7       2
  1.0000
    ****
  0.0000  1.0000
       0    ****
  0.0000  1.0000
       0    ****
