 ... generation ...    0
   1   0   0   2   2   2   2
 -0.5000  0.5000
       1    ****
 -0.5000  0.5000
       2    ****
   2   0   0   2   2   2   2
 -0.5000  0.5000
       3    ****
 -0.5000  0.5000
       4    ****
   3   0   0   2   2   2   2
 -0.5000  0.5000
       5    ****
 -0.5000  0.5000
       6    ****
   4   0   0   2   2   2   2
 -0.5000  0.5000
       7    ****
 -0.5000  0.5000
       8    ****
 ... generation ...    1
   1   3   2   3   3   2   2
 -0.5000  0.4641  0.5000
       6       5    ****
 -0.5000  0.3085  0.5000
       4       3    ****
   2   2   4   2   4   2   2
 -0.5000  0.5000
       3    ****
 -0.5000  0.0108  0.1778  0.5000
       7       8       7    ****
   3   1   4   4   4   2   2
 -0.5000 -0.4781 -0.2795  0.5000
       2       1       2    ****
 -0.5000 -0.2331 -0.1076  0.5000
       7       8       7    ****
   4   1   2   4   3   2   2
 -0.5000 -0.4134 -0.3347  0.5000
       2       1       2    ****
 -0.5000  0.1721  0.5000
       4       3    ****
 ... generation ...    2
   1   3   2   5   6   2   2
 -0.5000 -0.2331 -0.1076 -0.0342  0.5000
       7       8       7       2    ****
 -0.5000 -0.3907 -0.0367  0.0108  0.1778  0.5000
       7       3       7       8       7    ****
   2   4   3   6   4   2   2
 -0.5000 -0.3975 -0.3347 -0.3331 -0.1342  0.5000
       4       1       2       4       2    ****
 -0.5000 -0.2331 -0.1076  0.5000
       7       8       7    ****
   3   2   1   3   4   2   2
 -0.5000  0.2506  0.5000
       3       7    ****
 -0.5000 -0.1670  0.4641  0.5000
       4       6       5    ****
   4   2   3   2   4   2   2
 -0.5000  0.5000
       3    ****
 -0.5000 -0.3042 -0.2795  0.5000
       7       1       2    ****
 ... generation ...    3
   1   1   1   7   6   2   2
 -0.5000 -0.3907 -0.3472 -0.2331 -0.1076 -0.0342  0.5000
       7       3       7       8       7       2    ****
 -0.5000 -0.3907 -0.0367  0.0108  0.1778  0.5000
       7       3       7       8       7    ****
   2   4   2   4   4   2   2
 -0.5000 -0.3042 -0.2795  0.5000
       7       1       2    ****
 -0.5000 -0.2836 -0.1342  0.5000
       7       4       2    ****
   3   1   3   6   6   2   2
 -0.5000 -0.3907 -0.0367 -0.0053  0.1965  0.5000
       7       3       7       2       7    ****
 -0.5000 -0.2609 -0.1670  0.0220  0.2506  0.5000
       3       4       6       3       7    ****
   4   4   1   3   7   2   2
 -0.5000  0.2251  0.5000
       3       2    ****
 -0.5000 -0.3395 -0.0367  0.0108  0.1778  0.3013  0.5000
       7       3       7       8       7       2    ****
 ... generation ...    4
   1   2   1   4   8   2   2
 -0.5000 -0.2836 -0.2466  0.5000
       7       4       2    ****
 -0.5000 -0.3907 -0.3364 -0.3270 -0.0367  0.0108  0.0969  0.5000
       7       3       7       3       7       8       2    ****
   2   2   2   4   4   2   2
 -0.5000 -0.2836 -0.1342  0.5000
       7       4       2    ****
 -0.5000 -0.2836 -0.1607  0.5000
       7       4       2    ****
   3   2   3   4   6   2   2
 -0.5000 -0.3042 -0.2795  0.5000
       7       1       2    ****
 -0.5000 -0.3907 -0.0367 -0.0053  0.1965  0.5000
       7       3       7       2       7    ****
   4   2   1   4   9   2   2
 -0.5000 -0.3042 -0.2795  0.5000
       7       1       2    ****
 -0.5000 -0.3907 -0.3472 -0.2331 -0.1076 -0.0342  0.0407  0.0987  0.5000
       7       3       7       8       7       2       8       2    ****
 ... generation ...    5
   1   2   2   4   4   2   2
 -0.5000 -0.2836 -0.1342  0.5000
       7       4       2    ****
 -0.5000 -0.2836 -0.1342  0.5000
       7       4       2    ****
   2   4   3   4   5   2   2
 -0.5000 -0.3042 -0.2795  0.5000
       7       1       2    ****
 -0.5000 -0.3042 -0.2795  0.1965  0.5000
       7       1       2       7    ****
   3   1   2   8   4   2   2
 -0.5000 -0.3907 -0.3364 -0.3270 -0.0367  0.0108  0.0969  0.5000
       7       3       7       3       7       8       2    ****
 -0.5000 -0.2836 -0.1607  0.5000
       7       4       2    ****
   4   1   2   6   4   2   2
 -0.5000 -0.3907 -0.3435 -0.2836 -0.2466  0.5000
       7       3       7       4       2    ****
 -0.5000 -0.2836 -0.1607  0.5000
       7       4       2    ****
 ... generation ...    6
   1   4   3   4   8   2   2
 -0.5000 -0.2836 -0.1607  0.5000
       7       4       2    ****
 -0.5000 -0.2836 -0.1607 -0.0725 -0.0367  0.0108  0.0969  0.5000
       7       4       2       3       7       8       2    ****
   2   3   3   4   8   2   2
 -0.5000 -0.2836 -0.1607  0.5000
       7       4       2    ****
 -0.5000 -0.3907 -0.3364 -0.3270 -0.0367  0.0108  0.0969  0.5000
       7       3       7       3       7       8       2    ****
   3   1   2   4   4   2   2
 -0.5000 -0.2836 -0.1342  0.5000
       7       4       2    ****
 -0.5000 -0.3042 -0.2795  0.5000
       7       1       2    ****
   4   1   3   4   6   2   2
 -0.5000 -0.2836 -0.1342  0.5000
       7       4       2    ****
 -0.5000 -0.2836 -0.1607  0.0957  0.0969  0.5000
       7       4       2       8       2    ****
 ... generation ...    7
   1   2   4   7   4   2   2
 -0.5000 -0.3907 -0.3364 -0.3270 -0.1980 -0.1607  0.5000
       7       3       7       3       4       2    ****
 -0.5000 -0.2836 -0.1342  0.5000
       7       4       2    ****
   2   3   3   6   4   2   2
 -0.5000 -0.3042 -0.2795 -0.2552 -0.1342  0.5000
       7       1       2       4       2    ****
 -0.5000 -0.2836 -0.1342  0.5000
       7       4       2    ****
   3   2   4   8   6   2   2
 -0.5000 -0.3907 -0.3364 -0.3270 -0.0367  0.0108  0.0969  0.5000
       7       3       7       3       7       8       2    ****
 -0.5000 -0.2836 -0.1607  0.0957  0.0969  0.5000
       7       4       2       8       2    ****
   4   2   1   8   4   2   2
 -0.5000 -0.3907 -0.3364 -0.3270 -0.0367  0.0108  0.0969  0.5000
       7       3       7       3       7       8       2    ****
 -0.5000 -0.2836 -0.1607  0.5000
       7       4       2    ****
 ... generation ...    8
   1   4   3   4   8   2   2
 -0.5000 -0.2836 -0.1607  0.5000
       7       4       2    ****
 -0.5000 -0.2836 -0.1607 -0.1176 -0.0367  0.0108  0.0969  0.5000
       7       4       2       3       7       8       2    ****
   2   4   1   4   7   2   2
 -0.5000 -0.2836 -0.1607  0.5000
       7       4       2    ****
 -0.5000 -0.3907 -0.3364 -0.3270 -0.1980 -0.1607  0.5000
       7       3       7       3       4       2    ****
   3   3   2   8   4   2   2
 -0.5000 -0.3907 -0.3364 -0.3270 -0.0367  0.0108  0.0969  0.5000
       7       3       7       3       7       8       2    ****
 -0.5000 -0.2836 -0.1342  0.5000
       7       4       2    ****
   4   2   2   4   4   2   2
 -0.5000 -0.2836 -0.1342  0.5000
       7       4       2    ****
 -0.5000 -0.2836 -0.1342  0.5000
       7       4       2    ****
 ... generation ...    9
   1   3   4   6   4   2   2
 -0.5000 -0.2836 -0.1342  0.0927  0.0969  0.5000
       7       4       2       8       2    ****
 -0.5000 -0.2836 -0.1342  0.5000
       7       4       2    ****
   2   2   4   7   4   2   2
 -0.5000 -0.3907 -0.3364 -0.3270 -0.1980 -0.1607  0.5000
       7       3       7       3       4       2    ****
 -0.5000 -0.2836 -0.1342  0.5000
       7       4       2    ****
   3   1   2   8   4   2   2
 -0.5000 -0.2836 -0.1607 -0.1176 -0.0367  0.0108  0.0710  0.5000
       7       4       2       3       7       8       2    ****
 -0.5000 -0.2836 -0.1607  0.5000
       7       4       2    ****
   4   3   2   4   4   2   2
 -0.5000 -0.2836 -0.1342  0.5000
       7       4       2    ****
 -0.5000 -0.2836 -0.1607  0.5000
       7       4       2    ****
 ... generation ...   10
   1   4   4   4   4   2   2
 -0.5000 -0.2836 -0.1607  0.5000
       7       4       2    ****
 -0.5000 -0.2836 -0.1607  0.5000
       7       4       2    ****
   2   1   1   4   4   2   2
 -0.5000 -0.2836 -0.1342  0.5000
       7       4       2    ****
 -0.5000 -0.2836 -0.1342  0.5000
       7       4       2    ****
   3   2   3   4   4   2   2
 -0.5000 -0.2836 -0.1342  0.5000
       7       4       2    ****
 -0.5000 -0.2836 -0.1607  0.5000
       7       4       2    ****
   4   3   3   4   4   2   2
 -0.5000 -0.2836 -0.1607  0.5000
       7       4       2    ****
 -0.5000 -0.2836 -0.1607  0.5000
       7       4       2    ****
