 ... generation ...    0
   1   0   0   2   2   2   2
  0.0000  1.0000
       1    ****
  0.0000  1.0000
       2    ****
  0.0000  1.0000
       0    ****
  0.0000  1.0000
       0    ****
   2   0   0   2   2   2   2
  0.0000  1.0000
       3    ****
  0.0000  1.0000
       4    ****
  0.0000  1.0000
       0    ****
  0.0000  1.0000
       0    ****
   3   0   0   2   2   2   2
  0.0000  1.0000
       5    ****
  0.0000  1.0000
       6    ****
  0.0000  1.0000
       0    ****
  0.0000  1.0000
       0    ****
   4   0   0   2   2   2   2
  0.0000  1.0000
       7    ****
  0.0000  1.0000
       8    ****
  0.0000  1.0000
       0    ****
  0.0000  1.0000
       0    ****
 ... generation ...    1
   1   1   1   3   3   2   2
  0.0000  0.4030  1.0000
       2       1    ****
  0.0000  0.5930  1.0000
       1       2    ****
  0.0000  1.0000
       0    ****
  0.0000  1.0000
       0    ****
   2   3   4   2   2   2   2
  0.0000  1.0000
       5    ****
  0.0000  1.0000
       7    ****
  0.0000  1.0000
       1    ****
  0.0000  1.0000
       0    ****
   3   3   2   4   2   4   2
  0.0000  0.2071  0.6893  1.0000
       6       5       6    ****
  0.0000  1.0000
       4    ****
  0.0000  0.2071  0.6893  1.0000
      -1       1      -1    ****
  0.0000  1.0000
       0    ****
   4   3   1   3   2   3   2
  0.0000  0.6099  1.0000
       5       6    ****
  0.0000  1.0000
       1    ****
  0.0000  0.6099  1.0000
       1      -1    ****
  0.0000  1.0000
       0    ****
 ... generation ...    2
   1   1   4   5   5   2   4
  0.0000  0.4010  0.4030  0.5930  1.0000
       1       2       1       2    ****
  0.0000  0.1235  0.6099  0.9673  1.0000
       1       5       6       1    ****
  0.0000  1.0000
       0    ****
  0.0000  0.1235  0.6099  1.0000
      -1       1       0    ****
   2   3   4   4   3   4   3
  0.0000  0.2071  0.6893  1.0000
       6       5       6    ****
  0.0000  0.6099  1.0000
       5       6    ****
  0.0000  0.2071  0.6893  1.0000
       0       1       0    ****
  0.0000  0.6099  1.0000
       1       0    ****
   3   1   2   3   2   2   2
  0.0000  0.5930  1.0000
       1       2    ****
  0.0000  1.0000
       7    ****
  0.0000  1.0000
       0    ****
  0.0000  1.0000
      -1    ****
   4   3   2   3   2   4   2
  0.0000  0.1061  1.0000
       6       4    ****
  0.0000  1.0000
       5    ****
  0.0000  0.2071  0.6893  1.0000
       0      -1       0    ****
  0.0000  1.0000
       1    ****
 ... generation ...    3
   1   2   2   5   3   6   5
  0.0000  0.0242  0.2071  0.6099  1.0000
       5       6       5       6    ****
  0.0000  0.6099  1.0000
       5       6    ****
  0.0000  0.0242  0.2071  0.6099  0.6893  1.0000
       1      -1       0      -1       0    ****
  0.0000  0.2071  0.6099  0.6893  1.0000
       1       0      -1       0    ****
   2   3   4   3   2   2   2
  0.0000  0.5930  1.0000
       1       2    ****
  0.0000  1.0000
       5    ****
  0.0000  1.0000
       0    ****
  0.0000  1.0000
       1    ****
   3   3   4   4   2   2   2
  0.0000  0.2536  0.5930  1.0000
       7       1       2    ****
  0.0000  1.0000
       5    ****
  0.0000  1.0000
       0    ****
  0.0000  1.0000
       1    ****
   4   3   2   4   4   2   5
  0.0000  0.5930  0.9355  1.0000
       1       2       7    ****
  0.0000  0.2071  0.6099  1.0000
       6       5       6    ****
  0.0000  1.0000
       0    ****
  0.0000  0.2071  0.6099  0.6893  1.0000
      -1       0      -1       0    ****
 ... generation ...    4
   1   1   2   3   2   4   2
  0.0000  0.6099  1.0000
       5       6    ****
  0.0000  1.0000
       5    ****
  0.0000  0.0242  0.2071  1.0000
       0       1       0    ****
  0.0000  1.0000
       1    ****
   2   2   3   2   2   2   2
  0.0000  1.0000
       5    ****
  0.0000  1.0000
       5    ****
  0.0000  1.0000
       1    ****
  0.0000  1.0000
       1    ****
   3   3   2   4   5   3   5
  0.0000  0.5611  0.5930  1.0000
       5       1       2    ****
  0.0000  0.0931  0.4668  0.9942  1.0000
       5       1       5       2    ****
  0.0000  0.5611  1.0000
       1      -1    ****
  0.0000  0.0931  0.4668  0.9942  1.0000
       1      -1       1      -1    ****
   4   3   3   5   4   3   2
  0.0000  0.2040  0.2536  0.5930  1.0000
       5       7       1       2    ****
  0.0000  0.2536  0.5930  1.0000
       7       1       2    ****
  0.0000  0.2040  1.0000
       1      -1    ****
  0.0000  1.0000
      -1    ****
 ... generation ...    5
   1   3   2   5   2   6   2
  0.0000  0.0931  0.4668  0.9942  1.0000
       5       1       5       2    ****
  0.0000  1.0000
       5    ****
  0.0000  0.0931  0.4668  0.5611  0.9942  1.0000
       0      -1       0       1       0    ****
  0.0000  1.0000
       0    ****
   2   4   4   4   5   3   3
  0.0000  0.2536  0.5930  1.0000
       7       1       2    ****
  0.0000  0.2040  0.2536  0.5930  1.0000
       5       7       1       2    ****
  0.0000  0.2040  1.0000
      -1       0    ****
  0.0000  0.2040  1.0000
       1       0    ****
   3   1   3   3   4   3   6
  0.0000  0.6099  1.0000
       5       6    ****
  0.0000  0.5611  0.5930  1.0000
       5       1       2    ****
  0.0000  0.6099  1.0000
       0      -1    ****
  0.0000  0.0931  0.4668  0.5611  0.9942  1.0000
       0       1       0      -1       0    ****
   4   3   4   6   5   8   4
  0.0000  0.5611  0.5930  0.6329  0.9013  1.0000
       5       1       2       5       2    ****
  0.0000  0.0393  0.2536  0.5930  1.0000
       5       7       1       2    ****
  0.0000  0.0931  0.4668  0.5611  0.6329  0.9013  0.9942  1.0000
       0       1       0      -1       1      -1       0    ****
  0.0000  0.0393  0.2040  1.0000
       1      -1       0    ****
 ... generation ...    6
   1   4   2   5   4   6   3
  0.0000  0.0393  0.2536  0.5930  1.0000
       5       7       1       2    ****
  0.0000  0.2536  0.5930  1.0000
       7       1       2    ****
  0.0000  0.0393  0.5611  0.6329  0.9013  1.0000
       0      -1       0      -1       0    ****
  0.0000  0.2040  1.0000
      -1       0    ****
   2   2   1   4   5   3   6
  0.0000  0.2536  0.5930  1.0000
       7       1       2    ****
  0.0000  0.1918  0.4668  0.9942  1.0000
       5       1       5       2    ****
  0.0000  0.2040  1.0000
      -1       0    ****
  0.0000  0.0931  0.1918  0.4668  0.9942  1.0000
       0       1      -1       0      -1    ****
   3   4   1   6   4   7   5
  0.0000  0.5611  0.5930  0.6329  0.7302  1.0000
       5       1       2       5       2    ****
  0.0000  0.0931  0.4668  1.0000
       5       1       5    ****
  0.0000  0.0393  0.5611  0.6329  0.7302  0.9013  1.0000
       0       1       0       1      -1       0    ****
  0.0000  0.0931  0.4668  0.9942  1.0000
       0      -1       0       1    ****
   4   3   1   4   2   4   5
  0.0000  0.5611  0.5930  1.0000
       5       1       2    ****
  0.0000  1.0000
       5    ****
  0.0000  0.5611  0.6099  1.0000
       0      -1       0    ****
  0.0000  0.0931  0.4668  0.9942  1.0000
       0       1       0       1    ****
 ... generation ...    7
   1   3   4   6   4  10   3
  0.0000  0.3604  0.4668  0.8507  0.8742  1.0000
       5       1       5       2       5    ****
  0.0000  0.5611  0.5930  1.0000
       5       1       2    ****
  0.0000  0.0931  0.3604  0.4668  0.5611  0.6329  0.7302  0.8507  0.8742  1.0000
       0       1      -1       0       1       0       1      -1       1    ****
  0.0000  0.5611  1.0000
       0      -1    ****
   2   3   3   4   4   7   8
  0.0000  0.0931  0.4668  1.0000
       5       1       5    ****
  0.0000  0.3891  0.4668  1.0000
       5       1       5    ****
  0.0000  0.0931  0.4668  0.5611  0.6329  0.7302  1.0000
       0      -1       0       1       0       1    ****
  0.0000  0.0931  0.3891  0.4668  0.5611  0.6329  0.7302  1.0000
       0       1      -1       0       1       0       1    ****
   3   1   4   4   5   3   4
  0.0000  0.2536  0.5930  1.0000
       7       1       2    ****
  0.0000  0.5611  0.5930  0.9858  1.0000
       5       1       2       5    ****
  0.0000  0.0393  1.0000
      -1       0    ****
  0.0000  0.5611  0.9858  1.0000
       0      -1       1    ****
   4   3   3   2   8   7   9
  0.0000  1.0000
       5    ****
  0.0000  0.0931  0.4668  0.6124  0.6329  0.7302  0.7659  1.0000
       5       1       5       2       5       2       5    ****
  0.0000  0.0931  0.4668  0.5611  0.6329  0.7302  1.0000
       0       1       0       1       0       1    ****
  0.0000  0.0931  0.4668  0.5611  0.6124  0.6329  0.7302  0.7659  1.0000
       0      -1       0       1      -1       0      -1       1    ****
 ... generation ...    8
   1   1   4   4   8   7   8
  0.0000  0.8507  0.8742  1.0000
       5       2       5    ****
  0.0000  0.0931  0.4668  0.6124  0.6329  0.7302  0.7659  1.0000
       5       1       5       2       5       2       5    ****
  0.0000  0.3604  0.4668  0.5611  0.8507  0.8742  1.0000
       0       1       0       1       0       1    ****
  0.0000  0.0931  0.4668  0.6124  0.6329  0.7302  0.7659  1.0000
       0      -1       0      -1       0      -1       0    ****
   2   2   4   4  10   5  10
  0.0000  0.3011  0.4668  1.0000
       5       1       5    ****
  0.0000  0.0931  0.2522  0.3997  0.4668  0.6124  0.6329  0.7302  0.7659  1.0000
       5       1       5       1       5       2       5       2       5    ****
  0.0000  0.0931  0.3011  0.3891  1.0000
       0       1      -1       0    ****
  0.0000  0.0931  0.2522  0.3997  0.4668  0.6124  0.6329  0.7302  0.7659  1.0000
       0      -1       1      -1       0      -1       0      -1       0    ****
   3   4   4   8   8   8   8
  0.0000  0.0931  0.4668  0.6124  0.6329  0.7302  0.7659  1.0000
       5       1       5       2       5       2       5    ****
  0.0000  0.0931  0.4668  0.6124  0.6329  0.7302  0.7659  1.0000
       5       1       5       2       5       2       5    ****
  0.0000  0.0931  0.4668  0.6124  0.6329  0.7302  0.7659  1.0000
       0      -1       0      -1       0      -1       0    ****
  0.0000  0.0931  0.4668  0.6124  0.6329  0.7302  0.7659  1.0000
       0      -1       0      -1       0      -1       0    ****
   4   3   2   5   4   4   4
  0.0000  0.5611  0.5930  0.9858  1.0000
       5       1       2       5    ****
  0.0000  0.3891  0.4668  1.0000
       5       1       5    ****
  0.0000  0.5611  0.9858  1.0000
       1       0       1    ****
  0.0000  0.0931  0.3891  1.0000
       0       1       0    ****
 ... generation ...    9
   1   4   4   5   4   6   6
  0.0000  0.5611  0.5930  0.9858  1.0000
       5       1       2       5    ****
  0.0000  0.3891  0.4668  1.0000
       5       1       5    ****
  0.0000  0.3891  0.4668  0.5611  0.9858  1.0000
       0       1       0      -1       0    ****
  0.0000  0.3891  0.4668  0.5611  0.9858  1.0000
       0      -1       0       1       0    ****
   2   1   4   4   6  10   8
  0.0000  0.8507  0.8742  1.0000
       5       2       5    ****
  0.0000  0.4112  0.4668  0.7763  0.9858  1.0000
       5       1       5       2       5    ****
  0.0000  0.0931  0.4668  0.6124  0.6329  0.7302  0.7659  0.8507  0.8742  1.0000
       0       1       0       1       0       1       0      -1       0    ****
  0.0000  0.3891  0.4112  0.4668  0.5611  0.7763  0.9858  1.0000
       0       1      -1       0       1      -1       0    ****
   3   3   2   8  10   2  10
  0.0000  0.0931  0.4668  0.6124  0.6329  0.7302  0.7659  1.0000
       5       1       5       2       5       2       5    ****
  0.0000  0.0931  0.2522  0.3997  0.4668  0.6124  0.6329  0.7302  0.7659  1.0000
       5       1       5       1       5       2       5       2       5    ****
  0.0000  1.0000
       0    ****
  0.0000  0.0931  0.2522  0.3011  0.3997  0.6124  0.6329  0.7302  0.7659  1.0000
       0      -1       0       1       0      -1       0      -1       0    ****
   4   3   4   8   7   2   7
  0.0000  0.0931  0.4668  0.6124  0.6329  0.7302  0.7659  1.0000
       5       1       5       2       5       2       5    ****
  0.0000  0.3891  0.4668  0.5903  0.5930  0.9858  1.0000
       5       1       5       1       2       5    ****
  0.0000  1.0000
       0    ****
  0.0000  0.3891  0.4668  0.5611  0.5903  0.9858  1.0000
       0      -1       0       1      -1       0    ****
 ... generation ...   10
   1   4   1   9   5  11   6
  0.0000  0.0931  0.2586  0.3891  0.4668  0.5903  0.5930  0.9858  1.0000
       5       1       5       1       5       1       2       5    ****
  0.0000  0.5611  0.5930  0.9858  1.0000
       5       1       2       5    ****
  0.0000  0.0931  0.2586  0.3891  0.5903  0.6124  0.6329  0.7302  0.7659  0.9858
       0      -1       1       0      -1       0      -1       0      -1       0
  1.0000
    ****
  0.0000  0.3891  0.4668  0.5611  0.9858  1.0000
       0       1       0      -1       0    ****
   2   2   2   6   4   8   8
  0.0000  0.4112  0.4668  0.7763  0.9858  1.0000
       5       1       5       2       5    ****
  0.0000  0.8507  0.8742  1.0000
       5       2       5    ****
  0.0000  0.4112  0.4668  0.7763  0.8507  0.8742  0.9858  1.0000
       0      -1       0      -1       0      -1       0    ****
  0.0000  0.4112  0.4668  0.7763  0.8507  0.8742  0.9858  1.0000
       0       1       0       1       0       1       0    ****
   3   1   1   5   4   7   7
  0.0000  0.5860  0.5930  0.9858  1.0000
       5       1       2       5    ****
  0.0000  0.4053  0.4668  1.0000
       5       1       5    ****
  0.0000  0.3891  0.4668  0.5611  0.5860  0.9858  1.0000
       0       1       0       1      -1       0    ****
  0.0000  0.3891  0.4053  0.4668  0.5611  0.9858  1.0000
       0       1      -1       0       1       0    ****
   4   2   3   4  10   8   4
  0.0000  0.8507  0.8742  1.0000
       5       2       5    ****
  0.0000  0.0931  0.2522  0.3997  0.4668  0.6124  0.6329  0.7302  0.7659  1.0000
       5       1       5       1       5       2       5       2       5    ****
  0.0000  0.4112  0.4668  0.7763  0.8507  0.8742  0.9858  1.0000
       0       1       0       1       0       1       0    ****
  0.0000  0.2522  0.3997  1.0000
       0       1       0    ****
