 ... generation ...    0
   1   0   0   2   2   2   2
  0.0000  1.0000
       1    ****
  0.0000  1.0000
       2    ****
  0.0000  1.0000
       0    ****
  0.0000  1.0000
       0    ****
   2   0   0   2   2   2   2
  0.0000  1.0000
       3    ****
  0.0000  1.0000
       4    ****
  0.0000  1.0000
       0    ****
  0.0000  1.0000
       0    ****
   3   0   0   2   2   2   2
  0.0000  1.0000
       5    ****
  0.0000  1.0000
       6    ****
  0.0000  1.0000
       0    ****
  0.0000  1.0000
       0    ****
   4   0   0   2   2   2   2
  0.0000  1.0000
       7    ****
  0.0000  1.0000
       8    ****
  0.0000  1.0000
       0    ****
  0.0000  1.0000
       0    ****
 ... generation ...    1
   1   1   1   5   3   2   2
  0.0000  0.1879  0.7338  0.9752  1.0000
       2       1       2       1    ****
  0.0000  0.8455  1.0000
       1       2    ****
  0.0000  1.0000
       0    ****
  0.0000  1.0000
       0    ****
   2   3   4   4   3   2   2
  0.0000  0.4984  0.5337  1.0000
       5       6       5    ****
  0.0000  0.4550  1.0000
       7       8    ****
  0.0000  1.0000
       0    ****
  0.0000  1.0000
       0    ****
   3   3   3   3   3   2   2
  0.0000  0.3388  1.0000
       6       5    ****
  0.0000  0.7270  1.0000
       6       5    ****
  0.0000  1.0000
       0    ****
  0.0000  1.0000
       0    ****
   4   3   1   2   4   2   2
  0.0000  1.0000
       5    ****
  0.0000  0.0182  0.1632  1.0000
       2       1       2    ****
  0.0000  1.0000
       0    ****
  0.0000  1.0000
       0    ****
 ... generation ...    2
   1   2   1   5   4   2   2
  0.0000  0.0920  0.4984  0.5337  1.0000
       7       5       6       5    ****
  0.0000  0.1879  0.8455  1.0000
       2       1       2    ****
  0.0000  1.0000
       0    ****
  0.0000  1.0000
       0    ****
   2   3   1   3   5   2   2
  0.0000  0.4408  1.0000
       6       5    ****
  0.0000  0.1879  0.7338  0.9752  1.0000
       2       1       2       1    ****
  0.0000  1.0000
       0    ****
  0.0000  1.0000
       0    ****
   3   4   3   4   3   2   2
  0.0000  0.0182  0.1632  1.0000
       2       1       2    ****
  0.0000  0.3388  1.0000
       6       5    ****
  0.0000  1.0000
       0    ****
  0.0000  1.0000
       0    ****
   4   1   3   4   3   2   2
  0.0000  0.7338  0.9752  1.0000
       1       2       1    ****
  0.0000  0.7270  1.0000
       6       5    ****
  0.0000  1.0000
       0    ****
  0.0000  1.0000
       0    ****
 ... generation ...    3
   1   2   3   5   4   2   2
  0.0000  0.4408  0.9453  0.9752  1.0000
       6       5       2       1    ****
  0.0000  0.3388  0.8832  1.0000
       6       5       2    ****
  0.0000  1.0000
       0    ****
  0.0000  1.0000
       0    ****
   2   2   3   3   4   2   2
  0.0000  0.4408  1.0000
       6       5    ****
  0.0000  0.3165  0.8757  1.0000
       6       2       5    ****
  0.0000  1.0000
       0    ****
  0.0000  1.0000
       0    ****
   3   3   3   3   6   2   2
  0.0000  0.3388  1.0000
       6       5    ****
  0.0000  0.0078  0.0182  0.1632  0.8256  1.0000
       6       2       1       2       5    ****
  0.0000  1.0000
       0    ****
  0.0000  1.0000
       0    ****
   4   3   2   4   5   2   2
  0.0000  0.0182  0.1632  1.0000
       2       1       2    ****
  0.0000  0.4408  0.8192  0.9752  1.0000
       6       5       2       1    ****
  0.0000  1.0000
       0    ****
  0.0000  1.0000
       0    ****
 ... generation ...    4
   1   4   2   7   4   2   2
  0.0000  0.0182  0.1632  0.3847  0.4408  0.8192  1.0000
       2       1       2       6       5       2    ****
  0.0000  0.3165  0.5254  1.0000
       6       2       5    ****
  0.0000  1.0000
       0    ****
  0.0000  1.0000
       0    ****
   2   3   3   5   7   2   2
  0.0000  0.3388  0.6620  0.8256  1.0000
       6       5       2       5    ****
  0.0000  0.1572  0.1632  0.6869  0.7503  0.8256  1.0000
       6       1       2       5       2       5    ****
  0.0000  1.0000
       0    ****
  0.0000  1.0000
       0    ****
   3   4   2   5   4   2   2
  0.0000  0.4408  0.8192  0.9752  1.0000
       6       5       2       1    ****
  0.0000  0.3165  0.8757  1.0000
       6       2       5    ****
  0.0000  1.0000
       0    ****
  0.0000  1.0000
       0    ****
   4   4   3   9   6   2   2
  0.0000  0.0182  0.1632  0.2917  0.4408  0.8192  0.9752  0.9817  1.0000
       2       1       2       6       5       2       1       2    ****
  0.0000  0.0078  0.0182  0.1632  0.4473  1.0000
       6       2       1       2       5    ****
  0.0000  1.0000
       0    ****
  0.0000  1.0000
       0    ****
 ... generation ...    5
   1   1   1   7   7   2   2
  0.0000  0.0182  0.1632  0.3847  0.4408  0.8192  1.0000
       2       1       2       6       5       2    ****
  0.0000  0.0182  0.1632  0.3847  0.4408  0.8192  1.0000
       2       1       2       6       5       2    ****
  0.0000  1.0000
       0    ****
  0.0000  1.0000
       0    ****
   2   3   1   6   6   2   2
  0.0000  0.3165  0.8757  0.9471  0.9752  1.0000
       6       2       5       2       1    ****
  0.0000  0.2407  0.3847  0.4408  0.8192  1.0000
       6       2       6       5       2    ****
  0.0000  1.0000
       0    ****
  0.0000  1.0000
       0    ****
   3   4   2   9   5   2   2
  0.0000  0.0182  0.1632  0.2917  0.4408  0.8192  0.9752  0.9817  1.0000
       2       1       2       6       5       2       1       2    ****
  0.0000  0.3388  0.6620  0.8256  1.0000
       6       5       2       5    ****
  0.0000  1.0000
       0    ****
  0.0000  1.0000
       0    ****
   4   1   2   6   9   2   2
  0.0000  0.3165  0.3847  0.4408  0.8192  1.0000
       6       2       6       5       2    ****
  0.0000  0.1572  0.1632  0.1785  0.2920  0.6869  0.7503  0.8256  1.0000
       6       1       2       6       2       5       2       5    ****
  0.0000  1.0000
       0    ****
  0.0000  1.0000
       0    ****
 ... generation ...    6
   1   2   2   6   6   2   2
  0.0000  0.2407  0.3847  0.4408  0.8192  1.0000
       6       2       6       5       2    ****
  0.0000  0.2407  0.3847  0.4408  0.8192  1.0000
       6       2       6       5       2    ****
  0.0000  1.0000
       0    ****
  0.0000  1.0000
       0    ****
   2   4   4  12   8   2   2
  0.0000  0.1572  0.1632  0.1785  0.2920  0.3847  0.4408  0.5742  0.6869  0.7503
       6       1       2       6       2       6       5       2       5       2
  0.8256  1.0000
       5    ****
  0.0000  0.1572  0.1632  0.1785  0.2920  0.4538  0.8192  1.0000
       6       1       2       6       2       5       2    ****
  0.0000  1.0000
       0    ****
  0.0000  1.0000
       0    ****
   3   4   4   9   6   2   2
  0.0000  0.1572  0.1632  0.1785  0.2920  0.6869  0.7503  0.8256  1.0000
       6       1       2       6       2       5       2       5    ****
  0.0000  0.3165  0.3847  0.4408  0.8192  1.0000
       6       2       6       5       2    ****
  0.0000  1.0000
       0    ****
  0.0000  1.0000
       0    ****
   4   4   2   7   6   2   2
  0.0000  0.3165  0.3847  0.4408  0.8192  0.9759  1.0000
       6       2       6       5       2       5    ****
  0.0000  0.3165  0.8757  0.9471  0.9752  1.0000
       6       2       5       2       1    ****
  0.0000  1.0000
       0    ****
  0.0000  1.0000
       0    ****
 ... generation ...    7
   1   1   2   6  12   2   2
  0.0000  0.2407  0.3847  0.4408  0.8192  1.0000
       6       2       6       5       2    ****
  0.0000  0.1572  0.1632  0.1785  0.2920  0.3847  0.4408  0.5742  0.6869  0.7503
       6       1       2       6       2       6       5       2       5       2
  0.8256  1.0000
       5    ****
  0.0000  1.0000
       0    ****
  0.0000  1.0000
       0    ****
   2   2   2  12  12   2   2
  0.0000  0.1572  0.1632  0.1785  0.2920  0.3847  0.4408  0.5742  0.6869  0.7503
       6       1       2       6       2       6       5       2       5       2
  0.8256  1.0000
       5    ****
  0.0000  0.1572  0.1632  0.1785  0.2920  0.3847  0.4408  0.5742  0.6869  0.7503
       6       1       2       6       2       6       5       2       5       2
  0.8256  1.0000
       5    ****
  0.0000  1.0000
       0    ****
  0.0000  1.0000
       0    ****
   3   4   1   4   6   2   2
  0.0000  0.3165  0.9759  1.0000
       6       2       5    ****
  0.0000  0.2407  0.3847  0.4408  0.8192  1.0000
       6       2       6       5       2    ****
  0.0000  1.0000
       0    ****
  0.0000  1.0000
       0    ****
   4   2   3   8   9   2   2
  0.0000  0.1572  0.1632  0.1785  0.2920  0.4538  0.8192  1.0000
       6       1       2       6       2       5       2    ****
  0.0000  0.1572  0.1632  0.1785  0.2920  0.6869  0.7503  0.8256  1.0000
       6       1       2       6       2       5       2       5    ****
  0.0000  1.0000
       0    ****
  0.0000  1.0000
       0    ****
 ... generation ...    8
   1   2   2  12  12   2   2
  0.0000  0.1572  0.1632  0.1785  0.2920  0.3847  0.4408  0.5742  0.6869  0.7503
       6       1       2       6       2       6       5       2       5       2
  0.8256  1.0000
       5    ****
  0.0000  0.1572  0.1632  0.1785  0.2920  0.3847  0.4408  0.5742  0.6869  0.7503
       6       1       2       6       2       6       5       2       5       2
  0.8256  1.0000
       5    ****
  0.0000  1.0000
       0    ****
  0.0000  1.0000
       0    ****
   2   4   4   9  11   2   2
  0.0000  0.1572  0.1632  0.1785  0.2920  0.4538  0.8192  0.8359  1.0000
       6       1       2       6       2       5       2       5    ****
  0.0000  0.1572  0.1632  0.1785  0.2920  0.4538  0.5796  0.6869  0.7503  0.8256
       6       1       2       6       2       5       2       5       2       5
  1.0000
    ****
  0.0000  1.0000
       0    ****
  0.0000  1.0000
       0    ****
   3   4   2  11  12   2   2
  0.0000  0.1572  0.1632  0.1785  0.2920  0.4538  0.5691  0.6869  0.7503  0.8256
       6       1       2       6       2       5       2       5       2       5
  1.0000
    ****
  0.0000  0.1572  0.1632  0.1785  0.2920  0.3847  0.4408  0.5742  0.6869  0.7503
       6       1       2       6       2       6       5       2       5       2
  0.8256  1.0000
       5    ****
  0.0000  1.0000
       0    ****
  0.0000  1.0000
       0    ****
   4   1   1   9   9   2   2
  0.0000  0.2920  0.3847  0.4408  0.5742  0.6869  0.7503  0.8256  1.0000
       6       2       6       5       2       5       2       5    ****
  0.0000  0.2407  0.3847  0.4408  0.5742  0.6869  0.7503  0.8256  1.0000
       6       2       6       5       2       5       2       5    ****
  0.0000  1.0000
       0    ****
  0.0000  1.0000
       0    ****
 ... generation ...    9
   1   2   1  11  12   2   2
  0.0000  0.1572  0.1632  0.1785  0.2920  0.4538  0.5796  0.6869  0.7503  0.8256
       6       1       2       6       2       5       2       5       2       5
  1.0000
    ****
  0.0000  0.1572  0.1632  0.1785  0.2920  0.3847  0.4408  0.5742  0.6869  0.7503
       6       1       2       6       2       6       5       2       5       2
  0.8256  1.0000
       5    ****
  0.0000  1.0000
       0    ****
  0.0000  1.0000
       0    ****
   2   2   2  11  11   2   2
  0.0000  0.1572  0.1632  0.1785  0.2920  0.4538  0.5796  0.6869  0.7503  0.8256
       6       1       2       6       2       5       2       5       2       5
  1.0000
    ****
  0.0000  0.1572  0.1632  0.1785  0.2920  0.4538  0.5796  0.6551  0.8192  0.8359
       6       1       2       6       2       5       2       5       2       5
  1.0000
    ****
  0.0000  1.0000
       0    ****
  0.0000  1.0000
       0    ****
   3   1   3  12  12   2   2
  0.0000  0.1572  0.1632  0.1785  0.2920  0.3847  0.4408  0.5742  0.6869  0.7503
       6       1       2       6       2       6       5       2       5       2
  0.8256  1.0000
       5    ****
  0.0000  0.1572  0.1632  0.1785  0.2920  0.3847  0.4408  0.5742  0.6869  0.7503
       6       1       2       6       2       6       5       2       5       2
  0.8256  1.0000
       5    ****
  0.0000  1.0000
       0    ****
  0.0000  1.0000
       0    ****
   4   4   4   9   9   2   2
  0.0000  0.2407  0.3847  0.4408  0.5742  0.6869  0.7503  0.8256  1.0000
       6       2       6       5       2       5       2       5    ****
  0.0000  0.2920  0.3847  0.4408  0.5742  0.6869  0.7503  0.8256  1.0000
       6       2       6       5       2       5       2       5    ****
  0.0000  1.0000
       0    ****
  0.0000  1.0000
       0    ****
 ... generation ...   10
   1   1   4  12   9   2   2
  0.0000  0.1572  0.1632  0.1785  0.2920  0.3847  0.4408  0.5742  0.6869  0.7503
       6       1       2       6       2       6       5       2       5       2
  0.8256  1.0000
       5    ****
  0.0000  0.2920  0.3847  0.4408  0.5742  0.6869  0.7503  0.8256  1.0000
       6       2       6       5       2       5       2       5    ****
  0.0000  1.0000
       0    ****
  0.0000  1.0000
       0    ****
   2   2   3  11  12   2   2
  0.0000  0.1572  0.1632  0.1785  0.2920  0.4538  0.5796  0.6869  0.7503  0.8256
       6       1       2       6       2       5       2       5       2       5
  1.0000
    ****
  0.0000  0.1572  0.1632  0.1785  0.2920  0.3847  0.4408  0.5742  0.6869  0.7503
       6       1       2       6       2       6       5       2       5       2
  0.8256  1.0000
       5    ****
  0.0000  1.0000
       0    ****
  0.0000  1.0000
       0    ****
   3   2   1  11  12   2   2
  0.0000  0.1572  0.1632  0.1785  0.2920  0.4538  0.5796  0.6551  0.8192  0.8359
       6       1       2       6       2       5       2       5       2       5
  1.0000
    ****
  0.0000  0.1572  0.1632  0.1785  0.2920  0.3847  0.4408  0.5742  0.6869  0.7503
       6       1       2       6       2       6       5       2       5       2
  0.8256  1.0000
       5    ****
  0.0000  1.0000
       0    ****
  0.0000  1.0000
       0    ****
   4   4   4   9   9   2   2
  0.0000  0.2407  0.3847  0.4408  0.5742  0.6869  0.7503  0.8256  1.0000
       6       2       6       5       2       5       2       5    ****
  0.0000  0.2407  0.3847  0.4408  0.5742  0.6869  0.7503  0.8256  1.0000
       6       2       6       5       2       5       2       5    ****
  0.0000  1.0000
       0    ****
  0.0000  1.0000
       0    ****
