  0   1   2   2
  0.0000  0.5000
       1       0
  0.0000  0.5000
       2       0
  0   2   2   2
  0.0000  0.5000
       3       0
  0.0000  0.5000
       4       0
  0   3   2   2
  0.0000  0.5000
       5       0
  0.0000  0.5000
       6       0
  0   4   2   2
  0.0000  0.5000
       7       0
  0.0000  0.5000
       8       0
  0   5   2   2
  0.0000  0.5000
       9       0
  0.0000  0.5000
      10       0
  0   6   2   2
  0.0000  0.5000
      11       0
  0.0000  0.5000
      12       0
  0   7   2   2
  0.0000  0.5000
      13       0
  0.0000  0.5000
      14       0
  0   8   2   2
  0.0000  0.5000
      15       0
  0.0000  0.5000
      16       0
  0   9   2   2
  0.0000  0.5000
      17       0
  0.0000  0.5000
      18       0
  0  10   2   2
  0.0000  0.5000
      19       0
  0.0000  0.5000
      20       0
  1   1   2   2
  0.0000  0.5000
       5       0
  0.0000  0.5000
       7       0
  1   2   2   2
  0.0000  0.5000
      18       0
  0.0000  0.5000
       9       0
  1   3   2   3
  0.0000  0.5000
      13       0
  0.0000  0.1290  0.5000
      12      11       0
  1   4   2   2
  0.0000  0.5000
       4       0
  0.0000  0.5000
      19       0
  1   5   2   2
  0.0000  0.5000
       7       0
  0.0000  0.5000
       1       0
  1   6   2   4
  0.0000  0.5000
       9       0
  0.0000  0.3063  0.3312  0.5000
      15      16      15       0
  1   7   4   2
  0.0000  0.4571  0.4706  0.5000
       4       3       4       0
  0.0000  0.5000
       3       0
  1   8   3   5
  0.0000  0.0716  0.5000
       7       8       0
  0.0000  0.0342  0.0590  0.4521  0.5000
       4       3       4       3       0
  1   9   2   2
  0.0000  0.5000
       3       0
  0.0000  0.5000
      20       0
  1  10   2   2
  0.0000  0.5000
      14       0
  0.0000  0.5000
      17       0
  2   1   2   5
  0.0000  0.5000
      18       0
  0.0000  0.1290  0.3986  0.4279  0.5000
      12      11      13      11       0
  2   2   5   3
  0.0000  0.3063  0.3312  0.3853  0.5000
      15      16      15       9       0
  0.0000  0.2517  0.5000
      20       3       0
  2   3   2   3
  0.0000  0.5000
       4       0
  0.0000  0.0403  0.5000
      15       9       0
  2   4   4   2
  0.0000  0.2652  0.4207  0.5000
       3      20       3       0
  0.0000  0.5000
      19       0
  2   5   3   3
  0.0000  0.4227  0.5000
      20       3       0
  0.0000  0.2192  0.5000
      17      14       0
  2   6   2   5
  0.0000  0.5000
       9       0
  0.0000  0.0342  0.0590  0.1708  0.5000
       4       3       4       8       0
  2   7   2   2
  0.0000  0.5000
       3       0
  0.0000  0.5000
      20       0
  2   8   2   2
  0.0000  0.5000
       7       0
  0.0000  0.5000
       9       0
  2   9   3   2
  0.0000  0.3727  0.5000
      13      11       0
  0.0000  0.5000
       3       0
  2  10   3   3
  0.0000  0.2909  0.5000
       4      19       0
  0.0000  0.2519  0.5000
       5       7       0
  3   1   4   2
  0.0000  0.1009  0.1708  0.5000
       9       4       8       0
  0.0000  0.5000
       4       0
  3   2   3   3
  0.0000  0.4227  0.5000
      20       3       0
  0.0000  0.2939  0.5000
       4       9       0
  3   3   2   2
  0.0000  0.5000
       9       0
  0.0000  0.5000
      19       0
  3   4   5   3
  0.0000  0.1290  0.3986  0.4279  0.5000
      12      11      13      11       0
  0.0000  0.2909  0.5000
       4      19       0
  3   5   4   2
  0.0000  0.1290  0.2535  0.5000
      12      11      18       0
  0.0000  0.5000
      18       0
  3   6   4   6
  0.0000  0.0403  0.4111  0.5000
      15       9       4       0
  0.0000  0.0342  0.0590  0.1708  0.2311  0.5000
       4       3       4       8       9       0
  3   7   4   4
  0.0000  0.1290  0.2338  0.5000
      12      11      18       0
  0.0000  0.2519  0.4731  0.5000
       5       7      19       0
  3   8   3   3
  0.0000  0.2519  0.5000
       5       7       0
  0.0000  0.3727  0.5000
      13      11       0
  3   9   2   3
  0.0000  0.5000
      19       0
  0.0000  0.4227  0.5000
      20       3       0
  3  10   3   2
  0.0000  0.4422  0.5000
      18      11       0
  0.0000  0.5000
       3       0
  4   1   4   3
  0.0000  0.0716  0.4334  0.5000
       3      18       3       0
  0.0000  0.4227  0.5000
      20       3       0
  4   2   2   2
  0.0000  0.5000
       4       0
  0.0000  0.5000
      19       0
  4   3   3   2
  0.0000  0.3727  0.5000
      13      11       0
  0.0000  0.5000
       9       0
  4   4   3   2
  0.0000  0.4227  0.5000
      20       3       0
  0.0000  0.5000
       9       0
  4   5   5   4
  0.0000  0.1290  0.3986  0.4279  0.5000
      12      11      13      11       0
  0.0000  0.0403  0.4111  0.5000
      15       9       4       0
  4   6   6   2
  0.0000  0.1148  0.1290  0.3986  0.4279  0.5000
       4      12      11      13      11       0
  0.0000  0.5000
      18       0
  4   7   5   3
  0.0000  0.0441  0.2197  0.2535  0.5000
      12      18      11      18       0
  0.0000  0.2396  0.5000
      20      19       0
  4   8   3   6
  0.0000  0.3727  0.5000
      13      11       0
  0.0000  0.1290  0.2338  0.3684  0.4731  0.5000
      12      11      18       7      19       0
  4   9   3   3
  0.0000  0.2939  0.5000
       4       9       0
  0.0000  0.4422  0.5000
      18      11       0
  4  10   5   4
  0.0000  0.0510  0.3976  0.4227  0.5000
      20      19      20       3       0
  0.0000  0.0924  0.1007  0.5000
      18      12      18       0
  5   1   3   3
  0.0000  0.4227  0.5000
      20       3       0
  0.0000  0.3727  0.5000
      13      11       0
  5   2   3   2
  0.0000  0.3840  0.5000
       4      19       0
  0.0000  0.5000
      19       0
  5   3   2   2
  0.0000  0.5000
      18       0
  0.0000  0.5000
       9       0
  5   4   3   2
  0.0000  0.4422  0.5000
      18      11       0
  0.0000  0.5000
      18       0
  5   5   5   7
  0.0000  0.0441  0.1222  0.2396  0.5000
      12      18      20      19       0
  0.0000  0.0476  0.1148  0.1290  0.3986  0.4279  0.5000
      18       4      12      11      13      11       0
  5   6   4   2
  0.0000  0.0964  0.4334  0.5000
      20      18       3       0
  0.0000  0.5000
      18       0
  5   7   5   2
  0.0000  0.0971  0.1772  0.3727  0.5000
      13       9      13      11       0
  0.0000  0.5000
       9       0
  5   8   7   3
  0.0000  0.0066  0.0403  0.3100  0.3986  0.4279  0.5000
      12      15       9      11      13      11       0
  0.0000  0.2939  0.5000
       4       9       0
  5   9   6   4
  0.0000  0.0403  0.1632  0.3559  0.4111  0.5000
      15       9      11       9       4       0
  0.0000  0.0716  0.4334  0.5000
       3      18       3       0
  5  10   3   4
  0.0000  0.2278  0.5000
      13       9       0
  0.0000  0.1657  0.4227  0.5000
       9      20       3       0
  6   1   3   2
  0.0000  0.2278  0.5000
      13       9       0
  0.0000  0.5000
      18       0
  6   2   2   2
  0.0000  0.5000
      18       0
  0.0000  0.5000
      18       0
  6   3   4   3
  0.0000  0.2939  0.4285  0.5000
       4       9      11       0
  0.0000  0.2939  0.5000
       4       9       0
  6   4   2   2
  0.0000  0.5000
       9       0
  0.0000  0.5000
      18       0
  6   5   6   3
  0.0000  0.0403  0.1632  0.3559  0.4111  0.5000
      15       9      11       9       4       0
  0.0000  0.1408  0.5000
       4      19       0
  6   6   3   2
  0.0000  0.0971  0.5000
      13       9       0
  0.0000  0.5000
      18       0
  6   7   2   2
  0.0000  0.5000
       9       0
  0.0000  0.5000
      18       0
  6   8   3   6
  0.0000  0.3727  0.5000
      13      11       0
  0.0000  0.0403  0.1632  0.3559  0.4111  0.5000
      15       9      11       9       4       0
  6   9   5   4
  0.0000  0.0441  0.1222  0.2396  0.5000
      12      18      20      19       0
  0.0000  0.0716  0.4334  0.5000
       3      18       3       0
  6  10   6   2
  0.0000  0.0574  0.1632  0.3559  0.4111  0.5000
       3       9      11       9       4       0
  0.0000  0.5000
      19       0
  7   1   3   2
  0.0000  0.3727  0.5000
      13      11       0
  0.0000  0.5000
       9       0
  7   2   3   3
  0.0000  0.4862  0.5000
      18       9       0
  0.0000  0.1408  0.5000
       4      19       0
  7   3   2   2
  0.0000  0.5000
      18       0
  0.0000  0.5000
      18       0
  7   4   5   3
  0.0000  0.1233  0.3617  0.4948  0.5000
      13      18       9      18       0
  0.0000  0.3727  0.5000
      13      11       0
  7   5   4   6
  0.0000  0.0971  0.3312  0.5000
      13       9      18       0
  0.0000  0.0440  0.1700  0.3559  0.4111  0.5000
       3      19      11       9       4       0
  7   6   4   3
  0.0000  0.0716  0.4334  0.5000
       3      18       3       0
  0.0000  0.0971  0.5000
      13       9       0
  7   7   2   4
  0.0000  0.5000
      18       0
  0.0000  0.0716  0.4334  0.5000
       3      18       3       0
  7   8   6   3
  0.0000  0.0705  0.1222  0.2396  0.4690  0.5000
       3      18      20      19       3       0
  0.0000  0.2939  0.5000
       4       9       0
  7   9   3   3
  0.0000  0.4272  0.5000
      18       9       0
  0.0000  0.3727  0.5000
      13      11       0
  7  10   5   3
  0.0000  0.0441  0.1222  0.2396  0.5000
      12      18      20      19       0
  0.0000  0.0565  0.5000
       9      18       0
  8   1   2   3
  0.0000  0.5000
      18       0
  0.0000  0.3727  0.5000
      13      11       0
  8   2   4   6
  0.0000  0.0716  0.4334  0.5000
       3      18       3       0
  0.0000  0.0441  0.1222  0.2396  0.4329  0.5000
      12      18      20      19      18       0
  8   3   7   4
  0.0000  0.0945  0.1222  0.2396  0.2850  0.2939  0.5000
       4      18      20      19       4       9       0
  0.0000  0.0716  0.4334  0.5000
       3      18       3       0
  8   4   2   3
  0.0000  0.5000
      18       0
  0.0000  0.0565  0.5000
       9      18       0
  8   5   3   6
  0.0000  0.3727  0.5000
      13      11       0
  0.0000  0.0705  0.1222  0.2396  0.4690  0.5000
       3      18      20      19       3       0
  8   6   5   4
  0.0000  0.0716  0.4334  0.4953  0.5000
       3      18       3      18       0
  0.0000  0.0716  0.4334  0.5000
       3      18       3       0
  8   7   2   4
  0.0000  0.5000
      18       0
  0.0000  0.0971  0.3312  0.5000
      13       9      18       0
  8   8   4   4
  0.0000  0.0716  0.4334  0.5000
       3      18       3       0
  0.0000  0.0971  0.3312  0.5000
      13       9      18       0
  8   9   3   6
  0.0000  0.0971  0.5000
      13       9       0
  0.0000  0.0440  0.1700  0.3559  0.4111  0.5000
       3      19      11       9       4       0
  8  10   2   3
  0.0000  0.5000
      18       0
  0.0000  0.1408  0.5000
       4      19       0
  9   1   3   4
  0.0000  0.1408  0.5000
       4      19       0
  0.0000  0.0716  0.4334  0.5000
       3      18       3       0
  9   2   4   4
  0.0000  0.0716  0.4334  0.5000
       3      18       3       0
  0.0000  0.0716  0.4334  0.5000
       3      18       3       0
  9   3   4   7
  0.0000  0.0716  0.4334  0.5000
       3      18       3       0
  0.0000  0.0519  0.0705  0.1222  0.2396  0.4558  0.5000
      13       3      18      20      19      11       0
  9   4   3   6
  0.0000  0.3727  0.5000
      13      11       0
  0.0000  0.0716  0.1222  0.2396  0.4329  0.5000
       3      18      20      19      18       0
  9   5   6   4
  0.0000  0.0705  0.1222  0.2028  0.3727  0.5000
       3      18      20      13      11       0
  0.0000  0.0716  0.4334  0.5000
       3      18       3       0
  9   6   6   3
  0.0000  0.0705  0.1222  0.2396  0.4690  0.5000
       3      18      20      19       3       0
  0.0000  0.0565  0.5000
       9      18       0
  9   7   6   3
  0.0000  0.0705  0.1222  0.1309  0.3727  0.5000
       3      18      20      13      11       0
  0.0000  0.1408  0.5000
       4      19       0
  9   8   4   5
  0.0000  0.0971  0.3312  0.5000
      13       9      18       0
  0.0000  0.0716  0.2756  0.3312  0.5000
       3      18       9      18       0
  9   9   8   3
  0.0000  0.0441  0.1222  0.2025  0.3252  0.3978  0.4334  0.5000
      12      18      20      18      19      18       3       0
  0.0000  0.3727  0.5000
      13      11       0
  9  10   9   4
  0.0000  0.0945  0.1222  0.2396  0.2850  0.2939  0.3690  0.4334  0.5000
       4      18      20      19       4       9      18       3       0
  0.0000  0.0716  0.4334  0.5000
       3      18       3       0
 10   1   4   7
  0.0000  0.0971  0.3312  0.5000
      13       9      18       0
  0.0000  0.0705  0.1222  0.2396  0.3864  0.4781  0.5000
       3      18      20      19      18       3       0
 10   2   5   7
  0.0000  0.0661  0.0716  0.4334  0.5000
       4       3      18       3       0
  0.0000  0.0705  0.1222  0.2396  0.4690  0.4979  0.5000
       3      18      20      19       3      18       0
 10   3   5   6
  0.0000  0.0029  0.0971  0.3312  0.5000
       3      13       9      18       0
  0.0000  0.0705  0.1222  0.2028  0.3727  0.5000
       3      18      20      13      11       0
 10   4   4   6
  0.0000  0.0716  0.4334  0.5000
       3      18       3       0
  0.0000  0.0705  0.1222  0.1309  0.3727  0.5000
       3      18      20      13      11       0
 10   5   6   3
  0.0000  0.0716  0.1222  0.2396  0.4329  0.5000
       3      18      20      19      18       0
  0.0000  0.3727  0.5000
      13      11       0
 10   6   6   9
  0.0000  0.0705  0.1222  0.2396  0.4690  0.5000
       3      18      20      19       3       0
  0.0000  0.0945  0.1222  0.2396  0.2850  0.2939  0.3690  0.4334  0.5000
       4      18      20      19       4       9      18       3       0
 10   7   5   3
  0.0000  0.1408  0.2925  0.4334  0.5000
       4      19      18       3       0
  0.0000  0.1408  0.5000
       4      19       0
 10   8   3   3
  0.0000  0.3727  0.5000
      13      11       0
  0.0000  0.1408  0.5000
       4      19       0
 10   9   4   3
  0.0000  0.0716  0.4334  0.5000
       3      18       3       0
  0.0000  0.1408  0.5000
       4      19       0
 10  10   4   7
  0.0000  0.0716  0.4334  0.5000
       3      18       3       0
  0.0000  0.0310  0.0705  0.1222  0.2396  0.4690  0.5000
       9       3      18      20      19       3       0
 11   1   5   4
  0.0000  0.0716  0.0950  0.3727  0.5000
       3      18      13      11       0
  0.0000  0.0716  0.4334  0.5000
       3      18       3       0
 11   2   5   4
  0.0000  0.1408  0.2378  0.3727  0.5000
       4      19      13      11       0
  0.0000  0.0716  0.4334  0.5000
       3      18       3       0
 11   3   3   6
  0.0000  0.1613  0.5000
      13      19       0
  0.0000  0.0716  0.1222  0.2396  0.4329  0.5000
       3      18      20      19      18       0
 11   4   6   6
  0.0000  0.0705  0.1222  0.2396  0.4690  0.5000
       3      18      20      19       3       0
  0.0000  0.0705  0.1222  0.2028  0.3727  0.5000
       3      18      20      13      11       0
 11   5   4   7
  0.0000  0.0716  0.4334  0.5000
       3      18       3       0
  0.0000  0.0971  0.2035  0.2396  0.3864  0.4781  0.5000
      13       9      20      19      18       3       0
 11   6   3   7
  0.0000  0.3483  0.5000
      13      19       0
  0.0000  0.0971  0.1522  0.2396  0.3864  0.4781  0.5000
      13       9      20      19      18       3       0
 11   7   5   6
  0.0000  0.0716  0.4102  0.4690  0.5000
       3      18      19       3       0
  0.0000  0.0705  0.1222  0.2396  0.4690  0.5000
       3      18      20      19       3       0
 11   8   4   5
  0.0000  0.1277  0.1408  0.5000
      13       4      19       0
  0.0000  0.1408  0.2925  0.4334  0.5000
       4      19      18       3       0
 11   9   7   7
  0.0000  0.0310  0.0705  0.1222  0.2396  0.4690  0.5000
       9       3      18      20      19       3       0
  0.0000  0.0971  0.3312  0.3518  0.3864  0.4781  0.5000
      13       9      18      19      18       3       0
 11  10   5   6
  0.0000  0.1408  0.2925  0.3300  0.5000
       4      19      18      19       0
  0.0000  0.0716  0.1222  0.1490  0.3727  0.5000
       3      18      20      13      11       0
 12   1   4   7
  0.0000  0.0716  0.4334  0.5000
       3      18       3       0
  0.0000  0.0310  0.0705  0.1222  0.2396  0.4690  0.5000
       9       3      18      20      19       3       0
 12   2   4   4
  0.0000  0.1277  0.1408  0.5000
      13       4      19       0
  0.0000  0.0716  0.4334  0.5000
       3      18       3       0
 12   3   6   6
  0.0000  0.0705  0.1222  0.2396  0.4690  0.5000
       3      18      20      19       3       0
  0.0000  0.0705  0.1222  0.2396  0.4690  0.5000
       3      18      20      19       3       0
 12   4   4   6
  0.0000  0.0716  0.4334  0.5000
       3      18       3       0
  0.0000  0.0705  0.1222  0.2396  0.4690  0.5000
       3      18      20      19       3       0
 12   5   4   6
  0.0000  0.0716  0.4334  0.5000
       3      18       3       0
  0.0000  0.1948  0.2396  0.3864  0.4781  0.5000
      13      20      19      18       3       0
 12   6   6   7
  0.0000  0.0716  0.0950  0.3350  0.4334  0.5000
       3      18      13      18       3       0
  0.0000  0.0971  0.3312  0.3518  0.3864  0.4781  0.5000
      13       9      18      19      18       3       0
 12   7   3   5
  0.0000  0.3483  0.5000
      13      19       0
  0.0000  0.0716  0.4334  0.4421  0.5000
       3      18       3      11       0
 12   8   7   4
  0.0000  0.0971  0.3312  0.3518  0.3864  0.4781  0.5000
      13       9      18      19      18       3       0
  0.0000  0.1613  0.4329  0.5000
      13      19      18       0
 12   9   7   6
  0.0000  0.0971  0.2035  0.2396  0.3494  0.4334  0.5000
      13       9      20      19      18       3       0
  0.0000  0.0716  0.1222  0.2396  0.4329  0.5000
       3      18      20      19      18       0
 12  10   4   5
  0.0000  0.0716  0.4334  0.5000
       3      18       3       0
  0.0000  0.1408  0.2925  0.4334  0.5000
       4      19      18       3       0
 13   1   4   4
  0.0000  0.0716  0.4334  0.5000
       3      18       3       0
  0.0000  0.0716  0.4334  0.5000
       3      18       3       0
 13   2   3   4
  0.0000  0.3483  0.5000
      13      19       0
  0.0000  0.0716  0.4334  0.5000
       3      18       3       0
 13   3   3   4
  0.0000  0.3483  0.5000
      13      19       0
  0.0000  0.0716  0.4334  0.5000
       3      18       3       0
 13   4   5   6
  0.0000  0.0716  0.4334  0.4697  0.5000
       3      18       3      19       0
  0.0000  0.0716  0.1222  0.2396  0.4329  0.5000
       3      18      20      19      18       0
 13   5   7   7
  0.0000  0.0971  0.3312  0.3518  0.3864  0.4781  0.5000
      13       9      18      19      18       3       0
  0.0000  0.0310  0.0705  0.1222  0.2396  0.4690  0.5000
       9       3      18      20      19       3       0
 13   6   6   9
  0.0000  0.0705  0.1222  0.2396  0.4690  0.5000
       3      18      20      19       3       0
  0.0000  0.0972  0.1975  0.2988  0.3312  0.3518  0.3864  0.4781  0.5000
      13       9      19       9      18      19      18       3       0
 13   7   5   6
  0.0000  0.0613  0.0716  0.4334  0.5000
      13       3      18       3       0
  0.0000  0.0716  0.0950  0.3350  0.4334  0.5000
       3      18      13      18       3       0
 13   8   7   5
  0.0000  0.0470  0.1948  0.2396  0.3864  0.4745  0.5000
       3      13      20      19      18       3       0
  0.0000  0.0716  0.4334  0.4421  0.5000
       3      18       3      11       0
 13   9   4   4
  0.0000  0.0716  0.4334  0.5000
       3      18       3       0
  0.0000  0.0716  0.4334  0.5000
       3      18       3       0
 13  10   6   6
  0.0000  0.0705  0.1222  0.2396  0.4690  0.5000
       3      18      20      19       3       0
  0.0000  0.0716  0.0950  0.3350  0.4781  0.5000
       3      18      13      18       3       0
 14   1   7  11
  0.0000  0.0971  0.3312  0.3518  0.3864  0.4781  0.5000
      13       9      18      19      18       3       0
  0.0000  0.0310  0.0705  0.1222  0.2396  0.2812  0.3312  0.3518  0.3864  0.4781
       9       3      18      20      19       9      18      19      18       3
  0.5000
       0
 14   2   4   7
  0.0000  0.0716  0.4334  0.5000
       3      18       3       0
  0.0000  0.0470  0.1948  0.2253  0.4334  0.4421  0.5000
       3      13      20      18       3      11       0
 14   3   5   7
  0.0000  0.0716  0.4334  0.4421  0.5000
       3      18       3      11       0
  0.0000  0.0971  0.3312  0.3518  0.3864  0.4781  0.5000
      13       9      18      19      18       3       0
 14   4   6   9
  0.0000  0.0716  0.0950  0.3350  0.4334  0.5000
       3      18      13      18       3       0
  0.0000  0.0972  0.1975  0.2988  0.3312  0.3518  0.3864  0.4781  0.5000
      13       9      19       9      18      19      18       3       0
 14   5   7   7
  0.0000  0.0398  0.0716  0.0950  0.2271  0.4334  0.5000
      13       3      18      13      18       3       0
  0.0000  0.0621  0.0705  0.1222  0.2396  0.4690  0.5000
      13       3      18      20      19       3       0
 14   6   7   3
  0.0000  0.0716  0.2705  0.3483  0.3893  0.4334  0.5000
       3      18      13      19      18       3       0
  0.0000  0.3483  0.5000
      13      19       0
 14   7   4   4
  0.0000  0.0716  0.4334  0.5000
       3      18       3       0
  0.0000  0.0716  0.4334  0.5000
       3      18       3       0
 14   8   4   4
  0.0000  0.0716  0.4334  0.5000
       3      18       3       0
  0.0000  0.0716  0.4334  0.5000
       3      18       3       0
 14   9   7   6
  0.0000  0.0971  0.3312  0.3518  0.3864  0.4781  0.5000
      13       9      18      19      18       3       0
  0.0000  0.0716  0.0950  0.3350  0.4781  0.5000
       3      18      13      18       3       0
 14  10   5   7
  0.0000  0.0716  0.4334  0.4421  0.5000
       3      18       3      11       0
  0.0000  0.0971  0.3312  0.3518  0.3864  0.4781  0.5000
      13       9      18      19      18       3       0
 15   1   8   4
  0.0000  0.0398  0.0716  0.0950  0.2271  0.3458  0.4690  0.5000
      13       3      18      13      18      19       3       0
  0.0000  0.0716  0.4334  0.5000
       3      18       3       0
 15   2   7   3
  0.0000  0.0621  0.0705  0.1222  0.2396  0.4690  0.5000
      13       3      18      20      19       3       0
  0.0000  0.3483  0.5000
      13      19       0
 15   3   7   7
  0.0000  0.0971  0.3312  0.3518  0.3864  0.4781  0.5000
      13       9      18      19      18       3       0
  0.0000  0.0470  0.1948  0.2253  0.4334  0.4421  0.5000
       3      13      20      18       3      11       0
 15   4   7   5
  0.0000  0.0621  0.0705  0.1222  0.2396  0.4690  0.5000
      13       3      18      20      19       3       0
  0.0000  0.3483  0.4337  0.4576  0.5000
      13      19       3      19       0
 15   5   4   3
  0.0000  0.0716  0.4334  0.5000
       3      18       3       0
  0.0000  0.3483  0.5000
      13      19       0
 15   6   7   5
  0.0000  0.0971  0.3312  0.3518  0.3864  0.4781  0.5000
      13       9      18      19      18       3       0
  0.0000  0.0716  0.4334  0.4421  0.5000
       3      18       3      11       0
 15   7   8   6
  0.0000  0.0290  0.0716  0.2705  0.3483  0.3893  0.4334  0.5000
      13       3      18      13      19      18       3       0
  0.0000  0.0971  0.1837  0.4334  0.4421  0.5000
      13       9      18       3      11       0
 15   8  11   7
  0.0000  0.0310  0.0705  0.1222  0.2396  0.2812  0.3312  0.3518  0.3864  0.4781
       9       3      18      20      19       9      18      19      18       3
  0.5000
       0
  0.0000  0.0716  0.2705  0.3483  0.3893  0.4334  0.5000
       3      18      13      19      18       3       0
 15   9   4   8
  0.0000  0.0716  0.4334  0.5000
       3      18       3       0
  0.0000  0.0621  0.0705  0.1222  0.2396  0.3597  0.4334  0.5000
      13       3      18      20      19      18       3       0
 15  10  11   4
  0.0000  0.0310  0.0705  0.1222  0.2396  0.2812  0.3312  0.3518  0.3864  0.4781
       9       3      18      20      19       9      18      19      18       3
  0.5000
       0
  0.0000  0.0716  0.4334  0.5000
       3      18       3       0
 16   1   8  12
  0.0000  0.0621  0.0705  0.0917  0.3483  0.4337  0.4576  0.5000
      13       3      18      13      19       3      19       0
  0.0000  0.0131  0.0310  0.0705  0.1222  0.2396  0.2812  0.3312  0.3518  0.3864
       3       9       3      18      20      19       9      18      19      18
  0.4781  0.5000
       3       0
 16   2   5   6
  0.0000  0.0716  0.4334  0.4421  0.5000
       3      18       3      11       0
  0.0000  0.0971  0.1837  0.4334  0.4421  0.5000
      13       9      18       3      11       0
 16   3   4  10
  0.0000  0.0716  0.4334  0.5000
       3      18       3       0
  0.0000  0.0470  0.1948  0.2253  0.3244  0.3312  0.3518  0.3864  0.4781  0.5000
       3      13      20      18       9      18      19      18       3       0


 16   4   4   4
  0.0000  0.0716  0.4334  0.5000
       3      18       3       0
  0.0000  0.0716  0.4334  0.5000
       3      18       3       0
 16   5   3   7
  0.0000  0.3483  0.5000
      13      19       0
  0.0000  0.0716  0.2705  0.3483  0.3893  0.4334  0.5000
       3      18      13      19      18       3       0
 16   6  10   9
  0.0000  0.0310  0.0705  0.1222  0.2378  0.2705  0.3483  0.3893  0.4334  0.5000
       9       3      18      20      18      13      19      18       3       0


  0.0000  0.0716  0.2559  0.2812  0.3312  0.3518  0.3864  0.4781  0.5000
       3      18      19       9      18      19      18       3       0
 16   7   7   4
  0.0000  0.0716  0.2705  0.3483  0.3893  0.4334  0.5000
       3      18      13      19      18       3       0
  0.0000  0.0716  0.4334  0.5000
       3      18       3       0
 16   8   7   8
  0.0000  0.0716  0.1789  0.2271  0.3458  0.4690  0.5000
       3      18      13      18      19       3       0
  0.0000  0.0290  0.0716  0.2705  0.3204  0.4334  0.4421  0.5000
      13       3      18      13      18       3      11       0
 16   9   9   7
  0.0000  0.0290  0.0716  0.2705  0.3483  0.3577  0.4334  0.4421  0.5000
      13       3      18      13      19      18       3      11       0
  0.0000  0.0470  0.1948  0.2253  0.4334  0.4421  0.5000
       3      13      20      18       3      11       0
 16  10  10   3
  0.0000  0.0705  0.1222  0.2396  0.2812  0.3312  0.3518  0.3864  0.4781  0.5000
       3      18      20      19       9      18      19      18       3       0


  0.0000  0.3483  0.5000
      13      19       0
 17   1   9   4
  0.0000  0.0290  0.0716  0.1705  0.1948  0.2253  0.4334  0.4421  0.5000
      13       3      18      13      20      18       3      11       0
  0.0000  0.0716  0.4334  0.5000
       3      18       3       0
 17   2   4   4
  0.0000  0.0716  0.4334  0.5000
       3      18       3       0
  0.0000  0.0716  0.4334  0.5000
       3      18       3       0
 17   3   6   8
  0.0000  0.0705  0.1222  0.1786  0.3483  0.5000
       3      18      20      13      19       0
  0.0000  0.0716  0.2705  0.3483  0.3893  0.4334  0.4627  0.5000
       3      18      13      19      18       3      19       0
 17   4   4  11
  0.0000  0.0716  0.4334  0.5000
       3      18       3       0
  0.0000  0.0716  0.0919  0.1948  0.2253  0.3244  0.3312  0.3518  0.3634  0.4334
       3      18      13      20      18       9      18      19      18       3
  0.5000
       0
 17   5   9   4
  0.0000  0.0290  0.0716  0.2705  0.3483  0.3577  0.4334  0.4421  0.5000
      13       3      18      13      19      18       3      11       0
  0.0000  0.0716  0.4334  0.5000
       3      18       3       0
 17   6  12   4
  0.0000  0.0131  0.0310  0.0705  0.1222  0.2396  0.2812  0.3312  0.3518  0.3864
       3       9       3      18      20      19       9      18      19      18
  0.4781  0.5000
       3       0
  0.0000  0.0716  0.4334  0.5000
       3      18       3       0
 17   7   9   4
  0.0000  0.0100  0.0621  0.0705  0.0917  0.3483  0.4337  0.4576  0.5000
       3      13       3      18      13      19       3      19       0
  0.0000  0.0716  0.4334  0.5000
       3      18       3       0
 17   8  12   8
  0.0000  0.0131  0.0310  0.0705  0.1222  0.2396  0.2812  0.3312  0.3518  0.3864
       3       9       3      18      20      19       9      18      19      18
  0.4781  0.5000
       3       0
  0.0000  0.0290  0.0716  0.2705  0.3204  0.4334  0.4421  0.5000
      13       3      18      13      18       3      11       0
 17   9   7   7
  0.0000  0.0716  0.1789  0.2271  0.3458  0.4690  0.5000
       3      18      13      18      19       3       0
  0.0000  0.0716  0.2705  0.3483  0.3893  0.4334  0.5000
       3      18      13      19      18       3       0
 17  10   4   4
  0.0000  0.0716  0.4334  0.5000
       3      18       3       0
  0.0000  0.0716  0.4334  0.5000
       3      18       3       0
 18   1   7   8
  0.0000  0.0716  0.2705  0.3483  0.3893  0.4334  0.5000
       3      18      13      19      18       3       0
  0.0000  0.0290  0.0716  0.2705  0.3204  0.4334  0.4421  0.5000
      13       3      18      13      18       3      11       0
 18   2   9   8
  0.0000  0.0100  0.0621  0.0705  0.0917  0.3483  0.4337  0.4576  0.5000
       3      13       3      18      13      19       3      19       0
  0.0000  0.0100  0.0621  0.0705  0.0917  0.3241  0.4334  0.5000
       3      13       3      18      13      18       3       0
 18   3   9  12
  0.0000  0.0290  0.0716  0.3382  0.3483  0.3577  0.4334  0.4421  0.5000
      13       3      18      13      19      18       3      11       0
  0.0000  0.0131  0.0310  0.0705  0.1222  0.2396  0.2812  0.3312  0.3518  0.3864
       3       9       3      18      20      19       9      18      19      18
  0.4781  0.5000
       3       0
 18   4   4   9
  0.0000  0.0716  0.4334  0.5000
       3      18       3       0
  0.0000  0.0290  0.0716  0.2705  0.3483  0.3577  0.4334  0.4421  0.5000
      13       3      18      13      19      18       3      11       0
 18   5   6   9
  0.0000  0.0100  0.0621  0.0705  0.4334  0.5000
       3      13       3      18       3       0
  0.0000  0.0290  0.0716  0.2705  0.3204  0.3532  0.3864  0.4781  0.5000
      13       3      18      13      18      19      18       3       0
 18   6   4   9
  0.0000  0.0716  0.4334  0.5000
       3      18       3       0
  0.0000  0.0290  0.0716  0.1705  0.1948  0.2253  0.4334  0.4421  0.5000
      13       3      18      13      20      18       3      11       0
 18   7   4   4
  0.0000  0.0716  0.4334  0.5000
       3      18       3       0
  0.0000  0.0716  0.4334  0.5000
       3      18       3       0
 18   8   5   9
  0.0000  0.0290  0.0716  0.4334  0.5000
      13       3      18       3       0
  0.0000  0.0290  0.0716  0.2705  0.3483  0.3577  0.4334  0.4421  0.5000
      13       3      18      13      19      18       3      11       0
 18   9   7   8
  0.0000  0.0716  0.2012  0.2271  0.3458  0.4690  0.5000
       3      18      13      18      19       3       0
  0.0000  0.0290  0.0716  0.2705  0.3204  0.4334  0.4421  0.5000
      13       3      18      13      18       3      11       0
 18  10  10   4
  0.0000  0.0705  0.1222  0.1674  0.2705  0.3483  0.3893  0.4334  0.4627  0.5000
       3      18      20      18      13      19      18       3      19       0


  0.0000  0.0716  0.4334  0.5000
       3      18       3       0
 19   1  10   4
  0.0000  0.0100  0.0621  0.0705  0.2705  0.3204  0.3532  0.3864  0.4781  0.5000
       3      13       3      18      13      18      19      18       3       0


  0.0000  0.0716  0.4334  0.5000
       3      18       3       0
 19   2   6   4
  0.0000  0.0705  0.1222  0.1674  0.4334  0.5000
       3      18      20      18       3       0
  0.0000  0.0716  0.4334  0.5000
       3      18       3       0
 19   3   9   6
  0.0000  0.0716  0.2012  0.2159  0.2705  0.3204  0.4334  0.4421  0.5000
       3      18      13      18      13      18       3      11       0
  0.0000  0.0100  0.0621  0.0705  0.4334  0.5000
       3      13       3      18       3       0
 19   4   9   7
  0.0000  0.0705  0.1222  0.1674  0.3509  0.3893  0.4334  0.4627  0.5000
       3      18      20      18      19      18       3      19       0
  0.0000  0.0716  0.2705  0.3483  0.3893  0.4334  0.5000
       3      18      13      19      18       3       0
 19   5   4   8
  0.0000  0.0716  0.4334  0.5000
       3      18       3       0
  0.0000  0.0716  0.2997  0.3483  0.3893  0.4334  0.4627  0.5000
       3      18      13      19      18       3      19       0
 19   6   9   7
  0.0000  0.0290  0.0716  0.1705  0.1948  0.2253  0.4334  0.4421  0.5000
      13       3      18      13      20      18       3      11       0
  0.0000  0.0716  0.2012  0.2271  0.3458  0.4690  0.5000
       3      18      13      18      19       3       0
 19   7   9   5
  0.0000  0.0290  0.0716  0.2705  0.3483  0.3577  0.4334  0.4421  0.5000
      13       3      18      13      19      18       3      11       0
  0.0000  0.0290  0.0716  0.4334  0.5000
      13       3      18       3       0
 19   8   9   8
  0.0000  0.0100  0.0621  0.0705  0.0917  0.3483  0.4337  0.4576  0.5000
       3      13       3      18      13      19       3      19       0
  0.0000  0.0290  0.0716  0.2705  0.3127  0.3458  0.4690  0.5000
      13       3      18      13      18      19       3       0
 19   9   4  10
  0.0000  0.0716  0.4334  0.5000
       3      18       3       0
  0.0000  0.0177  0.0290  0.0716  0.2705  0.3483  0.3577  0.4334  0.4421  0.5000
       3      13       3      18      13      19      18       3      11       0


 19  10   7   4
  0.0000  0.0716  0.2705  0.3483  0.3893  0.4334  0.5000
       3      18      13      19      18       3       0
  0.0000  0.0716  0.4334  0.5000
       3      18       3       0
 20   1   8   5
  0.0000  0.0716  0.2997  0.3483  0.3893  0.4334  0.4627  0.5000
       3      18      13      19      18       3      19       0
  0.0000  0.0290  0.0716  0.4334  0.5000
      13       3      18       3       0
 20   2   9   7
  0.0000  0.0716  0.2705  0.3042  0.3509  0.3893  0.4334  0.4627  0.5000
       3      18      13      18      19      18       3      19       0
  0.0000  0.0716  0.2012  0.2271  0.3458  0.4690  0.5000
       3      18      13      18      19       3       0
 20   3   8   6
  0.0000  0.0716  0.2997  0.3483  0.3893  0.4334  0.4627  0.5000
       3      18      13      19      18       3      19       0
  0.0000  0.0705  0.1222  0.1615  0.4334  0.5000
       3      18      20      18       3       0
 20   4   7   8
  0.0000  0.0705  0.2705  0.3483  0.3893  0.4334  0.5000
       3      18      13      19      18       3       0
  0.0000  0.0290  0.0716  0.2705  0.3127  0.3458  0.4690  0.5000
      13       3      18      13      18      19       3       0
 20   5   6   9
  0.0000  0.0100  0.0621  0.0705  0.4334  0.5000
       3      13       3      18       3       0
  0.0000  0.0100  0.0621  0.0705  0.0917  0.3483  0.4337  0.4576  0.5000
       3      13       3      18      13      19       3      19       0
 20   6  10   4
  0.0000  0.0100  0.0621  0.0705  0.2705  0.3204  0.3532  0.3864  0.4781  0.5000
       3      13       3      18      13      18      19      18       3       0


  0.0000  0.0716  0.4334  0.5000
       3      18       3       0
 20   7   4   4
  0.0000  0.0716  0.4334  0.5000
       3      18       3       0
  0.0000  0.0716  0.4334  0.5000
       3      18       3       0
 20   8   5   6
  0.0000  0.0290  0.0716  0.4334  0.5000
      13       3      18       3       0
  0.0000  0.0705  0.1222  0.1674  0.4334  0.5000
       3      18      20      18       3       0
 20   9   6   7
  0.0000  0.0705  0.1222  0.1674  0.4334  0.5000
       3      18      20      18       3       0
  0.0000  0.0716  0.2705  0.3483  0.3893  0.4334  0.5000
       3      18      13      19      18       3       0
 20  10   7   6
  0.0000  0.0290  0.0716  0.4334  0.4421  0.4608  0.5000
      13       3      18       3      11       3       0
  0.0000  0.0100  0.0621  0.0705  0.4334  0.5000
       3      13       3      18       3       0
 21   1   8   7
  0.0000  0.0716  0.2997  0.3483  0.3893  0.4334  0.4627  0.5000
       3      18      13      19      18       3      19       0
  0.0000  0.0705  0.2705  0.3483  0.3893  0.4334  0.5000
       3      18      13      19      18       3       0
 21   2   6   7
  0.0000  0.0100  0.0621  0.0705  0.4334  0.5000
       3      13       3      18       3       0
  0.0000  0.0705  0.2705  0.3127  0.3458  0.4690  0.5000
       3      18      13      18      19       3       0
 21   3   8   4
  0.0000  0.0290  0.0716  0.2705  0.3127  0.3458  0.4690  0.5000
      13       3      18      13      18      19       3       0
  0.0000  0.0716  0.4334  0.5000
       3      18       3       0
 21   4   4   4
  0.0000  0.0716  0.4334  0.5000
       3      18       3       0
  0.0000  0.0716  0.4334  0.5000
       3      18       3       0
 21   5   6   4
  0.0000  0.0705  0.1222  0.1674  0.4334  0.5000
       3      18      20      18       3       0
  0.0000  0.0716  0.4334  0.5000
       3      18       3       0
 21   6   8   7
  0.0000  0.0100  0.0621  0.0705  0.4334  0.4421  0.4608  0.5000
       3      13       3      18       3      11       3       0
  0.0000  0.0290  0.0716  0.4334  0.4421  0.4608  0.5000
      13       3      18       3      11       3       0
 21   7   4   7
  0.0000  0.0716  0.4334  0.5000
       3      18       3       0
  0.0000  0.0705  0.2705  0.3483  0.3893  0.4334  0.5000
       3      18      13      19      18       3       0
 21   8   9   4
  0.0000  0.0100  0.0621  0.0705  0.2631  0.3483  0.4337  0.4576  0.5000
       3      13       3      18      13      19       3      19       0
  0.0000  0.0716  0.4334  0.5000
       3      18       3       0
 21   9   6   6
  0.0000  0.0249  0.0290  0.0716  0.4334  0.5000
       3      13       3      18       3       0
  0.0000  0.0705  0.1222  0.1674  0.4334  0.5000
       3      18      20      18       3       0
 21  10   7  10
  0.0000  0.0705  0.2705  0.3483  0.3893  0.4334  0.5000
       3      18      13      19      18       3       0
  0.0000  0.0100  0.0621  0.0705  0.2705  0.3204  0.3532  0.3864  0.4781  0.5000
       3      13       3      18      13      18      19      18       3       0


 22   1   4   4
  0.0000  0.0716  0.4334  0.5000
       3      18       3       0
  0.0000  0.0716  0.4334  0.5000
       3      18       3       0
 22   2   7   7
  0.0000  0.0290  0.0716  0.4334  0.4421  0.4608  0.5000
      13       3      18       3      11       3       0
  0.0000  0.0290  0.0716  0.4334  0.4421  0.4608  0.5000
      13       3      18       3      11       3       0
 22   3   7   6
  0.0000  0.0716  0.2705  0.3483  0.3893  0.4334  0.5000
       3      18      13      19      18       3       0
  0.0000  0.0249  0.0290  0.0716  0.4334  0.5000
       3      13       3      18       3       0
 22   4   6   6
  0.0000  0.0249  0.0290  0.0716  0.4334  0.5000
       3      13       3      18       3       0
  0.0000  0.0100  0.0621  0.0705  0.4334  0.5000
       3      13       3      18       3       0
 22   5   8   4
  0.0000  0.0705  0.2705  0.3127  0.3458  0.3534  0.4334  0.5000
       3      18      13      18      19      18       3       0
  0.0000  0.0716  0.4334  0.5000
       3      18       3       0
 22   6   7   6
  0.0000  0.0705  0.2705  0.3483  0.3893  0.4334  0.5000
       3      18      13      19      18       3       0
  0.0000  0.0249  0.0290  0.0716  0.4334  0.5000
       3      13       3      18       3       0
 22   7   6   8
  0.0000  0.0249  0.0290  0.0716  0.4334  0.5000
       3      13       3      18       3       0
  0.0000  0.0100  0.0621  0.0705  0.4334  0.4421  0.4608  0.5000
       3      13       3      18       3      11       3       0
 22   8   9   8
  0.0000  0.0100  0.0621  0.0705  0.2705  0.3483  0.3893  0.4334  0.5000
       3      13       3      18      13      19      18       3       0
  0.0000  0.0716  0.2705  0.3483  0.3893  0.4334  0.4627  0.5000
       3      18      13      19      18       3      19       0
 22   9   9   7
  0.0000  0.0100  0.0537  0.0705  0.2705  0.3127  0.3458  0.4690  0.5000
       3      13       3      18      13      18      19       3       0
  0.0000  0.0705  0.2705  0.3483  0.3893  0.4334  0.5000
       3      18      13      19      18       3       0
 22  10   4   7
  0.0000  0.0705  0.4334  0.5000
       3      18       3       0
  0.0000  0.0705  0.2705  0.3483  0.3893  0.4334  0.5000
       3      18      13      19      18       3       0
 23   1   7   7
  0.0000  0.0705  0.2705  0.3483  0.3893  0.4334  0.5000
       3      18      13      19      18       3       0
  0.0000  0.0705  0.2705  0.3483  0.3893  0.4334  0.5000
       3      18      13      19      18       3       0
 23   2   6   4
  0.0000  0.0249  0.0290  0.0716  0.4334  0.5000
       3      13       3      18       3       0
  0.0000  0.0705  0.4334  0.5000
       3      18       3       0
 23   3   8   8
  0.0000  0.0249  0.0290  0.0716  0.4334  0.4421  0.4608  0.5000
       3      13       3      18       3      11       3       0
  0.0000  0.0705  0.2705  0.3127  0.3458  0.3534  0.4334  0.5000
       3      18      13      18      19      18       3       0
 23   4   7   6
  0.0000  0.0705  0.2705  0.3483  0.3893  0.4334  0.5000
       3      18      13      19      18       3       0
  0.0000  0.0249  0.0290  0.0716  0.4334  0.5000
       3      13       3      18       3       0
 23   5   7   8
  0.0000  0.0705  0.2705  0.3483  0.3893  0.4334  0.5000
       3      18      13      19      18       3       0
  0.0000  0.0100  0.0621  0.0705  0.4334  0.4421  0.4608  0.5000
       3      13       3      18       3      11       3       0
 23   6   4   6
  0.0000  0.0705  0.4334  0.5000
       3      18       3       0
  0.0000  0.0249  0.0290  0.0716  0.4334  0.5000
       3      13       3      18       3       0
 23   7   4   6
  0.0000  0.0716  0.4334  0.5000
       3      18       3       0
  0.0000  0.0249  0.0290  0.0716  0.4334  0.5000
       3      13       3      18       3       0
 23   8   6   8
  0.0000  0.0705  0.3873  0.3893  0.4334  0.5000
       3      18      19      18       3       0
  0.0000  0.0705  0.2705  0.3127  0.3458  0.3534  0.4334  0.5000
       3      18      13      18      19      18       3       0
 23   9   6   4
  0.0000  0.0249  0.0290  0.0716  0.4334  0.5000
       3      13       3      18       3       0
  0.0000  0.0716  0.4334  0.5000
       3      18       3       0
 23  10   6   8
  0.0000  0.0249  0.0290  0.0716  0.4334  0.5000
       3      13       3      18       3       0
  0.0000  0.0705  0.2705  0.3127  0.3458  0.3534  0.4334  0.5000
       3      18      13      18      19      18       3       0
 24   1   4   6
  0.0000  0.0716  0.4334  0.5000
       3      18       3       0
  0.0000  0.0249  0.0290  0.0716  0.4334  0.5000
       3      13       3      18       3       0
 24   2   4   8
  0.0000  0.0716  0.4334  0.5000
       3      18       3       0
  0.0000  0.0100  0.0621  0.0705  0.4334  0.4421  0.4608  0.5000
       3      13       3      18       3      11       3       0
 24   3   6   8
  0.0000  0.0249  0.0290  0.0716  0.4334  0.5000
       3      13       3      18       3       0
  0.0000  0.0705  0.2705  0.3127  0.3458  0.3534  0.4334  0.5000
       3      18      13      18      19      18       3       0
 24   4   8   6
  0.0000  0.0705  0.2705  0.3127  0.3458  0.3534  0.4334  0.5000
       3      18      13      18      19      18       3       0
  0.0000  0.0249  0.0290  0.0716  0.4334  0.5000
       3      13       3      18       3       0
 24   5   8   8
  0.0000  0.0705  0.2705  0.3127  0.3458  0.3534  0.4334  0.5000
       3      18      13      18      19      18       3       0
  0.0000  0.0705  0.2705  0.3127  0.3458  0.3534  0.4334  0.5000
       3      18      13      18      19      18       3       0
 24   6   6   7
  0.0000  0.0249  0.0290  0.0716  0.4334  0.5000
       3      13       3      18       3       0
  0.0000  0.0705  0.2705  0.3483  0.3893  0.4334  0.5000
       3      18      13      19      18       3       0
 24   7   6   6
  0.0000  0.0249  0.0290  0.0716  0.4334  0.5000
       3      13       3      18       3       0
  0.0000  0.0249  0.0290  0.0716  0.4334  0.5000
       3      13       3      18       3       0
 24   8   6   4
  0.0000  0.0249  0.0290  0.0716  0.4334  0.5000
       3      13       3      18       3       0
  0.0000  0.0716  0.4334  0.5000
       3      18       3       0
 24   9   4   8
  0.0000  0.0716  0.4334  0.5000
       3      18       3       0
  0.0000  0.0249  0.0290  0.0716  0.4334  0.4421  0.4608  0.5000
       3      13       3      18       3      11       3       0
 24  10   4   7
  0.0000  0.0705  0.4334  0.5000
       3      18       3       0
  0.0000  0.0705  0.2705  0.3483  0.3893  0.4334  0.5000
       3      18      13      19      18       3       0
 25   1   8   6
  0.0000  0.0705  0.2705  0.3127  0.3458  0.3534  0.4334  0.5000
       3      18      13      18      19      18       3       0
  0.0000  0.0249  0.0290  0.0716  0.4334  0.5000
       3      13       3      18       3       0
 25   2   8   6
  0.0000  0.0249  0.0290  0.0716  0.4334  0.4421  0.4608  0.5000
       3      13       3      18       3      11       3       0
  0.0000  0.0249  0.0290  0.0716  0.4334  0.5000
       3      13       3      18       3       0
 25   3   7   6
  0.0000  0.0705  0.2705  0.3483  0.3893  0.4334  0.5000
       3      18      13      19      18       3       0
  0.0000  0.0249  0.0290  0.0716  0.4334  0.5000
       3      13       3      18       3       0
 25   4   4   9
  0.0000  0.0716  0.4334  0.5000
       3      18       3       0
  0.0000  0.0249  0.0290  0.0716  0.2705  0.3483  0.3893  0.4334  0.5000
       3      13       3      18      13      19      18       3       0
 25   5   4   6
  0.0000  0.0705  0.4334  0.5000
       3      18       3       0
  0.0000  0.0100  0.0621  0.0705  0.4334  0.5000
       3      13       3      18       3       0
 25   6   8   8
  0.0000  0.0705  0.2705  0.3127  0.3458  0.3534  0.4334  0.5000
       3      18      13      18      19      18       3       0
  0.0000  0.0705  0.2705  0.3127  0.3458  0.3534  0.4334  0.5000
       3      18      13      18      19      18       3       0
 25   7   6   8
  0.0000  0.0100  0.0490  0.0716  0.4334  0.5000
       3      13       3      18       3       0
  0.0000  0.0705  0.2705  0.3127  0.3458  0.3534  0.4334  0.5000
       3      18      13      18      19      18       3       0
 25   8   4   8
  0.0000  0.0716  0.4334  0.5000
       3      18       3       0
  0.0000  0.0705  0.2705  0.3127  0.3458  0.3534  0.4334  0.5000
       3      18      13      18      19      18       3       0
 25   9   8   6
  0.0000  0.0705  0.2705  0.3127  0.3458  0.3534  0.4334  0.5000
       3      18      13      18      19      18       3       0
  0.0000  0.0249  0.0290  0.0716  0.4334  0.5000
       3      13       3      18       3       0
 25  10   6   7
  0.0000  0.0249  0.0290  0.0716  0.4334  0.5000
       3      13       3      18       3       0
  0.0000  0.0705  0.2705  0.3483  0.3893  0.4334  0.5000
       3      18      13      19      18       3       0
 26   1   8   8
  0.0000  0.0705  0.2705  0.3127  0.3458  0.3534  0.4334  0.5000
       3      18      13      18      19      18       3       0
  0.0000  0.0705  0.2705  0.3127  0.3458  0.3534  0.4334  0.5000
       3      18      13      18      19      18       3       0
 26   2   8   4
  0.0000  0.0705  0.2705  0.3127  0.3458  0.3534  0.4334  0.5000
       3      18      13      18      19      18       3       0
  0.0000  0.0705  0.4334  0.5000
       3      18       3       0
 26   3  10   6
  0.0000  0.0100  0.0490  0.0716  0.2705  0.3127  0.3458  0.3534  0.4334  0.5000
       3      13       3      18      13      18      19      18       3       0


  0.0000  0.0249  0.0290  0.0716  0.4334  0.5000
       3      13       3      18       3       0
 26   4   8   6
  0.0000  0.0705  0.2705  0.3127  0.3458  0.3534  0.4334  0.5000
       3      18      13      18      19      18       3       0
  0.0000  0.0100  0.0490  0.0716  0.4334  0.5000
       3      13       3      18       3       0
 26   5   6   4
  0.0000  0.0249  0.0290  0.0716  0.4334  0.5000
       3      13       3      18       3       0
  0.0000  0.0716  0.4334  0.5000
       3      18       3       0
 26   6   4   4
  0.0000  0.0705  0.4334  0.5000
       3      18       3       0
  0.0000  0.0716  0.4334  0.5000
       3      18       3       0
 26   7   4   8
  0.0000  0.0705  0.4334  0.5000
       3      18       3       0
  0.0000  0.0705  0.2705  0.3127  0.3458  0.3534  0.4334  0.5000
       3      18      13      18      19      18       3       0
 26   8   6   8
  0.0000  0.0249  0.0290  0.0716  0.4334  0.5000
       3      13       3      18       3       0
  0.0000  0.0705  0.2705  0.3127  0.3458  0.3534  0.4334  0.5000
       3      18      13      18      19      18       3       0
 26   9   8   8
  0.0000  0.0705  0.2705  0.3127  0.3458  0.3534  0.4334  0.5000
       3      18      13      18      19      18       3       0
  0.0000  0.0705  0.2705  0.3127  0.3458  0.3534  0.4334  0.5000
       3      18      13      18      19      18       3       0
 26  10   8   6
  0.0000  0.0100  0.0490  0.0716  0.3458  0.3534  0.4334  0.5000
       3      13       3      18      19      18       3       0
  0.0000  0.0249  0.0290  0.0716  0.4334  0.5000
       3      13       3      18       3       0
 27   1   6  10
  0.0000  0.0249  0.0290  0.0716  0.4334  0.5000
       3      13       3      18       3       0
  0.0000  0.0249  0.0290  0.0716  0.2705  0.3127  0.3458  0.3534  0.4334  0.5000
       3      13       3      18      13      18      19      18       3       0


 27   2   6   8
  0.0000  0.0249  0.0290  0.0716  0.4334  0.5000
       3      13       3      18       3       0
  0.0000  0.0705  0.2705  0.3127  0.3458  0.3534  0.4334  0.5000
       3      18      13      18      19      18       3       0
 27   3   8   4
  0.0000  0.0705  0.2705  0.3127  0.3458  0.3534  0.4334  0.5000
       3      18      13      18      19      18       3       0
  0.0000  0.0705  0.4334  0.5000
       3      18       3       0
 27   4   6   8
  0.0000  0.0100  0.0490  0.0716  0.4334  0.5000
       3      13       3      18       3       0
  0.0000  0.0100  0.0490  0.0716  0.3458  0.3534  0.4334  0.5000
       3      13       3      18      19      18       3       0
 27   5   8   6
  0.0000  0.0705  0.2705  0.3127  0.3458  0.3534  0.4334  0.5000
       3      18      13      18      19      18       3       0
  0.0000  0.0249  0.0290  0.0716  0.4334  0.5000
       3      13       3      18       3       0
 27   6   4   8
  0.0000  0.0705  0.4334  0.5000
       3      18       3       0
  0.0000  0.0705  0.2705  0.3127  0.3458  0.3534  0.4334  0.5000
       3      18      13      18      19      18       3       0
 27   7   6   8
  0.0000  0.0249  0.0290  0.0716  0.4334  0.5000
       3      13       3      18       3       0
  0.0000  0.0705  0.2705  0.3127  0.3458  0.3534  0.4334  0.5000
       3      18      13      18      19      18       3       0
 27   8   8   4
  0.0000  0.0705  0.2705  0.3127  0.3458  0.3534  0.4334  0.5000
       3      18      13      18      19      18       3       0
  0.0000  0.0705  0.4334  0.5000
       3      18       3       0
 27   9   8   8
  0.0000  0.0705  0.2705  0.3127  0.3458  0.3534  0.4334  0.5000
       3      18      13      18      19      18       3       0
  0.0000  0.0705  0.2705  0.3127  0.3458  0.3534  0.4334  0.5000
       3      18      13      18      19      18       3       0
 27  10   8   4
  0.0000  0.0705  0.2705  0.3127  0.3458  0.3534  0.4334  0.5000
       3      18      13      18      19      18       3       0
  0.0000  0.0716  0.4334  0.5000
       3      18       3       0
 28   1   8   4
  0.0000  0.0705  0.2705  0.3127  0.3458  0.3534  0.4334  0.5000
       3      18      13      18      19      18       3       0
  0.0000  0.0716  0.4334  0.5000
       3      18       3       0
 28   2   8   8
  0.0000  0.0705  0.2705  0.3127  0.3458  0.3534  0.4334  0.5000
       3      18      13      18      19      18       3       0
  0.0000  0.0705  0.2705  0.3127  0.3458  0.3534  0.4334  0.5000
       3      18      13      18      19      18       3       0
 28   3   6  10
  0.0000  0.0249  0.0290  0.0716  0.4334  0.5000
       3      13       3      18       3       0
  0.0000  0.0249  0.0290  0.0716  0.2705  0.3127  0.3458  0.3534  0.4334  0.5000
       3      13       3      18      13      18      19      18       3       0


 28   4   8   8
  0.0000  0.0705  0.2705  0.3127  0.3458  0.3534  0.4334  0.5000
       3      18      13      18      19      18       3       0
  0.0000  0.0716  0.2705  0.3127  0.3458  0.3534  0.4334  0.5000
       3      18      13      18      19      18       3       0
 28   5   6   8
  0.0000  0.0100  0.0490  0.0716  0.4334  0.5000
       3      13       3      18       3       0
  0.0000  0.0705  0.2705  0.3127  0.3458  0.3534  0.4334  0.5000
       3      18      13      18      19      18       3       0
 28   6   4  10
  0.0000  0.0705  0.4334  0.5000
       3      18       3       0
  0.0000  0.0249  0.0290  0.0716  0.2705  0.3127  0.3458  0.3534  0.4334  0.5000
       3      13       3      18      13      18      19      18       3       0


 28   7   6   6
  0.0000  0.0249  0.0290  0.0716  0.4334  0.5000
       3      13       3      18       3       0
  0.0000  0.0249  0.0290  0.0716  0.4334  0.5000
       3      13       3      18       3       0
 28   8   8   8
  0.0000  0.0705  0.2705  0.3127  0.3458  0.3534  0.4334  0.5000
       3      18      13      18      19      18       3       0
  0.0000  0.0705  0.2705  0.3127  0.3458  0.3534  0.4334  0.5000
       3      18      13      18      19      18       3       0
 28   9   4  10
  0.0000  0.0705  0.4334  0.5000
       3      18       3       0
  0.0000  0.0249  0.0290  0.0716  0.2705  0.3127  0.3458  0.3534  0.4334  0.5000
       3      13       3      18      13      18      19      18       3       0


 28  10   8   6
  0.0000  0.0705  0.2705  0.3127  0.3458  0.3534  0.4334  0.5000
       3      18      13      18      19      18       3       0
  0.0000  0.0249  0.0290  0.0716  0.4334  0.5000
       3      13       3      18       3       0
 29   1   4   6
  0.0000  0.0705  0.4334  0.5000
       3      18       3       0
  0.0000  0.0249  0.0290  0.0716  0.4334  0.5000
       3      13       3      18       3       0
 29   2   4   6
  0.0000  0.0705  0.4334  0.5000
       3      18       3       0
  0.0000  0.0249  0.0290  0.0716  0.4334  0.5000
       3      13       3      18       3       0
 29   3   6   8
  0.0000  0.0716  0.2705  0.2863  0.4334  0.5000
       3      18      13      18       3       0
  0.0000  0.0705  0.2705  0.3127  0.3458  0.3534  0.4334  0.5000
       3      18      13      18      19      18       3       0
 29   4   8  10
  0.0000  0.0716  0.2705  0.3127  0.3458  0.3534  0.4334  0.5000
       3      18      13      18      19      18       3       0
  0.0000  0.0249  0.0290  0.0716  0.2705  0.3127  0.3458  0.3534  0.4334  0.5000
       3      13       3      18      13      18      19      18       3       0


 29   5   8   4
  0.0000  0.0705  0.2705  0.3127  0.3458  0.3534  0.4334  0.5000
       3      18      13      18      19      18       3       0
  0.0000  0.0705  0.4334  0.5000
       3      18       3       0
 29   6   4   8
  0.0000  0.0705  0.4334  0.5000
       3      18       3       0
  0.0000  0.0705  0.2705  0.3127  0.3458  0.3534  0.4334  0.5000
       3      18      13      18      19      18       3       0
 29   7   6   6
  0.0000  0.0249  0.0290  0.0716  0.4334  0.5000
       3      13       3      18       3       0
  0.0000  0.0249  0.0290  0.0716  0.4334  0.5000
       3      13       3      18       3       0
 29   8   8   8
  0.0000  0.0705  0.2705  0.3127  0.3458  0.3534  0.4334  0.5000
       3      18      13      18      19      18       3       0
  0.0000  0.0705  0.2705  0.3127  0.3458  0.3534  0.4334  0.5000
       3      18      13      18      19      18       3       0
 29   9   4   8
  0.0000  0.0705  0.4334  0.5000
       3      18       3       0
  0.0000  0.0716  0.2705  0.3127  0.3458  0.3534  0.4334  0.5000
       3      18      13      18      19      18       3       0
 29  10   6   8
  0.0000  0.0249  0.0290  0.0716  0.4334  0.5000
       3      13       3      18       3       0
  0.0000  0.0249  0.0290  0.0716  0.2705  0.2892  0.4334  0.5000
       3      13       3      18      13      18       3       0
 30   1  10   6
  0.0000  0.0249  0.0290  0.0716  0.2705  0.3127  0.3458  0.3534  0.4334  0.5000
       3      13       3      18      13      18      19      18       3       0


  0.0000  0.0716  0.2705  0.2863  0.4334  0.5000
       3      18      13      18       3       0
 30   2  10   4
  0.0000  0.0249  0.0290  0.0716  0.2705  0.3127  0.3458  0.3534  0.4334  0.5000
       3      13       3      18      13      18      19      18       3       0


  0.0000  0.0705  0.4334  0.5000
       3      18       3       0
 30   3   8   8
  0.0000  0.0249  0.0290  0.0716  0.2705  0.2892  0.4334  0.5000
       3      13       3      18      13      18       3       0
  0.0000  0.0705  0.2705  0.3127  0.3458  0.3534  0.4334  0.5000
       3      18      13      18      19      18       3       0
 30   4   8  10
  0.0000  0.0705  0.2705  0.3127  0.3458  0.3534  0.4334  0.5000
       3      18      13      18      19      18       3       0
  0.0000  0.0249  0.0290  0.0716  0.2705  0.3127  0.3458  0.3534  0.4334  0.5000
       3      13       3      18      13      18      19      18       3       0


 30   5   4   6
  0.0000  0.0705  0.4334  0.5000
       3      18       3       0
  0.0000  0.0249  0.0290  0.0716  0.4334  0.5000
       3      13       3      18       3       0
 30   6   6   8
  0.0000  0.0249  0.0290  0.0716  0.4334  0.5000
       3      13       3      18       3       0
  0.0000  0.0705  0.2705  0.3127  0.3458  0.3534  0.4334  0.5000
       3      18      13      18      19      18       3       0
 30   7   8   8
  0.0000  0.0716  0.2705  0.3127  0.3458  0.3534  0.4334  0.5000
       3      18      13      18      19      18       3       0
  0.0000  0.0716  0.2705  0.3127  0.3458  0.3534  0.4334  0.5000
       3      18      13      18      19      18       3       0
 30   8   8   4
  0.0000  0.0705  0.2705  0.3127  0.3458  0.3534  0.4334  0.5000
       3      18      13      18      19      18       3       0
  0.0000  0.0705  0.4334  0.5000
       3      18       3       0
 30   9   4   8
  0.0000  0.0716  0.4334  0.5000
       3      18       3       0
  0.0000  0.0705  0.2705  0.3127  0.3458  0.3534  0.4334  0.5000
       3      18      13      18      19      18       3       0
 30  10   8   6
  0.0000  0.0716  0.2705  0.3127  0.3458  0.3534  0.4334  0.5000
       3      18      13      18      19      18       3       0
  0.0000  0.0249  0.0290  0.0716  0.4334  0.5000
       3      13       3      18       3       0
 31   1   8   8
  0.0000  0.0249  0.0290  0.0716  0.2705  0.2892  0.4334  0.5000
       3      13       3      18      13      18       3       0
  0.0000  0.0705  0.2705  0.3127  0.3458  0.3534  0.4334  0.5000
       3      18      13      18      19      18       3       0
 31   2   6   8
  0.0000  0.0249  0.0290  0.0716  0.4334  0.5000
       3      13       3      18       3       0
  0.0000  0.0249  0.0290  0.0716  0.2705  0.2892  0.4334  0.5000
       3      13       3      18      13      18       3       0
 31   3   4  10
  0.0000  0.0716  0.4334  0.5000
       3      18       3       0
  0.0000  0.0249  0.0290  0.0716  0.2705  0.3127  0.3458  0.3534  0.4334  0.5000
       3      13       3      18      13      18      19      18       3       0


 31   4   8   6
  0.0000  0.0705  0.2795  0.3127  0.3458  0.3534  0.4334  0.5000
       3      18      13      18      19      18       3       0
  0.0000  0.0249  0.0290  0.0716  0.4334  0.5000
       3      13       3      18       3       0
 31   5   8   8
  0.0000  0.0716  0.2705  0.3127  0.3458  0.3534  0.4334  0.5000
       3      18      13      18      19      18       3       0
  0.0000  0.0716  0.2705  0.3127  0.3458  0.3534  0.4334  0.5000
       3      18      13      18      19      18       3       0
 31   6   8   8
  0.0000  0.0716  0.2705  0.3127  0.3458  0.3534  0.4334  0.5000
       3      18      13      18      19      18       3       0
  0.0000  0.0705  0.2705  0.3127  0.3458  0.3534  0.4334  0.5000
       3      18      13      18      19      18       3       0
 31   7   8   4
  0.0000  0.0716  0.2705  0.3127  0.3458  0.3534  0.4334  0.5000
       3      18      13      18      19      18       3       0
  0.0000  0.0705  0.4334  0.5000
       3      18       3       0
 31   8   8  10
  0.0000  0.0249  0.0290  0.0716  0.2705  0.3127  0.4334  0.5000
       3      13       3      18      13      18       3       0
  0.0000  0.0249  0.0290  0.0716  0.2705  0.3127  0.3458  0.3534  0.4334  0.5000
       3      13       3      18      13      18      19      18       3       0


 31   9   4  10
  0.0000  0.0705  0.4334  0.5000
       3      18       3       0
  0.0000  0.0249  0.0290  0.0716  0.2705  0.3127  0.3458  0.3534  0.4334  0.5000
       3      13       3      18      13      18      19      18       3       0


 31  10   8   4
  0.0000  0.0716  0.2705  0.3127  0.3458  0.3534  0.4334  0.5000
       3      18      13      18      19      18       3       0
  0.0000  0.0705  0.4334  0.5000
       3      18       3       0
 32   1   8   8
  0.0000  0.0705  0.2705  0.3127  0.3458  0.3534  0.4334  0.5000
       3      18      13      18      19      18       3       0
  0.0000  0.0716  0.2705  0.3127  0.3458  0.3534  0.4334  0.5000
       3      18      13      18      19      18       3       0
 32   2   8   8
  0.0000  0.0716  0.2705  0.3127  0.3458  0.3534  0.4334  0.5000
       3      18      13      18      19      18       3       0
  0.0000  0.0716  0.2705  0.3127  0.3458  0.3534  0.4334  0.5000
       3      18      13      18      19      18       3       0
 32   3   4   8
  0.0000  0.0705  0.4334  0.5000
       3      18       3       0
  0.0000  0.0705  0.2705  0.3127  0.3458  0.3534  0.4334  0.5000
       3      18      13      18      19      18       3       0
 32   4   8   8
  0.0000  0.0249  0.0290  0.0716  0.2705  0.2892  0.4334  0.5000
       3      13       3      18      13      18       3       0
  0.0000  0.0249  0.0290  0.0716  0.2705  0.2892  0.4334  0.5000
       3      13       3      18      13      18       3       0
 32   5   4  10
  0.0000  0.0705  0.4334  0.5000
       3      18       3       0
  0.0000  0.0249  0.0290  0.0705  0.2705  0.3127  0.3458  0.3534  0.4334  0.5000
       3      13       3      18      13      18      19      18       3       0


 32   6   8   8
  0.0000  0.0249  0.0290  0.0716  0.2705  0.2892  0.4334  0.5000
       3      13       3      18      13      18       3       0
  0.0000  0.0716  0.2705  0.3127  0.3458  0.3534  0.4334  0.5000
       3      18      13      18      19      18       3       0
 32   7   8   6
  0.0000  0.0249  0.0290  0.0716  0.2705  0.2892  0.4334  0.5000
       3      13       3      18      13      18       3       0
  0.0000  0.0249  0.0290  0.0716  0.4334  0.5000
       3      13       3      18       3       0
 32   8   6   4
  0.0000  0.0249  0.0290  0.0716  0.4334  0.5000
       3      13       3      18       3       0
  0.0000  0.0705  0.4334  0.5000
       3      18       3       0
 32   9  10   8
  0.0000  0.0249  0.0290  0.0716  0.2705  0.3127  0.3458  0.3534  0.4334  0.5000
       3      13       3      18      13      18      19      18       3       0


  0.0000  0.0716  0.2705  0.3127  0.3458  0.3534  0.4334  0.5000
       3      18      13      18      19      18       3       0
 32  10  10  10
  0.0000  0.0249  0.0290  0.0716  0.2705  0.3127  0.3458  0.3534  0.4334  0.5000
       3      13       3      18      13      18      19      18       3       0


  0.0000  0.0249  0.0290  0.0716  0.2705  0.3127  0.3458  0.3534  0.4334  0.5000
       3      13       3      18      13      18      19      18       3       0


 33   1   6   6
  0.0000  0.0249  0.0290  0.0716  0.4334  0.5000
       3      13       3      18       3       0
  0.0000  0.0249  0.0290  0.0716  0.4334  0.5000
       3      13       3      18       3       0
 33   2   8   8
  0.0000  0.0249  0.0290  0.0716  0.2705  0.2892  0.4334  0.5000
       3      13       3      18      13      18       3       0
  0.0000  0.0716  0.2705  0.3127  0.3458  0.3534  0.4334  0.5000
       3      18      13      18      19      18       3       0
 33   3   6  10
  0.0000  0.0716  0.2705  0.2892  0.4334  0.5000
       3      18      13      18       3       0
  0.0000  0.0249  0.0290  0.0716  0.2705  0.3127  0.3458  0.3534  0.4334  0.5000
       3      13       3      18      13      18      19      18       3       0


 33   4  10   8
  0.0000  0.0249  0.0290  0.0716  0.2705  0.3127  0.3458  0.3534  0.4334  0.5000
       3      13       3      18      13      18      19      18       3       0


  0.0000  0.0249  0.0290  0.0716  0.2705  0.2892  0.4334  0.5000
       3      13       3      18      13      18       3       0
 33   5   8   4
  0.0000  0.0249  0.0290  0.0705  0.2705  0.3127  0.4334  0.5000
       3      13       3      18      13      18       3       0
  0.0000  0.0705  0.4334  0.5000
       3      18       3       0
 33   6   8  10
  0.0000  0.0716  0.2705  0.3127  0.3458  0.3534  0.4334  0.5000
       3      18      13      18      19      18       3       0
  0.0000  0.0249  0.0290  0.0716  0.2705  0.3127  0.3458  0.3534  0.4334  0.5000
       3      13       3      18      13      18      19      18       3       0


 33   7   8   8
  0.0000  0.0716  0.2705  0.3127  0.3458  0.3534  0.4334  0.5000
       3      18      13      18      19      18       3       0
  0.0000  0.0249  0.0290  0.0716  0.2705  0.2892  0.4334  0.5000
       3      13       3      18      13      18       3       0
 33   8   8  10
  0.0000  0.0716  0.2705  0.3127  0.3458  0.3534  0.4334  0.5000
       3      18      13      18      19      18       3       0
  0.0000  0.0249  0.0290  0.0705  0.2705  0.3127  0.3458  0.3534  0.4334  0.5000
       3      13       3      18      13      18      19      18       3       0


 33   9   6   6
  0.0000  0.0249  0.0290  0.0716  0.4334  0.5000
       3      13       3      18       3       0
  0.0000  0.0249  0.0290  0.0716  0.4334  0.5000
       3      13       3      18       3       0
 33  10  10   8
  0.0000  0.0249  0.0290  0.0716  0.2705  0.3127  0.3458  0.3534  0.4334  0.5000
       3      13       3      18      13      18      19      18       3       0


  0.0000  0.0249  0.0290  0.0716  0.2705  0.2892  0.4334  0.5000
       3      13       3      18      13      18       3       0
 34   1   8  10
  0.0000  0.0716  0.2705  0.3127  0.3458  0.3534  0.4334  0.5000
       3      18      13      18      19      18       3       0
  0.0000  0.0249  0.0290  0.0716  0.2705  0.3127  0.3458  0.3534  0.4334  0.5000
       3      13       3      18      13      18      19      18       3       0


 34   2   8   6
  0.0000  0.0249  0.0290  0.0716  0.2705  0.2892  0.4334  0.5000
       3      13       3      18      13      18       3       0
  0.0000  0.0249  0.0290  0.0716  0.4334  0.5000
       3      13       3      18       3       0
 34   3  10   8
  0.0000  0.0249  0.0290  0.0716  0.2705  0.3127  0.3458  0.3534  0.4334  0.5000
       3      13       3      18      13      18      19      18       3       0


  0.0000  0.0249  0.0290  0.0716  0.2705  0.2892  0.4334  0.5000
       3      13       3      18      13      18       3       0
 34   4   8   6
  0.0000  0.0249  0.0290  0.0716  0.2705  0.2892  0.4334  0.5000
       3      13       3      18      13      18       3       0
  0.0000  0.0249  0.0290  0.0716  0.4334  0.5000
       3      13       3      18       3       0
 34   5   8   8
  0.0000  0.0716  0.2705  0.3127  0.3458  0.3534  0.4334  0.5000
       3      18      13      18      19      18       3       0
  0.0000  0.0249  0.0290  0.0716  0.2705  0.2892  0.4334  0.5000
       3      13       3      18      13      18       3       0
 34   6   8   8
  0.0000  0.0249  0.0290  0.0716  0.2705  0.2892  0.4334  0.5000
       3      13       3      18      13      18       3       0
  0.0000  0.0249  0.0290  0.0705  0.2705  0.3127  0.4334  0.5000
       3      13       3      18      13      18       3       0
 34   7   8  10
  0.0000  0.0716  0.2705  0.3127  0.3458  0.3534  0.4334  0.5000
       3      18      13      18      19      18       3       0
  0.0000  0.0249  0.0290  0.0716  0.2705  0.3127  0.3458  0.3534  0.4334  0.5000
       3      13       3      18      13      18      19      18       3       0


 34   8   6  10
  0.0000  0.0249  0.0290  0.0716  0.4334  0.5000
       3      13       3      18       3       0
  0.0000  0.0249  0.0290  0.0705  0.2705  0.3127  0.3458  0.3534  0.4334  0.5000
       3      13       3      18      13      18      19      18       3       0


 34   9  10  10
  0.0000  0.0249  0.0290  0.0716  0.2705  0.3127  0.3458  0.3534  0.4334  0.5000
       3      13       3      18      13      18      19      18       3       0


  0.0000  0.0249  0.0290  0.0705  0.2705  0.3127  0.3458  0.3534  0.4334  0.5000
       3      13       3      18      13      18      19      18       3       0


 34  10  10   8
  0.0000  0.0249  0.0290  0.0705  0.2705  0.3127  0.3458  0.3534  0.4334  0.5000
       3      13       3      18      13      18      19      18       3       0


  0.0000  0.0249  0.0290  0.0716  0.2705  0.2892  0.4334  0.5000
       3      13       3      18      13      18       3       0
 35   1  10   8
  0.0000  0.0249  0.0290  0.0705  0.2705  0.3127  0.3458  0.3534  0.4334  0.5000
       3      13       3      18      13      18      19      18       3       0


  0.0000  0.0249  0.0290  0.0716  0.2705  0.2892  0.4334  0.5000
       3      13       3      18      13      18       3       0
 35   2   8   8
  0.0000  0.0249  0.0290  0.0705  0.2705  0.3127  0.4334  0.5000
       3      13       3      18      13      18       3       0
  0.0000  0.0716  0.2705  0.3127  0.3458  0.3534  0.4334  0.5000
       3      18      13      18      19      18       3       0
 35   3   8   8
  0.0000  0.0249  0.0290  0.0716  0.2705  0.2892  0.4334  0.5000
       3      13       3      18      13      18       3       0
  0.0000  0.0249  0.0290  0.0716  0.2705  0.2892  0.4334  0.5000
       3      13       3      18      13      18       3       0
 35   4   8   8
  0.0000  0.0249  0.0290  0.0705  0.2705  0.3127  0.4334  0.5000
       3      13       3      18      13      18       3       0
  0.0000  0.0249  0.0290  0.0705  0.2705  0.2892  0.4334  0.5000
       3      13       3      18      13      18       3       0
 35   5  10   8
  0.0000  0.0249  0.0290  0.0716  0.2705  0.3127  0.3458  0.3534  0.4334  0.5000
       3      13       3      18      13      18      19      18       3       0


  0.0000  0.0249  0.0290  0.0716  0.2705  0.2892  0.4334  0.5000
       3      13       3      18      13      18       3       0
 35   6   8   8
  0.0000  0.0249  0.0290  0.0716  0.2705  0.2892  0.4334  0.5000
       3      13       3      18      13      18       3       0
  0.0000  0.0249  0.0290  0.0716  0.2705  0.2892  0.4334  0.5000
       3      13       3      18      13      18       3       0
 35   7   8   6
  0.0000  0.0716  0.2705  0.3127  0.3458  0.3534  0.4334  0.5000
       3      18      13      18      19      18       3       0
  0.0000  0.0249  0.0290  0.0716  0.4334  0.5000
       3      13       3      18       3       0
 35   8  10  10
  0.0000  0.0249  0.0290  0.0716  0.2705  0.3127  0.3458  0.3534  0.4334  0.5000
       3      13       3      18      13      18      19      18       3       0


  0.0000  0.0249  0.0290  0.0716  0.2705  0.3127  0.3458  0.3534  0.4334  0.5000
       3      13       3      18      13      18      19      18       3       0


 35   9   8   8
  0.0000  0.0249  0.0290  0.0716  0.2705  0.2892  0.4334  0.5000
       3      13       3      18      13      18       3       0
  0.0000  0.0249  0.0290  0.0716  0.2705  0.2892  0.4334  0.5000
       3      13       3      18      13      18       3       0
 35  10   6  10
  0.0000  0.0249  0.0290  0.0716  0.4334  0.5000
       3      13       3      18       3       0
  0.0000  0.0249  0.0290  0.0716  0.2705  0.3127  0.3458  0.3534  0.4334  0.5000
       3      13       3      18      13      18      19      18       3       0


 36   1  10   8
  0.0000  0.0249  0.0290  0.0716  0.2705  0.3127  0.3458  0.3534  0.4334  0.5000
       3      13       3      18      13      18      19      18       3       0


  0.0000  0.0249  0.0290  0.0716  0.2705  0.2892  0.4334  0.5000
       3      13       3      18      13      18       3       0
 36   2   8   8
  0.0000  0.0249  0.0290  0.0716  0.2705  0.2892  0.4334  0.5000
       3      13       3      18      13      18       3       0
  0.0000  0.0249  0.0290  0.0716  0.2705  0.2892  0.4334  0.5000
       3      13       3      18      13      18       3       0
 36   3   8   8
  0.0000  0.0249  0.0290  0.0716  0.2705  0.2892  0.4334  0.5000
       3      13       3      18      13      18       3       0
  0.0000  0.0249  0.0290  0.0716  0.2705  0.2892  0.4334  0.5000
       3      13       3      18      13      18       3       0
 36   4   8  10
  0.0000  0.0249  0.0290  0.0716  0.2705  0.2892  0.4334  0.5000
       3      13       3      18      13      18       3       0
  0.0000  0.0249  0.0290  0.0705  0.2705  0.3127  0.3458  0.3534  0.4334  0.5000
       3      13       3      18      13      18      19      18       3       0


 36   5   8  10
  0.0000  0.0249  0.0290  0.0716  0.2705  0.2892  0.4334  0.5000
       3      13       3      18      13      18       3       0
  0.0000  0.0249  0.0290  0.0716  0.2705  0.3127  0.3458  0.3534  0.4334  0.5000
       3      13       3      18      13      18      19      18       3       0


 36   6  10   8
  0.0000  0.0249  0.0290  0.0716  0.2705  0.3127  0.3458  0.3534  0.4334  0.5000
       3      13       3      18      13      18      19      18       3       0


  0.0000  0.0249  0.0290  0.0716  0.3458  0.3534  0.4334  0.5000
       3      13       3      18      19      18       3       0
 36   7   6   8
  0.0000  0.0716  0.2705  0.3127  0.4334  0.5000
       3      18      13      18       3       0
  0.0000  0.0249  0.0290  0.0705  0.2705  0.2892  0.4334  0.5000
       3      13       3      18      13      18       3       0
 36   8   8   8
  0.0000  0.0249  0.0290  0.0716  0.2705  0.2892  0.4334  0.5000
       3      13       3      18      13      18       3       0
  0.0000  0.0249  0.0290  0.0705  0.2705  0.3127  0.4334  0.5000
       3      13       3      18      13      18       3       0
 36   9  10  10
  0.0000  0.0249  0.0290  0.0705  0.2705  0.3127  0.3458  0.3534  0.4334  0.5000
       3      13       3      18      13      18      19      18       3       0


  0.0000  0.0249  0.0290  0.0716  0.2877  0.3127  0.3458  0.3534  0.4334  0.5000
       3      13       3      18      13      18      19      18       3       0


 36  10  10   8
  0.0000  0.0249  0.0290  0.0716  0.2705  0.3127  0.3458  0.3534  0.4334  0.5000
       3      13       3      18      13      18      19      18       3       0


  0.0000  0.0249  0.0290  0.0705  0.2705  0.2892  0.4334  0.5000
       3      13       3      18      13      18       3       0
 37   1  10   8
  0.0000  0.0249  0.0290  0.0716  0.2705  0.3107  0.3458  0.3534  0.4334  0.5000
       3      13       3      18      13      18      19      18       3       0


  0.0000  0.0249  0.0290  0.0716  0.3458  0.3534  0.4334  0.5000
       3      13       3      18      19      18       3       0
 37   2   8   8
  0.0000  0.0249  0.0290  0.0716  0.2705  0.2892  0.4334  0.5000
       3      13       3      18      13      18       3       0
  0.0000  0.0249  0.0290  0.0705  0.2705  0.3127  0.4334  0.5000
       3      13       3      18      13      18       3       0
 37   3   8   8
  0.0000  0.0249  0.0290  0.0716  0.2705  0.2892  0.4334  0.5000
       3      13       3      18      13      18       3       0
  0.0000  0.0249  0.0290  0.0705  0.2705  0.2892  0.4334  0.5000
       3      13       3      18      13      18       3       0
 37   4   8  10
  0.0000  0.0249  0.0290  0.0716  0.2705  0.2892  0.4334  0.5000
       3      13       3      18      13      18       3       0
  0.0000  0.0249  0.0290  0.0716  0.2705  0.3127  0.3458  0.3534  0.4334  0.5000
       3      13       3      18      13      18      19      18       3       0


 37   5   8   8
  0.0000  0.0249  0.0290  0.0705  0.2705  0.3127  0.4334  0.5000
       3      13       3      18      13      18       3       0
  0.0000  0.0249  0.0290  0.0705  0.2705  0.2892  0.4334  0.5000
       3      13       3      18      13      18       3       0
 37   6   8   8
  0.0000  0.0249  0.0290  0.0716  0.2705  0.2892  0.4334  0.5000
       3      13       3      18      13      18       3       0
  0.0000  0.0249  0.0290  0.0716  0.2705  0.2892  0.4334  0.5000
       3      13       3      18      13      18       3       0
 37   7   8   8
  0.0000  0.0249  0.0290  0.0716  0.2705  0.2892  0.4334  0.5000
       3      13       3      18      13      18       3       0
  0.0000  0.0249  0.0290  0.0716  0.2705  0.2892  0.4334  0.5000
       3      13       3      18      13      18       3       0
 37   8  10   8
  0.0000  0.0249  0.0290  0.0716  0.2705  0.3127  0.3458  0.3534  0.4334  0.5000
       3      13       3      18      13      18      19      18       3       0


  0.0000  0.0249  0.0290  0.0716  0.2705  0.2892  0.4334  0.5000
       3      13       3      18      13      18       3       0
 37   9  10  10
  0.0000  0.0249  0.0290  0.0705  0.2705  0.3127  0.3458  0.3534  0.4334  0.5000
       3      13       3      18      13      18      19      18       3       0


  0.0000  0.0249  0.0290  0.0716  0.2705  0.3127  0.3458  0.3534  0.4334  0.5000
       3      13       3      18      13      18      19      18       3       0


 37  10  10   8
  0.0000  0.0249  0.0290  0.0716  0.2705  0.3127  0.3458  0.3534  0.4334  0.5000
       3      13       3      18      13      18      19      18       3       0


  0.0000  0.0249  0.0290  0.0716  0.2705  0.2892  0.4334  0.5000
       3      13       3      18      13      18       3       0
 38   1  10   8
  0.0000  0.0249  0.0290  0.0716  0.2705  0.3107  0.3458  0.3534  0.4334  0.5000
       3      13       3      18      13      18      19      18       3       0


  0.0000  0.0249  0.0290  0.0705  0.2705  0.3127  0.4334  0.5000
       3      13       3      18      13      18       3       0
 38   2   8   8
  0.0000  0.0249  0.0290  0.0716  0.2705  0.2892  0.4334  0.5000
       3      13       3      18      13      18       3       0
  0.0000  0.0249  0.0290  0.0716  0.2705  0.2892  0.4334  0.5000
       3      13       3      18      13      18       3       0
 38   3   8  10
  0.0000  0.0249  0.0290  0.0705  0.2705  0.2892  0.4334  0.5000
       3      13       3      18      13      18       3       0
  0.0000  0.0249  0.0290  0.0716  0.2705  0.3127  0.3458  0.3534  0.4334  0.5000
       3      13       3      18      13      18      19      18       3       0


 38   4  10  10
  0.0000  0.0249  0.0290  0.0716  0.2705  0.3127  0.3458  0.3534  0.4334  0.5000
       3      13       3      18      13      18      19      18       3       0


  0.0000  0.0249  0.0290  0.0716  0.2705  0.3127  0.3458  0.3534  0.4334  0.5000
       3      13       3      18      13      18      19      18       3       0


 38   5  10   8
  0.0000  0.0249  0.0290  0.0716  0.2705  0.3127  0.3458  0.3534  0.4334  0.5000
       3      13       3      18      13      18      19      18       3       0


  0.0000  0.0249  0.0290  0.0716  0.2705  0.2892  0.4334  0.5000
       3      13       3      18      13      18       3       0
 38   6   8  10
  0.0000  0.0249  0.0290  0.0716  0.2705  0.2892  0.4334  0.5000
       3      13       3      18      13      18       3       0
  0.0000  0.0249  0.0290  0.0716  0.2705  0.3127  0.3458  0.3534  0.4334  0.5000
       3      13       3      18      13      18      19      18       3       0


 38   7   8   8
  0.0000  0.0249  0.0290  0.0716  0.2705  0.2892  0.4334  0.5000
       3      13       3      18      13      18       3       0
  0.0000  0.0249  0.0290  0.0716  0.2705  0.2892  0.4334  0.5000
       3      13       3      18      13      18       3       0
 38   8   8   8
  0.0000  0.0249  0.0290  0.0705  0.2705  0.3127  0.4334  0.5000
       3      13       3      18      13      18       3       0
  0.0000  0.0249  0.0290  0.0716  0.2705  0.2892  0.4334  0.5000
       3      13       3      18      13      18       3       0
 38   9   8  10
  0.0000  0.0249  0.0290  0.0716  0.2705  0.2892  0.4334  0.5000
       3      13       3      18      13      18       3       0
  0.0000  0.0249  0.0290  0.0705  0.2705  0.3127  0.3458  0.3534  0.4334  0.5000
       3      13       3      18      13      18      19      18       3       0


 38  10   8   8
  0.0000  0.0249  0.0290  0.0716  0.2705  0.2892  0.4334  0.5000
       3      13       3      18      13      18       3       0
  0.0000  0.0249  0.0290  0.0716  0.2705  0.2892  0.4334  0.5000
       3      13       3      18      13      18       3       0
 39   1  10   8
  0.0000  0.0249  0.0290  0.0716  0.2705  0.3127  0.3458  0.3534  0.4334  0.5000
       3      13       3      18      13      18      19      18       3       0


  0.0000  0.0249  0.0290  0.0705  0.2705  0.2892  0.4334  0.5000
       3      13       3      18      13      18       3       0
 39   2   8   8
  0.0000  0.0249  0.0290  0.0716  0.2705  0.2892  0.4334  0.5000
       3      13       3      18      13      18       3       0
  0.0000  0.0249  0.0290  0.0716  0.2705  0.2892  0.4334  0.5000
       3      13       3      18      13      18       3       0
 39   3  10   8
  0.0000  0.0249  0.0290  0.0716  0.2705  0.3127  0.3458  0.3534  0.4334  0.5000
       3      13       3      18      13      18      19      18       3       0


  0.0000  0.0249  0.0290  0.0716  0.2705  0.2892  0.4334  0.5000
       3      13       3      18      13      18       3       0
 39   4   8  10
  0.0000  0.0249  0.0290  0.0716  0.2705  0.2892  0.4334  0.5000
       3      13       3      18      13      18       3       0
  0.0000  0.0249  0.0290  0.0716  0.2705  0.3127  0.3458  0.3534  0.4334  0.5000
       3      13       3      18      13      18      19      18       3       0


 39   5   8  10
  0.0000  0.0249  0.0290  0.0716  0.2705  0.2892  0.4334  0.5000
       3      13       3      18      13      18       3       0
  0.0000  0.0249  0.0290  0.0716  0.2705  0.3127  0.3458  0.3534  0.4334  0.5000
       3      13       3      18      13      18      19      18       3       0


 39   6   8   8
  0.0000  0.0249  0.0290  0.0716  0.2705  0.3127  0.4334  0.5000
       3      13       3      18      13      18       3       0
  0.0000  0.0249  0.0290  0.0716  0.2705  0.2892  0.4334  0.5000
       3      13       3      18      13      18       3       0
 39   7  10   8
  0.0000  0.0249  0.0290  0.0716  0.2705  0.3127  0.3458  0.3534  0.4334  0.5000
       3      13       3      18      13      18      19      18       3       0


  0.0000  0.0249  0.0290  0.0705  0.2705  0.3127  0.4334  0.5000
       3      13       3      18      13      18       3       0
 39   8   8   8
  0.0000  0.0249  0.0290  0.0716  0.2705  0.2892  0.4334  0.5000
       3      13       3      18      13      18       3       0
  0.0000  0.0249  0.0290  0.0716  0.2705  0.2892  0.4334  0.5000
       3      13       3      18      13      18       3       0
 39   9   8   8
  0.0000  0.0249  0.0290  0.0716  0.2705  0.2892  0.4334  0.5000
       3      13       3      18      13      18       3       0
  0.0000  0.0249  0.0290  0.0716  0.2705  0.2892  0.4334  0.5000
       3      13       3      18      13      18       3       0
 39  10   8   8
  0.0000  0.0249  0.0290  0.0716  0.2705  0.2892  0.4334  0.5000
       3      13       3      18      13      18       3       0
  0.0000  0.0249  0.0290  0.0705  0.2705  0.3127  0.4334  0.5000
       3      13       3      18      13      18       3       0
 40   1  10  10
  0.0000  0.0249  0.0290  0.0716  0.2705  0.3127  0.3458  0.3534  0.4334  0.5000
       3      13       3      18      13      18      19      18       3       0


  0.0000  0.0249  0.0290  0.0716  0.2705  0.3127  0.3458  0.3534  0.4334  0.5000
       3      13       3      18      13      18      19      18       3       0


 40   2   8   8
  0.0000  0.0249  0.0290  0.0716  0.2705  0.2892  0.4334  0.5000
       3      13       3      18      13      18       3       0
  0.0000  0.0249  0.0290  0.0716  0.2705  0.2892  0.4334  0.5000
       3      13       3      18      13      18       3       0
 40   3   8  10
  0.0000  0.0249  0.0290  0.0716  0.2705  0.2892  0.4334  0.5000
       3      13       3      18      13      18       3       0
  0.0000  0.0249  0.0290  0.0705  0.2705  0.3127  0.3458  0.3534  0.4334  0.5000
       3      13       3      18      13      18      19      18       3       0


 40   4   8  10
  0.0000  0.0249  0.0290  0.0716  0.2705  0.2892  0.4334  0.5000
       3      13       3      18      13      18       3       0
  0.0000  0.0249  0.0290  0.0716  0.2705  0.3127  0.3458  0.3534  0.4334  0.5000
       3      13       3      18      13      18      19      18       3       0


 40   5   8   8
  0.0000  0.0249  0.0290  0.0716  0.2705  0.2892  0.4334  0.5000
       3      13       3      18      13      18       3       0
  0.0000  0.0249  0.0290  0.0716  0.2705  0.2892  0.4334  0.5000
       3      13       3      18      13      18       3       0
 40   6   8   8
  0.0000  0.0249  0.0290  0.0716  0.2705  0.2892  0.4334  0.5000
       3      13       3      18      13      18       3       0
  0.0000  0.0249  0.0290  0.0705  0.2705  0.3127  0.4334  0.5000
       3      13       3      18      13      18       3       0
 40   7   8   8
  0.0000  0.0249  0.0290  0.0716  0.2705  0.2892  0.4334  0.5000
       3      13       3      18      13      18       3       0
  0.0000  0.0249  0.0290  0.0716  0.2705  0.2892  0.4334  0.5000
       3      13       3      18      13      18       3       0
 40   8   8   8
  0.0000  0.0249  0.0290  0.0705  0.2705  0.3127  0.4334  0.5000
       3      13       3      18      13      18       3       0
  0.0000  0.0249  0.0290  0.0716  0.2705  0.2892  0.4334  0.5000
       3      13       3      18      13      18       3       0
 40   9   8   8
  0.0000  0.0249  0.0290  0.0716  0.2705  0.2892  0.4334  0.5000
       3      13       3      18      13      18       3       0
  0.0000  0.0249  0.0290  0.0716  0.2705  0.2892  0.4334  0.5000
       3      13       3      18      13      18       3       0
 40  10   8   8
  0.0000  0.0249  0.0290  0.0716  0.2705  0.2892  0.4334  0.5000
       3      13       3      18      13      18       3       0
  0.0000  0.0249  0.0290  0.0705  0.2705  0.3127  0.4334  0.5000
       3      13       3      18      13      18       3       0
