 ... generation ...    0
   1   0   0   2   2   2   2
  0.0000  1.0000
       1    ****
  0.0000  1.0000
       2    ****
  0.0000  1.0000
       0    ****
  0.0000  1.0000
       0    ****
   2   0   0   2   2   2   2
  0.0000  1.0000
       3    ****
  0.0000  1.0000
       4    ****
  0.0000  1.0000
       0    ****
  0.0000  1.0000
       0    ****
   3   0   0   2   2   2   2
  0.0000  1.0000
       5    ****
  0.0000  1.0000
       6    ****
  0.0000  1.0000
       0    ****
  0.0000  1.0000
       0    ****
   4   0   0   2   2   2   2
  0.0000  1.0000
       7    ****
  0.0000  1.0000
       8    ****
  0.0000  1.0000
       0    ****
  0.0000  1.0000
       0    ****
 ... generation ...    1
   1   4   2   4   2   2   2
  0.0000  0.0628  0.6640  1.0000
       8       7       8    ****
  0.0000  1.0000
       3    ****
  0.0000  1.0000
       0    ****
  0.0000  1.0000
       0    ****
   2   4   1   3   5   2   2
  0.0000  0.2103  1.0000
       7       8    ****
  0.0000  0.4211  0.9048  0.9132  1.0000
       2       1       2       1    ****
  0.0000  1.0000
       0    ****
  0.0000  1.0000
       0    ****
   3   4   1   4   2   2   2
  0.0000  0.6780  0.6958  1.0000
       8       7       8    ****
  0.0000  1.0000
       2    ****
  0.0000  1.0000
       0    ****
  0.0000  1.0000
       0    ****
   4   2   1   2   3   2   2
  0.0000  1.0000
       3    ****
  0.0000  0.5435  1.0000
       2       1    ****
  0.0000  1.0000
       0    ****
  0.0000  1.0000
       0    ****
 ... generation ...    2
   1   4   3   3   2   2   2
  0.0000  0.0901  1.0000
       2       3    ****
  0.0000  1.0000
       2    ****
  0.0000  1.0000
       0    ****
  0.0000  1.0000
       0    ****
   2   2   2   3   3   2   2
  0.0000  0.2103  1.0000
       7       8    ****
  0.0000  0.2103  1.0000
       7       8    ****
  0.0000  1.0000
       0    ****
  0.0000  1.0000
       0    ****
   3   3   2   4   6   2   2
  0.0000  0.6780  0.6958  1.0000
       8       7       8    ****
  0.0000  0.2103  0.5002  0.6444  0.9612  1.0000
       7       8       1       8       1    ****
  0.0000  1.0000
       0    ****
  0.0000  1.0000
       0    ****
   4   3   2   5   3   2   2
  0.0000  0.4627  0.6780  0.6958  1.0000
       2       8       7       8    ****
  0.0000  0.3869  1.0000
       2       8    ****
  0.0000  1.0000
       0    ****
  0.0000  1.0000
       0    ****
 ... generation ...    3
   1   4   4   3   5   2   2
  0.0000  0.3869  1.0000
       2       8    ****
  0.0000  0.4627  0.6780  0.6958  1.0000
       2       8       7       8    ****
  0.0000  1.0000
       0    ****
  0.0000  1.0000
       0    ****
   2   3   4   5   5   2   2
  0.0000  0.6212  0.6444  0.9612  1.0000
       8       1       8       1    ****
  0.0000  0.4627  0.6780  0.6958  1.0000
       2       8       7       8    ****
  0.0000  1.0000
       0    ****
  0.0000  1.0000
       0    ****
   3   3   2   7   3   2   2
  0.0000  0.2103  0.5002  0.6444  0.6780  0.6958  1.0000
       7       8       1       8       7       8    ****
  0.0000  0.2103  1.0000
       7       8    ****
  0.0000  1.0000
       0    ****
  0.0000  1.0000
       0    ****
   4   2   1   3   3   2   2
  0.0000  0.2103  1.0000
       7       8    ****
  0.0000  0.2058  1.0000
       2       3    ****
  0.0000  1.0000
       0    ****
  0.0000  1.0000
       0    ****
 ... generation ...    4
   1   2   4   5   3   2   2
  0.0000  0.4627  0.6780  0.6958  1.0000
       2       8       7       8    ****
  0.0000  0.2103  1.0000
       7       8    ****
  0.0000  1.0000
       0    ****
  0.0000  1.0000
       0    ****
   2   1   4   5   4   2   2
  0.0000  0.4627  0.6780  0.6958  1.0000
       2       8       7       8    ****
  0.0000  0.2103  0.5167  1.0000
       7       8       3    ****
  0.0000  1.0000
       0    ****
  0.0000  1.0000
       0    ****
   3   1   4   3   4   2   2
  0.0000  0.4627  1.0000
       2       8    ****
  0.0000  0.1446  0.2103  1.0000
       2       7       8    ****
  0.0000  1.0000
       0    ****
  0.0000  1.0000
       0    ****
   4   4   2   3   5   2   2
  0.0000  0.2058  1.0000
       2       3    ****
  0.0000  0.6212  0.6444  0.9612  1.0000
       8       1       8       1    ****
  0.0000  1.0000
       0    ****
  0.0000  1.0000
       0    ****
 ... generation ...    5
   1   3   2   3   5   2   2
  0.0000  0.3520  1.0000
       2       8    ****
  0.0000  0.4627  0.6780  0.6946  1.0000
       2       8       7       3    ****
  0.0000  1.0000
       0    ****
  0.0000  1.0000
       0    ****
   2   1   2   7   6   2   2
  0.0000  0.2103  0.3196  0.4592  0.6780  0.6958  1.0000
       7       8       2       8       7       8    ****
  0.0000  0.1220  0.2210  0.5167  0.7656  1.0000
       7       2       8       3       8    ****
  0.0000  1.0000
       0    ****
  0.0000  1.0000
       0    ****
   3   4   3   5   3   2   2
  0.0000  0.6212  0.6444  0.6894  1.0000
       8       1       8       3    ****
  0.0000  0.4627  1.0000
       2       8    ****
  0.0000  1.0000
       0    ****
  0.0000  1.0000
       0    ****
   4   2   2   4   5   2   2
  0.0000  0.2103  0.5167  1.0000
       7       8       3    ****
  0.0000  0.4627  0.6780  0.6958  1.0000
       2       8       7       8    ****
  0.0000  1.0000
       0    ****
  0.0000  1.0000
       0    ****
 ... generation ...    6
   1   1   3   3   6   2   2
  0.0000  0.3520  1.0000
       2       8    ****
  0.0000  0.3926  0.6212  0.6444  0.6894  1.0000
       2       8       1       8       3    ****
  0.0000  1.0000
       0    ****
  0.0000  1.0000
       0    ****
   2   2   4   6   5   2   2
  0.0000  0.1220  0.2210  0.5167  0.7656  1.0000
       7       2       8       3       8    ****
  0.0000  0.4627  0.6780  0.6958  1.0000
       2       8       7       8    ****
  0.0000  1.0000
       0    ****
  0.0000  1.0000
       0    ****
   3   3   1   7   3   2   2
  0.0000  0.1088  0.6212  0.6444  0.6894  0.8644  1.0000
       2       8       1       8       3       8    ****
  0.0000  0.3520  1.0000
       2       8    ****
  0.0000  1.0000
       0    ****
  0.0000  1.0000
       0    ****
   4   3   4   3   4   2   2
  0.0000  0.4627  1.0000
       2       8    ****
  0.0000  0.2103  0.5167  1.0000
       7       8       3    ****
  0.0000  1.0000
       0    ****
  0.0000  1.0000
       0    ****
 ... generation ...    7
   1   1   3   4   3   2   2
  0.0000  0.3579  0.7195  1.0000
       2       8       3    ****
  0.0000  0.3520  1.0000
       2       8    ****
  0.0000  1.0000
       0    ****
  0.0000  1.0000
       0    ****
   2   3   4   5   3   2   2
  0.0000  0.1088  0.2127  0.3520  1.0000
       2       8       2       8    ****
  0.0000  0.4627  1.0000
       2       8    ****
  0.0000  1.0000
       0    ****
  0.0000  1.0000
       0    ****
   3   2   2   5   6   2   2
  0.0000  0.4627  0.6780  0.6958  1.0000
       2       8       7       8    ****
  0.0000  0.1175  0.4627  0.6780  0.6958  1.0000
       7       2       8       7       8    ****
  0.0000  1.0000
       0    ****
  0.0000  1.0000
       0    ****
   4   1   2   3   9   2   2
  0.0000  0.3520  1.0000
       2       8    ****
  0.0000  0.1130  0.1220  0.2210  0.2731  0.4627  0.6780  0.6958  1.0000
       2       7       2       8       2       8       7       8    ****
  0.0000  1.0000
       0    ****
  0.0000  1.0000
       0    ****
 ... generation ...    8
   1   3   2   6   5   2   2
  0.0000  0.1175  0.4627  0.6780  0.6958  1.0000
       7       2       8       7       8    ****
  0.0000  0.3520  0.4270  0.4627  1.0000
       2       8       2       8    ****
  0.0000  1.0000
       0    ****
  0.0000  1.0000
       0    ****
   2   4   4   7   9   2   2
  0.0000  0.1130  0.1220  0.2210  0.2731  0.3520  1.0000
       2       7       2       8       2       8    ****
  0.0000  0.1130  0.1220  0.3520  0.3935  0.4627  0.6780  0.6958  1.0000
       2       7       2       8       2       8       7       8    ****
  0.0000  1.0000
       0    ****
  0.0000  1.0000
       0    ****
   3   1   3   3   6   2   2
  0.0000  0.3579  1.0000
       2       8    ****
  0.0000  0.1175  0.4627  0.6780  0.6958  1.0000
       7       2       8       7       8    ****
  0.0000  1.0000
       0    ****
  0.0000  1.0000
       0    ****
   4   3   2   6   5   2   2
  0.0000  0.1175  0.4627  0.6780  0.6958  1.0000
       7       2       8       7       8    ****
  0.0000  0.1088  0.2127  0.3520  1.0000
       2       8       2       8    ****
  0.0000  1.0000
       0    ****
  0.0000  1.0000
       0    ****
 ... generation ...    9
   1   2   4  11   5   2   2
  0.0000  0.1130  0.1220  0.2210  0.2731  0.3520  0.4390  0.4627  0.6780  0.6958
       2       7       2       8       2       8       2       8       7       8
  1.0000
    ****
  0.0000  0.1088  0.2127  0.3520  1.0000
       2       8       2       8    ****
  0.0000  1.0000
       0    ****
  0.0000  1.0000
       0    ****
   2   1   1   5   4   2   2
  0.0000  0.3520  0.4270  0.4627  1.0000
       2       8       2       8    ****
  0.0000  0.1175  0.4627  1.0000
       7       2       8    ****
  0.0000  1.0000
       0    ****
  0.0000  1.0000
       0    ****
   3   4   1   5   6   2   2
  0.0000  0.1088  0.2127  0.3520  1.0000
       2       8       2       8    ****
  0.0000  0.1175  0.4627  0.6780  0.6958  1.0000
       7       2       8       7       8    ****
  0.0000  1.0000
       0    ****
  0.0000  1.0000
       0    ****
   4   2   3   5   5   2   2
  0.0000  0.1130  0.1220  0.3520  1.0000
       2       7       2       8    ****
  0.0000  0.3579  0.6780  0.6958  1.0000
       2       8       7       8    ****
  0.0000  1.0000
       0    ****
  0.0000  1.0000
       0    ****
 ... generation ...   10
   1   2   3   3   6   2   2
  0.0000  0.4627  1.0000
       2       8    ****
  0.0000  0.1175  0.4627  0.6780  0.6958  1.0000
       7       2       8       7       8    ****
  0.0000  1.0000
       0    ****
  0.0000  1.0000
       0    ****
   2   4   3   3   6   2   2
  0.0000  0.3520  1.0000
       2       8    ****
  0.0000  0.1175  0.4627  0.6780  0.6958  1.0000
       7       2       8       7       8    ****
  0.0000  1.0000
       0    ****
  0.0000  1.0000
       0    ****
   3   4   2   5   4   2   2
  0.0000  0.1130  0.1220  0.3520  1.0000
       2       7       2       8    ****
  0.0000  0.1175  0.4627  1.0000
       7       2       8    ****
  0.0000  1.0000
       0    ****
  0.0000  1.0000
       0    ****
   4   3   3   6   6   2   2
  0.0000  0.1175  0.4627  0.6780  0.6958  1.0000
       7       2       8       7       8    ****
  0.0000  0.1175  0.4627  0.6780  0.6958  1.0000
       7       2       8       7       8    ****
  0.0000  1.0000
       0    ****
  0.0000  1.0000
       0    ****
