 ... generation ...    0
   1   0   0   2   2   2   2
  0.0000  1.0000
       1    ****
  0.0000  1.0000
       2    ****
  0.0000  1.0000
       0    ****
  0.0000  1.0000
       0    ****
   2   0   0   2   2   2   2
  0.0000  1.0000
       3    ****
  0.0000  1.0000
       4    ****
  0.0000  1.0000
       0    ****
  0.0000  1.0000
       0    ****
   3   0   0   2   2   2   2
  0.0000  1.0000
       5    ****
  0.0000  1.0000
       6    ****
  0.0000  1.0000
       0    ****
  0.0000  1.0000
       0    ****
   4   0   0   2   2   2   2
  0.0000  1.0000
       7    ****
  0.0000  1.0000
       8    ****
  0.0000  1.0000
       0    ****
  0.0000  1.0000
       0    ****
 ... generation ...    1
   1   3   1   4   4   2   4
  0.0000  0.2294  0.8720  1.0000
       6       5       6    ****
  0.0000  0.1107  0.5193  1.0000
       1       2       1    ****
  0.0000  1.0000
       0    ****
  0.0000  0.1107  0.5193  1.0000
       1      -1       1    ****
   2   1   1   4   5   4   5
  0.0000  0.1379  0.2378  1.0000
       1       2       1    ****
  0.0000  0.0993  0.2849  0.8276  1.0000
       1       2       1       2    ****
  0.0000  0.1379  0.2378  1.0000
       1      -1       1    ****
  0.0000  0.0993  0.2849  0.8276  1.0000
       1      -1       1      -1    ****
   3   3   1   4   2   2   2
  0.0000  0.1604  0.4517  1.0000
       5       6       5    ****
  0.0000  1.0000
       2    ****
  0.0000  1.0000
       0    ****
  0.0000  1.0000
      -1    ****
   4   4   1   3   3   2   3
  0.0000  0.3869  1.0000
       8       7    ****
  0.0000  0.5631  1.0000
       1       2    ****
  0.0000  1.0000
       0    ****
  0.0000  0.5631  1.0000
       1      -1    ****
 ... generation ...    2
   1   4   3   4   5   4   2
  0.0000  0.2073  0.3869  1.0000
       1       8       7    ****
  0.0000  0.0012  0.0072  0.9998  1.0000
       2       5       2       5    ****
  0.0000  0.2073  0.5631  1.0000
       1      -1       0    ****
  0.0000  1.0000
       0    ****
   2   3   2   4   4   2   7
  0.0000  0.8903  0.9436  1.0000
       2       5       2    ****
  0.0000  0.0993  0.2849  1.0000
       1       2       1    ****
  0.0000  1.0000
       0    ****
  0.0000  0.0993  0.1379  0.2378  0.2849  0.8276  1.0000
       0      -1       0      -1       0       1    ****
   3   3   1   5   4   2   4
  0.0000  0.1269  0.1604  0.4517  1.0000
       2       5       6       5    ****
  0.0000  0.2294  0.8720  1.0000
       6       5       6    ****
  0.0000  1.0000
       0    ****
  0.0000  0.1107  0.5193  1.0000
      -1       0      -1    ****
   4   3   4   4   3   2   3
  0.0000  0.1604  0.4517  1.0000
       5       6       5    ****
  0.0000  0.5631  1.0000
       1       2    ****
  0.0000  1.0000
       0    ****
  0.0000  0.5631  1.0000
       1       0    ****
 ... generation ...    3
   1   1   2   9   5   4   7
  0.0000  0.0012  0.0072  0.0827  0.2073  0.3869  0.4219  0.9998  1.0000
       2       5       2       1       8       7       2       5    ****
  0.0000  0.6660  0.7291  0.7793  1.0000
       2       1       2       1    ****
  0.0000  0.0827  0.2073  1.0000
      -1       1       0    ****
  0.0000  0.0993  0.2849  0.6660  0.7291  0.7793  1.0000
      -1       0      -1       1      -1       1    ****
   2   3   3   5   6   2   2
  0.0000  0.2294  0.8720  0.9018  1.0000
       6       5       6       5    ****
  0.0000  0.0356  0.1211  0.2294  0.8720  1.0000
       6       2       6       5       6    ****
  0.0000  1.0000
       0    ****
  0.0000  1.0000
       0    ****
   3   3   3   4   4   2   2
  0.0000  0.2294  0.8720  1.0000
       6       5       6    ****
  0.0000  0.2294  0.8720  1.0000
       6       5       6    ****
  0.0000  1.0000
       0    ****
  0.0000  1.0000
       0    ****
   4   1   2   7   4   3   4
  0.0000  0.2073  0.3198  0.7313  0.8151  0.9998  1.0000
       1       8       2       7       2       5    ****
  0.0000  0.8903  0.9436  1.0000
       2       5       2    ****
  0.0000  0.2073  1.0000
       1       0    ****
  0.0000  0.0993  0.2849  1.0000
      -1       0      -1    ****
 ... generation ...    4
   1   2   3   7   4   2   2
  0.0000  0.0356  0.0357  0.2294  0.8720  0.9018  1.0000
       6       2       6       5       6       5    ****
  0.0000  0.2294  0.8720  1.0000
       6       5       6    ****
  0.0000  1.0000
       0    ****
  0.0000  1.0000
       0    ****
   2   1   2   9   7   8   2
  0.0000  0.0012  0.0072  0.6660  0.7291  0.7793  0.8892  0.9998  1.0000
       2       5       2       1       2       1       2       5    ****
  0.0000  0.0356  0.1211  0.2294  0.8720  0.9939  1.0000
       6       2       6       5       6       5    ****
  0.0000  0.0827  0.2073  0.6660  0.7291  0.7793  0.8892  1.0000
       0      -1       0       1       0       1      -1    ****
  0.0000  1.0000
       0    ****
   3   2   4   6   5   2   3
  0.0000  0.0356  0.1211  0.2294  0.8720  1.0000
       6       2       6       5       6    ****
  0.0000  0.7313  0.8151  0.9998  1.0000
       2       7       2       5    ****
  0.0000  1.0000
       0    ****
  0.0000  0.2073  1.0000
      -1       0    ****
   4   1   4   5   7   7   3
  0.0000  0.6660  0.7291  0.7793  1.0000
       2       1       2       1    ****
  0.0000  0.2073  0.3198  0.7313  0.8151  0.9998  1.0000
       1       8       2       7       2       5    ****
  0.0000  0.0827  0.2073  0.6660  0.7291  0.7793  1.0000
       0      -1       0       1       0       1    ****
  0.0000  0.2073  1.0000
       1       0    ****
 ... generation ...    5
   1   1   2   7   8   2   6
  0.0000  0.0356  0.0357  0.2294  0.8720  0.9018  1.0000
       6       2       6       5       6       5    ****
  0.0000  0.0356  0.6660  0.7291  0.7793  0.8892  0.9998  1.0000
       6       2       1       2       1       2       5    ****
  0.0000  1.0000
       0    ****
  0.0000  0.6660  0.7291  0.7793  0.8892  1.0000
       0       1       0       1       0    ****
   2   3   3   5   8   2   2
  0.0000  0.7313  0.8151  0.9998  1.0000
       2       7       2       5    ****
  0.0000  0.0356  0.1211  0.2294  0.6627  0.7127  0.8720  1.0000
       6       2       6       5       2       5       6    ****
  0.0000  1.0000
       0    ****
  0.0000  1.0000
       0    ****
   3   3   1   6   5   2   2
  0.0000  0.0356  0.1211  0.2294  0.8720  1.0000
       6       2       6       5       6    ****
  0.0000  0.2294  0.8720  0.9707  1.0000
       6       5       6       5    ****
  0.0000  1.0000
       0    ****
  0.0000  1.0000
       0    ****
   4   1   1   7   7   2   2
  0.0000  0.0356  0.0357  0.2294  0.8720  0.9018  1.0000
       6       2       6       5       6       5    ****
  0.0000  0.0356  0.0357  0.2294  0.8720  0.9018  1.0000
       6       2       6       5       6       5    ****
  0.0000  1.0000
       0    ****
  0.0000  1.0000
       0    ****
 ... generation ...    6
   1   4   4   7   7   2   2
  0.0000  0.0356  0.0357  0.2294  0.8720  0.9018  1.0000
       6       2       6       5       6       5    ****
  0.0000  0.0356  0.0357  0.2294  0.8720  0.9018  1.0000
       6       2       6       5       6       5    ****
  0.0000  1.0000
       0    ****
  0.0000  1.0000
       0    ****
   2   3   3   4   7   2   2
  0.0000  0.2294  0.8720  1.0000
       6       5       6    ****
  0.0000  0.0356  0.1211  0.2294  0.8720  0.9707  1.0000
       6       2       6       5       6       5    ****
  0.0000  1.0000
       0    ****
  0.0000  1.0000
       0    ****
   3   1   1   8  10   7   6
  0.0000  0.0356  0.0357  0.2294  0.8584  0.8892  0.9998  1.0000
       6       2       6       5       1       2       5    ****
  0.0000  0.0356  0.0357  0.1193  0.6660  0.7291  0.7793  0.8892  0.9998  1.0000
       6       2       6       2       1       2       1       2       5    ****
  0.0000  0.6660  0.7291  0.7793  0.8584  0.8892  1.0000
       0      -1       0      -1       1       0    ****
  0.0000  0.6660  0.7291  0.7793  0.8892  1.0000
       0       1       0       1       0    ****
   4   4   4   7   7   2   2
  0.0000  0.0356  0.0357  0.2294  0.8720  0.9018  1.0000
       6       2       6       5       6       5    ****
  0.0000  0.0356  0.0357  0.2294  0.8720  0.9018  1.0000
       6       2       6       5       6       5    ****
  0.0000  1.0000
       0    ****
  0.0000  1.0000
       0    ****
 ... generation ...    7
   1   4   3   7  10   2   6
  0.0000  0.0356  0.0357  0.2294  0.8720  0.9018  1.0000
       6       2       6       5       6       5    ****
  0.0000  0.0356  0.0357  0.1864  0.6660  0.7291  0.7793  0.8892  0.9998  1.0000
       6       2       6       2       1       2       1       2       5    ****
  0.0000  1.0000
       0    ****
  0.0000  0.6660  0.7291  0.7793  0.8584  1.0000
       0       1       0       1       0    ****
   2   4   3   7   8   2   6
  0.0000  0.0356  0.0357  0.2294  0.8720  0.9018  1.0000
       6       2       6       5       6       5    ****
  0.0000  0.0356  0.0357  0.2294  0.8584  0.8892  0.9998  1.0000
       6       2       6       5       1       2       5    ****
  0.0000  1.0000
       0    ****
  0.0000  0.6660  0.7291  0.7793  0.8584  1.0000
       0      -1       0      -1       0    ****
   3   2   3   4   8   2   6
  0.0000  0.2294  0.8720  1.0000
       6       5       6    ****
  0.0000  0.0356  0.0357  0.2294  0.8584  0.8892  0.9998  1.0000
       6       2       6       5       1       2       5    ****
  0.0000  1.0000
       0    ****
  0.0000  0.6660  0.7291  0.7793  0.8584  1.0000
       0      -1       0      -1       0    ****
   4   4   1   7   7   2   2
  0.0000  0.0356  0.0357  0.2294  0.8720  0.9018  1.0000
       6       2       6       5       6       5    ****
  0.0000  0.0356  0.0357  0.2294  0.8720  0.9018  1.0000
       6       2       6       5       6       5    ****
  0.0000  1.0000
       0    ****
  0.0000  1.0000
       0    ****
 ... generation ...    8
   1   2   1   8   8   4   6
  0.0000  0.0356  0.0357  0.2294  0.8584  0.8892  0.9998  1.0000
       6       2       6       5       1       2       5    ****
  0.0000  0.0356  0.0357  0.1864  0.3987  0.8720  0.9018  1.0000
       6       2       6       2       5       6       5    ****
  0.0000  0.8584  0.8892  1.0000
       0       1       0    ****
  0.0000  0.6660  0.7291  0.7793  0.8892  1.0000
       0      -1       0      -1       0    ****
   2   4   1   7  10   2   6
  0.0000  0.0356  0.0357  0.2294  0.8720  0.9018  1.0000
       6       2       6       5       6       5    ****
  0.0000  0.0356  0.0357  0.1864  0.6660  0.7291  0.7793  0.8892  0.9998  1.0000
       6       2       6       2       1       2       1       2       5    ****
  0.0000  1.0000
       0    ****
  0.0000  0.6660  0.7291  0.7793  0.8892  1.0000
       0       1       0       1       0    ****
   3   3   1   4   8   4   6
  0.0000  0.2294  0.8720  1.0000
       6       5       6    ****
  0.0000  0.0356  0.0357  0.2031  0.2944  0.8720  0.9018  1.0000
       6       2       6       2       5       6       5    ****
  0.0000  0.8584  0.8892  1.0000
       0      -1       0    ****
  0.0000  0.6660  0.7291  0.7793  0.8892  1.0000
       0      -1       0      -1       0    ****
   4   4   4   7   7   2   2
  0.0000  0.0356  0.0357  0.2294  0.8720  0.9018  1.0000
       6       2       6       5       6       5    ****
  0.0000  0.0356  0.0357  0.2294  0.8720  0.9018  1.0000
       6       2       6       5       6       5    ****
  0.0000  1.0000
       0    ****
  0.0000  1.0000
       0    ****
 ... generation ...    9
   1   4   3   7   4   2   2
  0.0000  0.0356  0.0357  0.2294  0.8720  0.9018  1.0000
       6       2       6       5       6       5    ****
  0.0000  0.2294  0.8720  1.0000
       6       5       6    ****
  0.0000  1.0000
       0    ****
  0.0000  1.0000
       0    ****
   2   3   3   7   5   2   2
  0.0000  0.0356  0.0357  0.2031  0.2944  0.8720  1.0000
       6       2       6       2       5       6    ****
  0.0000  0.2294  0.8720  0.9018  1.0000
       6       5       6       5    ****
  0.0000  1.0000
       0    ****
  0.0000  1.0000
       0    ****
   3   2   2  10  10   7   6
  0.0000  0.0356  0.0357  0.2294  0.6983  0.7291  0.7793  0.8892  0.9998  1.0000
       6       2       6       5       1       2       1       2       5    ****
  0.0000  0.0356  0.0357  0.1864  0.6660  0.7291  0.7793  0.8892  0.9998  1.0000
       6       2       6       2       1       2       1       2       5    ****
  0.0000  0.6660  0.6983  0.7291  0.7793  0.8892  1.0000
       0      -1       1       0       1       0    ****
  0.0000  0.6660  0.7291  0.7793  0.8892  1.0000
       0       1       0       1       0    ****
   4   1   3  11   6   6   2
  0.0000  0.0356  0.0357  0.1864  0.3987  0.8584  0.8780  0.8783  0.8892  0.9998
       6       2       6       2       5       1       6       1       2       5
  1.0000
    ****
  0.0000  0.0356  0.0357  0.2294  0.8720  1.0000
       6       2       6       5       6    ****
  0.0000  0.8584  0.8780  0.8783  0.8892  1.0000
       0       1      -1       1       0    ****
  0.0000  1.0000
       0    ****
 ... generation ...   10
   1   3   3  12  10   4   4
  0.0000  0.0356  0.0357  0.1864  0.1904  0.2294  0.6983  0.7291  0.7793  0.8892
       6       2       6       2       6       5       1       2       1       2
  0.9998  1.0000
       5    ****
  0.0000  0.0356  0.0357  0.2031  0.6660  0.7291  0.7793  0.8892  0.9998  1.0000
       6       2       6       2       1       2       1       2       5    ****
  0.0000  0.6660  0.6983  1.0000
       0      -1       0    ****
  0.0000  0.6660  0.6983  1.0000
       0       1       0    ****
   2   1   1   7   5   2   2
  0.0000  0.0356  0.0357  0.2294  0.8720  0.9018  1.0000
       6       2       6       5       6       5    ****
  0.0000  0.2294  0.8720  0.9018  1.0000
       6       5       6       5    ****
  0.0000  1.0000
       0    ****
  0.0000  1.0000
       0    ****
   3   1   4   7  12   2   6
  0.0000  0.0356  0.0357  0.2294  0.8720  0.9018  1.0000
       6       2       6       5       6       5    ****
  0.0000  0.0356  0.0357  0.2294  0.3267  0.3987  0.8584  0.8780  0.8783  0.8892
       6       2       6       5       2       5       1       6       1       2
  0.9998  1.0000
       5    ****
  0.0000  1.0000
       0    ****
  0.0000  0.8584  0.8780  0.8783  0.8892  1.0000
       0       1       0       1       0    ****
   4   4   1  10   4   6   2
  0.0000  0.0356  0.0357  0.2294  0.8584  0.8780  0.8783  0.8892  0.9998  1.0000
       6       2       6       5       1       6       1       2       5    ****
  0.0000  0.2294  0.8720  1.0000
       6       5       6    ****
  0.0000  0.8584  0.8780  0.8783  0.8892  1.0000
       0       1       0       1       0    ****
  0.0000  1.0000
       0    ****
