  0   1   2   2
  0.0000  0.5000
       1       0
  0.0000  0.5000
       2       0
  0   2   2   2
  0.0000  0.5000
       3       0
  0.0000  0.5000
       4       0
  0   3   2   2
  0.0000  0.5000
       5       0
  0.0000  0.5000
       6       0
  0   4   2   2
  0.0000  0.5000
       7       0
  0.0000  0.5000
       8       0
  0   5   2   2
  0.0000  0.5000
       9       0
  0.0000  0.5000
      10       0
  0   6   2   2
  0.0000  0.5000
      11       0
  0.0000  0.5000
      12       0
  0   7   2   2
  0.0000  0.5000
      13       0
  0.0000  0.5000
      14       0
  0   8   2   2
  0.0000  0.5000
      15       0
  0.0000  0.5000
      16       0
  0   9   2   2
  0.0000  0.5000
      17       0
  0.0000  0.5000
      18       0
  0  10   2   2
  0.0000  0.5000
      19       0
  0.0000  0.5000
      20       0
  1   1   2   3
  0.0000  0.5000
      19       0
  0.0000  0.2466  0.5000
       5       6       0
  1   2   2   3
  0.0000  0.5000
       6       0
  0.0000  0.0247  0.5000
      15      16       0
  1   3   3   2
  0.0000  0.1387  0.5000
       8       7       0
  0.0000  0.5000
      11       0
  1   4   2   4
  0.0000  0.5000
       4       0
  0.0000  0.1066  0.3421  0.5000
       6       5       6       0
  1   5   2   2
  0.0000  0.5000
      17       0
  0.0000  0.5000
      15       0
  1   6   2   2
  0.0000  0.5000
      18       0
  0.0000  0.5000
      10       0
  1   7   3   2
  0.0000  0.0651  0.5000
      18      17       0
  0.0000  0.5000
      13       0
  1   8   2   2
  0.0000  0.5000
       1       0
  0.0000  0.5000
      16       0
  1   9   2   2
  0.0000  0.5000
       9       0
  0.0000  0.5000
      14       0
  1  10   2   2
  0.0000  0.5000
       9       0
  0.0000  0.5000
      12       0
  2   1   3   3
  0.0000  0.2262  0.5000
      11       7       0
  0.0000  0.3247  0.5000
      18      10       0
  2   2   2   3
  0.0000  0.5000
      10       0
  0.0000  0.1387  0.5000
       8       7       0
  2   3   2   3
  0.0000  0.5000
      10       0
  0.0000  0.3174  0.5000
      14       9       0
  2   4   4   2
  0.0000  0.1066  0.3000  0.5000
       6       5       4       0
  0.0000  0.5000
       1       0
  2   5   3   3
  0.0000  0.1387  0.5000
       8       7       0
  0.0000  0.0491  0.5000
       6       4       0
  2   6   2   2
  0.0000  0.5000
      18       0
  0.0000  0.5000
       9       0
  2   7   3   3
  0.0000  0.1387  0.5000
       8       7       0
  0.0000  0.0422  0.5000
      17      15       0
  2   8   4   3
  0.0000  0.1387  0.3638  0.5000
       8       7      11       0
  0.0000  0.4807  0.5000
       6      16       0
  2   9   3   5
  0.0000  0.0247  0.5000
      15      16       0
  0.0000  0.1278  0.1787  0.2368  0.5000
      10      18      10      18       0
  2  10   2   4
  0.0000  0.5000
      17       0
  0.0000  0.2526  0.3421  0.5000
       4       5       6       0
  3   1   2   3
  0.0000  0.5000
      10       0
  0.0000  0.2262  0.5000
      11       7       0
  3   2   4   4
  0.0000  0.2262  0.4005  0.5000
      11       7      10       0
  0.0000  0.1387  0.3638  0.5000
       8       7      11       0
  3   3   3   4
  0.0000  0.3174  0.5000
      14       9       0
  0.0000  0.2995  0.3421  0.5000
      17       5       6       0
  3   4   4   3
  0.0000  0.0491  0.4751  0.5000
       6       4       7       0
  0.0000  0.0422  0.5000
      17      15       0
  3   5   3   3
  0.0000  0.3247  0.5000
      18      10       0
  0.0000  0.3861  0.5000
      17       6       0
  3   6   3   6
  0.0000  0.4735  0.5000
      10       9       0
  0.0000  0.1278  0.1787  0.2368  0.3080  0.5000
      10      18      10      18      16       0
  3   7   4   5
  0.0000  0.1688  0.3247  0.5000
      11      18      10       0
  0.0000  0.3174  0.3429  0.3494  0.5000
      14       9      10       9       0
  3   8   3   3
  0.0000  0.4066  0.5000
      10       7       0
  0.0000  0.2211  0.5000
       4      17       0
  3   9   4   3
  0.0000  0.2526  0.3421  0.5000
       4       5       6       0
  0.0000  0.1050  0.5000
       8      10       0
  3  10   4   3
  0.0000  0.2800  0.3000  0.5000
       1       5       4       0
  0.0000  0.1387  0.5000
       8       7       0
  4   1   4   6
  0.0000  0.0549  0.2211  0.5000
      10       4      17       0
  0.0000  0.1387  0.2319  0.2800  0.3000  0.5000
       8       7       1       5       4       0
  4   2   4   3
  0.0000  0.1387  0.3529  0.5000
       8       7       4       0
  0.0000  0.3174  0.5000
      14       9       0
  4   3   6   3
  0.0000  0.1278  0.1787  0.2368  0.3080  0.5000
      10      18      10      18      16       0
  0.0000  0.1050  0.5000
       8      10       0
  4   4   4   4
  0.0000  0.2252  0.3174  0.5000
      17      14       9       0
  0.0000  0.0948  0.1387  0.5000
       1       8       7       0
  4   5   4   4
  0.0000  0.2557  0.3080  0.5000
      10      18      16       0
  0.0000  0.1050  0.3836  0.5000
       8      10       6       0
  4   6   5   4
  0.0000  0.2800  0.3000  0.3566  0.5000
       1       5       4       7       0
  0.0000  0.2800  0.3000  0.5000
       1       5       4       0
  4   7   3   6
  0.0000  0.1387  0.5000
       8       7       0
  0.0000  0.1278  0.1787  0.2368  0.3080  0.5000
      10      18      10      18      16       0
  4   8   4   3
  0.0000  0.2800  0.3000  0.5000
       1       5       4       0
  0.0000  0.0422  0.5000
      17      15       0
  4   9   3   3
  0.0000  0.4066  0.5000
      10       7       0
  0.0000  0.0422  0.5000
      17      15       0
  4  10   3   5
  0.0000  0.2262  0.5000
      11       7       0
  0.0000  0.1050  0.3228  0.3421  0.5000
       8      10       5       6       0
  5   1   5   5
  0.0000  0.1050  0.3228  0.3421  0.5000
       8      10       5       6       0
  0.0000  0.0433  0.1387  0.4517  0.5000
      10       8       7      16       0
  5   2   6   4
  0.0000  0.1278  0.1787  0.2368  0.3080  0.5000
      10      18      10      18      16       0
  0.0000  0.4066  0.4297  0.5000
      10       7      15       0
  5   3   6   3
  0.0000  0.1278  0.1787  0.2368  0.2531  0.5000
      10      18      10      18      10       0
  0.0000  0.3174  0.5000
      14       9       0
  5   4   3   6
  0.0000  0.4066  0.5000
      10       7       0
  0.0000  0.1387  0.2319  0.2800  0.3000  0.5000
       8       7       1       5       4       0
  5   5   6   4
  0.0000  0.1387  0.2319  0.2800  0.3000  0.5000
       8       7       1       5       4       0
  0.0000  0.2800  0.3000  0.5000
       1       5       4       0
  5   6   4   4
  0.0000  0.1050  0.4820  0.5000
       8      10      16       0
  0.0000  0.2252  0.3174  0.5000
      17      14       9       0
  5   7   4   3
  0.0000  0.0719  0.1387  0.5000
      10       8       7       0
  0.0000  0.4066  0.5000
      10       7       0
  5   8   4   4
  0.0000  0.2252  0.3174  0.5000
      17      14       9       0
  0.0000  0.2800  0.3000  0.5000
       1       5       4       0
  5   9   4   4
  0.0000  0.2252  0.2781  0.5000
      17      14       7       0
  0.0000  0.2252  0.3174  0.5000
      17      14       9       0
  5  10   7   5
  0.0000  0.1387  0.2319  0.2800  0.3000  0.4268  0.5000
       8       7       1       5       4      17       0
  0.0000  0.0422  0.1297  0.4066  0.5000
      17      15      10       7       0
  6   1   6   5
  0.0000  0.1278  0.1787  0.2368  0.2531  0.5000
      10      18      10      18      10       0
  0.0000  0.1374  0.2252  0.3174  0.5000
       1      17      14       9       0
  6   2   5   7
  0.0000  0.1050  0.3228  0.3421  0.5000
       8      10       5       6       0
  0.0000  0.1387  0.2319  0.2800  0.3000  0.4268  0.5000
       8       7       1       5       4      17       0
  6   3   7   4
  0.0000  0.1387  0.2319  0.2800  0.3000  0.4268  0.5000
       8       7       1       5       4      17       0
  0.0000  0.4066  0.4297  0.5000
      10       7      15       0
  6   4   7   4
  0.0000  0.1278  0.1787  0.2368  0.2531  0.3475  0.5000
      10      18      10      18      10       9       0
  0.0000  0.2800  0.3000  0.5000
       1       5       4       0
  6   5   7   4
  0.0000  0.0532  0.2131  0.2800  0.3000  0.4285  0.5000
       1      17       1       5       4       9       0
  0.0000  0.2252  0.2781  0.5000
      17      14       7       0
  6   6   4   6
  0.0000  0.2252  0.3174  0.5000
      17      14       9       0
  0.0000  0.1387  0.1891  0.2800  0.3000  0.5000
       8       7       1       5       4       0
  6   7   6   5
  0.0000  0.1278  0.1787  0.4066  0.4297  0.5000
      10      18      10       7      15       0
  0.0000  0.0549  0.2252  0.3174  0.5000
       1      17      14       9       0
  6   8   5   5
  0.0000  0.0433  0.1387  0.4517  0.5000
      10       8       7      16       0
  0.0000  0.2252  0.3174  0.4721  0.5000
      17      14       9       4       0
  6   9   6   5
  0.0000  0.1278  0.1787  0.2368  0.2531  0.5000
      10      18      10      18      10       0
  0.0000  0.0734  0.2800  0.3000  0.5000
      17       1       5       4       0
  6  10   3   5
  0.0000  0.4066  0.5000
      10       7       0
  0.0000  0.2125  0.2368  0.2531  0.5000
      14      10      18      10       0
  7   1   3   6
  0.0000  0.0884  0.5000
      14      10       0
  0.0000  0.1278  0.1787  0.4066  0.4297  0.5000
      10      18      10       7      15       0
  7   2   6   7
  0.0000  0.0433  0.1387  0.3307  0.4721  0.5000
      10       8       7       9       4       0
  0.0000  0.1050  0.3228  0.3421  0.3698  0.4268  0.5000
       8      10       5       6       4      17       0
  7   3   5   5
  0.0000  0.0549  0.2252  0.3174  0.5000
       1      17      14       9       0
  0.0000  0.0104  0.2800  0.3000  0.5000
      10       1       5       4       0
  7   4   6   7
  0.0000  0.1278  0.1787  0.4066  0.4297  0.5000
      10      18      10       7      15       0
  0.0000  0.0164  0.1278  0.1787  0.2368  0.2531  0.5000
       1      10      18      10      18      10       0
  7   5   7   7
  0.0000  0.1387  0.2319  0.2800  0.3000  0.4268  0.5000
       8       7       1       5       4      17       0
  0.0000  0.1278  0.1787  0.2015  0.2800  0.3000  0.5000
      10      18      10       1       5       4       0
  7   6   5   5
  0.0000  0.1374  0.2252  0.3174  0.5000
       1      17      14       9       0
  0.0000  0.1050  0.3228  0.3421  0.5000
       8      10       5       6       0
  7   7   7   7
  0.0000  0.0532  0.2131  0.2800  0.3000  0.4285  0.5000
       1      17       1       5       4       9       0
  0.0000  0.0734  0.1903  0.2026  0.2800  0.3000  0.5000
      17       1      10       1       5       4       0
  7   8   4   4
  0.0000  0.2252  0.3174  0.5000
      17      14       9       0
  0.0000  0.4066  0.4297  0.5000
      10       7      15       0
  7   9   5   5
  0.0000  0.2125  0.2368  0.2531  0.5000
      14      10      18      10       0
  0.0000  0.1278  0.1787  0.3315  0.5000
      10      18      10       9       0
  7  10   7   7
  0.0000  0.1387  0.2319  0.2800  0.3000  0.4268  0.5000
       8       7       1       5       4      17       0
  0.0000  0.1387  0.2319  0.2390  0.4066  0.4297  0.5000
       8       7       1      10       7      15       0
  8   1   6   6
  0.0000  0.0104  0.2800  0.3000  0.4685  0.5000
      10       1       5       4       9       0
  0.0000  0.1278  0.1787  0.4066  0.4297  0.5000
      10      18      10       7      15       0
  8   2   5   9
  0.0000  0.1278  0.1787  0.3315  0.5000
      10      18      10       9       0
  0.0000  0.0433  0.1387  0.3107  0.3228  0.3421  0.3698  0.4268  0.5000
      10       8       7      10       5       6       4      17       0
  8   3   7   7
  0.0000  0.1278  0.1787  0.2015  0.2800  0.3000  0.5000
      10      18      10       1       5       4       0
  0.0000  0.1387  0.2319  0.2390  0.4066  0.4297  0.5000
       8       7       1      10       7      15       0
  8   4   6   5
  0.0000  0.1278  0.1787  0.4066  0.4297  0.5000
      10      18      10       7      15       0
  0.0000  0.1061  0.4066  0.4297  0.5000
      17      10       7      15       0
  8   5   7   4
  0.0000  0.1387  0.2319  0.2390  0.4066  0.4297  0.5000
       8       7       1      10       7      15       0
  0.0000  0.1278  0.1787  0.5000
      10      18      10       0
  8   6   7   5
  0.0000  0.0532  0.2131  0.2800  0.3000  0.4285  0.5000
       1      17       1       5       4       9       0
  0.0000  0.2125  0.2368  0.2531  0.5000
      14      10      18      10       0
  8   7   6   6
  0.0000  0.1278  0.1787  0.4066  0.4297  0.5000
      10      18      10       7      15       0
  0.0000  0.1387  0.2319  0.2800  0.3000  0.5000
       8       7       1       5       4       0
  8   8   5   5
  0.0000  0.1374  0.2252  0.3174  0.5000
       1      17      14       9       0
  0.0000  0.2125  0.2368  0.2531  0.5000
      14      10      18      10       0
  8   9   6   7
  0.0000  0.1278  0.1787  0.4066  0.4297  0.5000
      10      18      10       7      15       0
  0.0000  0.1387  0.2319  0.2390  0.4066  0.4297  0.5000
       8       7       1      10       7      15       0
  8  10   7   6
  0.0000  0.0734  0.1903  0.2026  0.2800  0.3000  0.5000
      17       1      10       1       5       4       0
  0.0000  0.0433  0.1387  0.3307  0.4721  0.5000
      10       8       7       9       4       0
  9   1   7   7
  0.0000  0.1278  0.1787  0.2015  0.2800  0.3000  0.5000
      10      18      10       1       5       4       0
  0.0000  0.1278  0.1787  0.2015  0.2800  0.3000  0.5000
      10      18      10       1       5       4       0
  9   2   7   5
  0.0000  0.1387  0.2319  0.2332  0.4066  0.4297  0.5000
       8       7       1      10       7      15       0
  0.0000  0.1278  0.1787  0.3315  0.5000
      10      18      10       9       0
  9   3   5   7
  0.0000  0.2125  0.2368  0.2531  0.5000
      14      10      18      10       0
  0.0000  0.1278  0.1787  0.2015  0.2800  0.3000  0.5000
      10      18      10       1       5       4       0
  9   4   5   9
  0.0000  0.2125  0.2368  0.2531  0.5000
      14      10      18      10       0
  0.0000  0.0433  0.1387  0.2437  0.2800  0.3000  0.3579  0.4721  0.5000
      10       8       7       1       5       4       9       4       0
  9   5   8   8
  0.0000  0.0532  0.2131  0.2800  0.3000  0.4285  0.4851  0.5000
       1      17       1       5       4       9      10       0
  0.0000  0.1387  0.2319  0.2800  0.2887  0.4066  0.4297  0.5000
       8       7       1       5      10       7      15       0
  9   6   4   4
  0.0000  0.1278  0.1787  0.5000
      10      18      10       0
  0.0000  0.1387  0.2309  0.5000
       8       7      10       0
  9   7   6   6
  0.0000  0.1278  0.1787  0.4066  0.4297  0.5000
      10      18      10       7      15       0
  0.0000  0.0433  0.1387  0.3107  0.3315  0.5000
      10       8       7      10       9       0
  9   8   8   5
  0.0000  0.0001  0.1278  0.1787  0.2015  0.2800  0.3000  0.5000
       8      10      18      10       1       5       4       0
  0.0000  0.1061  0.4066  0.4297  0.5000
      17      10       7      15       0
  9   9   6   9
  0.0000  0.0104  0.2800  0.3000  0.4685  0.5000
      10       1       5       4       9       0
  0.0000  0.0433  0.1387  0.3107  0.3228  0.3421  0.3698  0.4268  0.5000
      10       8       7      10       5       6       4      17       0
  9  10   5   6
  0.0000  0.1061  0.4066  0.4297  0.5000
      17      10       7      15       0
  0.0000  0.0512  0.1387  0.2319  0.2390  0.5000
      10       8       7       1      10       0
 10   1   5   8
  0.0000  0.2125  0.2368  0.2531  0.5000
      14      10      18      10       0
  0.0000  0.0532  0.2131  0.2800  0.3000  0.4285  0.4851  0.5000
       1      17       1       5       4       9      10       0
 10   2   5   6
  0.0000  0.1278  0.1787  0.3315  0.5000
      10      18      10       9       0
  0.0000  0.0433  0.1387  0.2437  0.2661  0.5000
      10       8       7       1      10       0
 10   3   6   4
  0.0000  0.1387  0.2003  0.3527  0.4756  0.5000
       8       7      10       9      15       0
  0.0000  0.1387  0.2309  0.5000
       8       7      10       0
 10   4   5   5
  0.0000  0.2125  0.2368  0.2531  0.5000
      14      10      18      10       0
  0.0000  0.2125  0.2368  0.2531  0.5000
      14      10      18      10       0
 10   5   7   4
  0.0000  0.0433  0.1387  0.3107  0.3315  0.4759  0.5000
      10       8       7      10       9      15       0
  0.0000  0.1387  0.2309  0.5000
       8       7      10       0
 10   6   8   4
  0.0000  0.1278  0.1371  0.1842  0.2015  0.2800  0.3000  0.5000
      10      18      14      10       1       5       4       0
  0.0000  0.1278  0.1787  0.5000
      10      18      10       0
 10   7   6   6
  0.0000  0.1278  0.1787  0.4066  0.4297  0.5000
      10      18      10       7      15       0
  0.0000  0.0104  0.2800  0.3000  0.4685  0.5000
      10       1       5       4       9       0
 10   8   8   7
  0.0000  0.1387  0.2319  0.2800  0.2887  0.4066  0.4297  0.5000
       8       7       1       5      10       7      15       0
  0.0000  0.1278  0.1787  0.2015  0.2800  0.3000  0.5000
      10      18      10       1       5       4       0
 10   9   5   7
  0.0000  0.1061  0.4066  0.4297  0.5000
      17      10       7      15       0
  0.0000  0.1387  0.2319  0.2332  0.4066  0.4297  0.5000
       8       7       1      10       7      15       0
 10  10   5   8
  0.0000  0.2125  0.2368  0.2531  0.5000
      14      10      18      10       0
  0.0000  0.0433  0.1387  0.2671  0.2800  0.3000  0.4685  0.5000
      10       8       7       1       5       4       9       0
 11   1   4   5
  0.0000  0.1387  0.2309  0.5000
       8       7      10       0
  0.0000  0.1278  0.1787  0.3315  0.5000
      10      18      10       9       0
 11   2   5   5
  0.0000  0.1061  0.4066  0.4297  0.5000
      17      10       7      15       0
  0.0000  0.2125  0.2368  0.2531  0.5000
      14      10      18      10       0
 11   3   4   7
  0.0000  0.1387  0.2309  0.5000
       8       7      10       0
  0.0000  0.1387  0.2319  0.2332  0.4066  0.4297  0.5000
       8       7       1      10       7      15       0
 11   4   6   4
  0.0000  0.1387  0.2003  0.3527  0.4756  0.5000
       8       7      10       9      15       0
  0.0000  0.1387  0.2309  0.5000
       8       7      10       0
 11   5   5   7
  0.0000  0.2125  0.2368  0.2531  0.5000
      14      10      18      10       0
  0.0000  0.1387  0.2319  0.2332  0.4066  0.4297  0.5000
       8       7       1      10       7      15       0
 11   6   7   5
  0.0000  0.1278  0.1787  0.4066  0.4297  0.4885  0.5000
      10      18      10       7      15       9       0
  0.0000  0.1278  0.1787  0.3315  0.5000
      10      18      10       9       0
 11   7   8   4
  0.0000  0.0433  0.1387  0.2671  0.2800  0.3000  0.4685  0.5000
      10       8       7       1       5       4       9       0
  0.0000  0.1387  0.2309  0.5000
       8       7      10       0
 11   8   7   4
  0.0000  0.1387  0.2003  0.3527  0.4544  0.4770  0.5000
       8       7      10       9      10      15       0
  0.0000  0.1278  0.1787  0.5000
      10      18      10       0
 11   9   5   6
  0.0000  0.1278  0.1787  0.3315  0.5000
      10      18      10       9       0
  0.0000  0.0433  0.1387  0.2437  0.2661  0.5000
      10       8       7       1      10       0
 11  10   7   5
  0.0000  0.1278  0.1787  0.2015  0.2800  0.3000  0.5000
      10      18      10       1       5       4       0
  0.0000  0.1278  0.1787  0.3315  0.5000
      10      18      10       9       0
 12   1   7   4
  0.0000  0.1387  0.2319  0.2332  0.4066  0.4297  0.5000
       8       7       1      10       7      15       0
  0.0000  0.1387  0.2309  0.5000
       8       7      10       0
 12   2   4   6
  0.0000  0.1387  0.2309  0.5000
       8       7      10       0
  0.0000  0.1387  0.2309  0.4066  0.4297  0.5000
       8       7      10       7      15       0
 12   3   4   8
  0.0000  0.1387  0.2309  0.5000
       8       7      10       0
  0.0000  0.0433  0.1387  0.2671  0.2800  0.3000  0.4685  0.5000
      10       8       7       1       5       4       9       0
 12   4   7   5
  0.0000  0.1278  0.1787  0.2015  0.2800  0.3000  0.5000
      10      18      10       1       5       4       0
  0.0000  0.2125  0.2368  0.2531  0.5000
      14      10      18      10       0
 12   5   4   5
  0.0000  0.1387  0.2309  0.5000
       8       7      10       0
  0.0000  0.1278  0.1787  0.3315  0.5000
      10      18      10       9       0
 12   6   7   5
  0.0000  0.1387  0.2319  0.2332  0.4066  0.4297  0.5000
       8       7       1      10       7      15       0
  0.0000  0.2125  0.2368  0.2531  0.5000
      14      10      18      10       0
 12   7   6   4
  0.0000  0.1196  0.1278  0.1567  0.2309  0.5000
       8      10      18       7      10       0
  0.0000  0.1387  0.2309  0.5000
       8       7      10       0
 12   8   7   7
  0.0000  0.1387  0.2319  0.2332  0.4066  0.4297  0.5000
       8       7       1      10       7      15       0
  0.0000  0.1278  0.1787  0.4066  0.4297  0.4525  0.5000
      10      18      10       7      15       9       0
 12   9   6   7
  0.0000  0.1387  0.2309  0.3527  0.4756  0.5000
       8       7      10       9      15       0
  0.0000  0.1278  0.1787  0.3527  0.4544  0.4770  0.5000
      10      18      10       9      10      15       0
 12  10   4   8
  0.0000  0.1387  0.2309  0.5000
       8       7      10       0
  0.0000  0.0433  0.1387  0.2671  0.2800  0.3000  0.4685  0.5000
      10       8       7       1       5       4       9       0
 13   1   6   7
  0.0000  0.1196  0.1278  0.1567  0.2309  0.5000
       8      10      18       7      10       0
  0.0000  0.1387  0.2309  0.3527  0.4544  0.4770  0.5000
       8       7      10       9      10      15       0
 13   2   4   5
  0.0000  0.1387  0.2309  0.5000
       8       7      10       0
  0.0000  0.1387  0.2319  0.2332  0.5000
       8       7       1      10       0
 13   3   6   8
  0.0000  0.1196  0.1278  0.1567  0.2309  0.5000
       8      10      18       7      10       0
  0.0000  0.1387  0.2319  0.2332  0.4066  0.4297  0.4314  0.5000
       8       7       1      10       7      15      10       0
 13   4   4   8
  0.0000  0.1387  0.2309  0.5000
       8       7      10       0
  0.0000  0.0433  0.1387  0.2671  0.2800  0.3000  0.4685  0.5000
      10       8       7       1       5       4       9       0
 13   5   6   7
  0.0000  0.1196  0.1278  0.1567  0.2309  0.5000
       8      10      18       7      10       0
  0.0000  0.1278  0.1787  0.2015  0.2800  0.3000  0.5000
      10      18      10       1       5       4       0
 13   6   5   6
  0.0000  0.1278  0.1787  0.3315  0.5000
      10      18      10       9       0
  0.0000  0.1387  0.2309  0.3527  0.4756  0.5000
       8       7      10       9      15       0
 13   7   6   7
  0.0000  0.1196  0.1278  0.1567  0.2309  0.5000
       8      10      18       7      10       0
  0.0000  0.1278  0.1787  0.2015  0.2800  0.3000  0.5000
      10      18      10       1       5       4       0
 13   8   4   6
  0.0000  0.1387  0.2309  0.5000
       8       7      10       0
  0.0000  0.1387  0.2309  0.3527  0.4756  0.5000
       8       7      10       9      15       0
 13   9   6   4
  0.0000  0.2125  0.2368  0.2531  0.4235  0.5000
      14      10      18      10       4       0
  0.0000  0.1387  0.2309  0.5000
       8       7      10       0
 13  10   6   5
  0.0000  0.1387  0.2309  0.4066  0.4297  0.5000
       8       7      10       7      15       0
  0.0000  0.1387  0.2309  0.3315  0.5000
       8       7      10       9       0
 14   1   6   8
  0.0000  0.1387  0.2309  0.3527  0.4756  0.5000
       8       7      10       9      15       0
  0.0000  0.0070  0.1278  0.1787  0.2015  0.2800  0.3000  0.5000
       8      10      18      10       1       5       4       0
 14   2   8   6
  0.0000  0.1387  0.2319  0.2332  0.4066  0.4297  0.4314  0.5000
       8       7       1      10       7      15      10       0
  0.0000  0.1387  0.2309  0.4066  0.4297  0.5000
       8       7      10       7      15       0
 14   3   4   7
  0.0000  0.1387  0.2309  0.5000
       8       7      10       0
  0.0000  0.1278  0.1787  0.2015  0.2800  0.3000  0.5000
      10      18      10       1       5       4       0
 14   4   6   6
  0.0000  0.1387  0.2309  0.3527  0.4756  0.5000
       8       7      10       9      15       0
  0.0000  0.0433  0.1387  0.2309  0.4932  0.5000
      10       8       7      10       9       0
 14   5   4   5
  0.0000  0.1387  0.2309  0.5000
       8       7      10       0
  0.0000  0.1387  0.2309  0.3315  0.5000
       8       7      10       9       0
 14   6   6   5
  0.0000  0.1387  0.1503  0.1567  0.2309  0.5000
       8       7      18       7      10       0
  0.0000  0.1278  0.1787  0.3315  0.5000
      10      18      10       9       0
 14   7   8   5
  0.0000  0.0433  0.1387  0.2671  0.2800  0.3000  0.3255  0.5000
      10       8       7       1       5       4      10       0
  0.0000  0.1387  0.2319  0.2332  0.5000
       8       7       1      10       0
 14   8   9   4
  0.0000  0.1196  0.1278  0.1567  0.1830  0.2015  0.2800  0.3000  0.5000
       8      10      18       7      10       1       5       4       0
  0.0000  0.1387  0.2309  0.5000
       8       7      10       0
 14   9   7   8
  0.0000  0.1278  0.1787  0.2015  0.2800  0.3000  0.5000
      10      18      10       1       5       4       0
  0.0000  0.0433  0.1387  0.2671  0.2800  0.3000  0.3707  0.5000
      10       8       7       1       5       4      10       0
 14  10   6   6
  0.0000  0.1196  0.1278  0.1567  0.2309  0.5000
       8      10      18       7      10       0
  0.0000  0.1387  0.2309  0.3527  0.4756  0.5000
       8       7      10       9      15       0
 15   1   7   6
  0.0000  0.1387  0.2309  0.3527  0.3664  0.4932  0.5000
       8       7      10       9      10       9       0
  0.0000  0.1196  0.1278  0.1567  0.2309  0.5000
       8      10      18       7      10       0
 15   2   5   5
  0.0000  0.1278  0.1787  0.3315  0.5000
      10      18      10       9       0
  0.0000  0.1387  0.2309  0.3315  0.5000
       8       7      10       9       0
 15   3   4   7
  0.0000  0.1387  0.2309  0.5000
       8       7      10       0
  0.0000  0.0433  0.1387  0.2309  0.3527  0.4756  0.5000
      10       8       7      10       9      15       0
 15   4   7   7
  0.0000  0.1278  0.1787  0.2015  0.2800  0.3000  0.5000
      10      18      10       1       5       4       0
  0.0000  0.1278  0.1787  0.2015  0.2800  0.3000  0.5000
      10      18      10       1       5       4       0
 15   5   6   6
  0.0000  0.1387  0.2309  0.3527  0.4756  0.5000
       8       7      10       9      15       0
  0.0000  0.1387  0.2309  0.3157  0.4839  0.5000
       8       7      10       4      15       0
 15   6   5   5
  0.0000  0.1387  0.2319  0.2332  0.5000
       8       7       1      10       0
  0.0000  0.1278  0.1787  0.3315  0.5000
      10      18      10       9       0
 15   7   6  11
  0.0000  0.1387  0.2309  0.3527  0.4756  0.5000
       8       7      10       9      15       0
  0.0000  0.0070  0.1278  0.1787  0.2015  0.2800  0.3000  0.3161  0.3527  0.4756
       8      10      18      10       1       5       4      10       9      15
  0.5000
       0
 15   8   7   4
  0.0000  0.1278  0.1787  0.2015  0.2800  0.3000  0.5000
      10      18      10       1       5       4       0
  0.0000  0.1387  0.2309  0.5000
       8       7      10       0
 15   9   8   7
  0.0000  0.1196  0.1278  0.1567  0.2309  0.4743  0.4756  0.5000
       8      10      18       7      10       9      15       0
  0.0000  0.1387  0.2309  0.3527  0.4717  0.4932  0.5000
       8       7      10       9      10       9       0
 15  10   4   7
  0.0000  0.1387  0.2309  0.5000
       8       7      10       0
  0.0000  0.0433  0.1387  0.2671  0.2800  0.3000  0.5000
      10       8       7       1       5       4       0
 16   1   4   5
  0.0000  0.1387  0.2309  0.5000
       8       7      10       0
  0.0000  0.1387  0.2319  0.2332  0.5000
       8       7       1      10       0
 16   2   5   7
  0.0000  0.1278  0.1787  0.3315  0.5000
      10      18      10       9       0
  0.0000  0.1278  0.1787  0.2015  0.2800  0.3000  0.5000
      10      18      10       1       5       4       0
 16   3   5   5
  0.0000  0.1387  0.2309  0.3384  0.5000
       8       7      10       4       0
  0.0000  0.1387  0.2309  0.3315  0.5000
       8       7      10       9       0
 16   4   4   8
  0.0000  0.1387  0.2309  0.5000
       8       7      10       0
  0.0000  0.1196  0.1278  0.1567  0.2309  0.4743  0.4756  0.5000
       8      10      18       7      10       9      15       0
 16   5   7   7
  0.0000  0.1196  0.1278  0.1567  0.2309  0.4932  0.5000
       8      10      18       7      10       9       0
  0.0000  0.1278  0.1787  0.2015  0.2800  0.3000  0.5000
      10      18      10       1       5       4       0
 16   6   4   7
  0.0000  0.1278  0.1787  0.5000
      10      18      10       0
  0.0000  0.1387  0.2309  0.3828  0.4717  0.4904  0.5000
       8       7      10       9      10      15       0
 16   7   4   8
  0.0000  0.1387  0.2309  0.5000
       8       7      10       0
  0.0000  0.1387  0.1429  0.1567  0.2309  0.4743  0.4756  0.5000
       8       7      18       7      10       9      15       0
 16   8   7   7
  0.0000  0.1387  0.2309  0.3157  0.4084  0.4756  0.5000
       8       7      10       4       9      15       0
  0.0000  0.1387  0.2309  0.3527  0.4717  0.4932  0.5000
       8       7      10       9      10       9       0
 16   9   6   6
  0.0000  0.1387  0.2309  0.3527  0.4756  0.5000
       8       7      10       9      15       0
  0.0000  0.1387  0.2309  0.3157  0.4839  0.5000
       8       7      10       4      15       0
 16  10   7   4
  0.0000  0.1278  0.1787  0.2015  0.2800  0.3000  0.5000
      10      18      10       1       5       4       0
  0.0000  0.1387  0.2309  0.5000
       8       7      10       0
 17   1   7   6
  0.0000  0.1278  0.1787  0.2015  0.2800  0.3000  0.5000
      10      18      10       1       5       4       0
  0.0000  0.1387  0.2309  0.3527  0.4756  0.5000
       8       7      10       9      15       0
 17   2   6   7
  0.0000  0.1387  0.2309  0.3527  0.4756  0.5000
       8       7      10       9      15       0
  0.0000  0.1278  0.1787  0.2015  0.2800  0.3000  0.5000
      10      18      10       1       5       4       0
 17   3   8   7
  0.0000  0.1196  0.1278  0.1567  0.2309  0.4743  0.4756  0.5000
       8      10      18       7      10       9      15       0
  0.0000  0.1196  0.1278  0.1567  0.2309  0.4932  0.5000
       8      10      18       7      10       9       0
 17   4   4   4
  0.0000  0.1387  0.2309  0.5000
       8       7      10       0
  0.0000  0.1387  0.2309  0.5000
       8       7      10       0
 17   5   5   4
  0.0000  0.1387  0.2309  0.3655  0.5000
       8       7      10       4       0
  0.0000  0.1387  0.2309  0.5000
       8       7      10       0
 17   6   5   6
  0.0000  0.1387  0.2319  0.2332  0.5000
       8       7       1      10       0
  0.0000  0.1387  0.2309  0.3157  0.4839  0.5000
       8       7      10       4      15       0
 17   7   5   7
  0.0000  0.1387  0.2319  0.2332  0.5000
       8       7       1      10       0
  0.0000  0.1196  0.1278  0.1567  0.2309  0.4932  0.5000
       8      10      18       7      10       9       0
 17   8   4   6
  0.0000  0.1278  0.1787  0.5000
      10      18      10       0
  0.0000  0.1387  0.2309  0.3157  0.4839  0.5000
       8       7      10       4      15       0
 17   9   8   5
  0.0000  0.1032  0.1278  0.1787  0.2015  0.2800  0.3000  0.5000
       8      10      18      10       1       5       4       0
  0.0000  0.1278  0.1787  0.3315  0.5000
      10      18      10       9       0
 17  10   6   7
  0.0000  0.1387  0.2309  0.3157  0.4839  0.5000
       8       7      10       4      15       0
  0.0000  0.1278  0.1787  0.2015  0.2800  0.3000  0.5000
      10      18      10       1       5       4       0
 18   1   7   4
  0.0000  0.1387  0.2309  0.2616  0.2800  0.3000  0.5000
       8       7      10       1       5       4       0
  0.0000  0.1387  0.2309  0.5000
       8       7      10       0
 18   2   9   5
  0.0000  0.1278  0.1787  0.1918  0.2309  0.2745  0.2800  0.3000  0.5000
      10      18      10       7      10       1       5       4       0
  0.0000  0.1387  0.2309  0.3655  0.5000
       8       7      10       4       0
 18   3   5   8
  0.0000  0.1387  0.2319  0.2332  0.5000
       8       7       1      10       0
  0.0000  0.1196  0.1278  0.1567  0.2319  0.2332  0.4932  0.5000
       8      10      18       7       1      10       9       0
 18   4   7   4
  0.0000  0.1278  0.1787  0.2015  0.2800  0.3000  0.5000
      10      18      10       1       5       4       0
  0.0000  0.1387  0.2309  0.5000
       8       7      10       0
 18   5   5   5
  0.0000  0.1387  0.2309  0.3824  0.5000
       8       7      10       4       0
  0.0000  0.1387  0.2319  0.2332  0.5000
       8       7       1      10       0
 18   6   7   7
  0.0000  0.1196  0.1278  0.1567  0.2309  0.4932  0.5000
       8      10      18       7      10       9       0
  0.0000  0.1196  0.1278  0.1567  0.2309  0.4932  0.5000
       8      10      18       7      10       9       0
 18   7   4   4
  0.0000  0.1387  0.2309  0.5000
       8       7      10       0
  0.0000  0.1387  0.2309  0.5000
       8       7      10       0
 18   8   7   5
  0.0000  0.1278  0.1787  0.2015  0.2800  0.3000  0.5000
      10      18      10       1       5       4       0
  0.0000  0.1278  0.1787  0.3315  0.5000
      10      18      10       9       0
 18   9   5   4
  0.0000  0.1387  0.2319  0.2332  0.5000
       8       7       1      10       0
  0.0000  0.1278  0.1787  0.5000
      10      18      10       0
 18  10   7   9
  0.0000  0.1196  0.1278  0.1567  0.2309  0.4932  0.5000
       8      10      18       7      10       9       0
  0.0000  0.0820  0.1032  0.1278  0.1787  0.2015  0.2800  0.3000  0.5000
      10       8      10      18      10       1       5       4       0
 19   1   5   5
  0.0000  0.1387  0.2309  0.3655  0.5000
       8       7      10       4       0
  0.0000  0.1387  0.2319  0.2332  0.5000
       8       7       1      10       0
 19   2   5   5
  0.0000  0.1278  0.1787  0.3315  0.5000
      10      18      10       9       0
  0.0000  0.1387  0.2319  0.2332  0.5000
       8       7       1      10       0
 19   3   7   7
  0.0000  0.1278  0.1787  0.2015  0.2800  0.3000  0.5000
      10      18      10       1       5       4       0
  0.0000  0.1196  0.1278  0.1567  0.2309  0.3677  0.5000
       8      10      18       7      10       4       0
 19   4   7   7
  0.0000  0.1196  0.1278  0.1567  0.2309  0.4932  0.5000
       8      10      18       7      10       9       0
  0.0000  0.1387  0.2309  0.2616  0.2800  0.3000  0.5000
       8       7      10       1       5       4       0
 19   5   8   4
  0.0000  0.1278  0.1787  0.2015  0.2800  0.3000  0.3494  0.5000
      10      18      10       1       5       4      10       0
  0.0000  0.1387  0.2309  0.5000
       8       7      10       0
 19   6   5   4
  0.0000  0.1387  0.2309  0.3824  0.5000
       8       7      10       4       0
  0.0000  0.1387  0.2309  0.5000
       8       7      10       0
 19   7   7   7
  0.0000  0.1196  0.1278  0.1567  0.2309  0.4932  0.5000
       8      10      18       7      10       9       0
  0.0000  0.1278  0.1787  0.2015  0.2800  0.3000  0.5000
      10      18      10       1       5       4       0
 19   8   5   5
  0.0000  0.1387  0.2319  0.2332  0.5000
       8       7       1      10       0
  0.0000  0.1278  0.1787  0.3315  0.5000
      10      18      10       9       0
 19   9   7   4
  0.0000  0.1387  0.2309  0.2616  0.2800  0.3000  0.5000
       8       7      10       1       5       4       0
  0.0000  0.1278  0.1787  0.5000
      10      18      10       0
 19  10   4   4
  0.0000  0.1387  0.2309  0.5000
       8       7      10       0
  0.0000  0.1387  0.2309  0.5000
       8       7      10       0
 20   1   4   7
  0.0000  0.1387  0.2309  0.5000
       8       7      10       0
  0.0000  0.1278  0.1787  0.2015  0.2800  0.3000  0.5000
      10      18      10       1       5       4       0
 20   2   7   5
  0.0000  0.1278  0.1787  0.2015  0.2800  0.3000  0.5000
      10      18      10       1       5       4       0
  0.0000  0.1387  0.2309  0.3655  0.5000
       8       7      10       4       0
 20   3   5   8
  0.0000  0.1387  0.2319  0.2332  0.5000
       8       7       1      10       0
  0.0000  0.1387  0.2309  0.2616  0.2800  0.3000  0.4108  0.5000
       8       7      10       1       5       4      10       0
 20   4   7   7
  0.0000  0.1278  0.1787  0.2015  0.2800  0.3000  0.5000
      10      18      10       1       5       4       0
  0.0000  0.1196  0.1278  0.1567  0.2309  0.3677  0.5000
       8      10      18       7      10       4       0
 20   5   4   5
  0.0000  0.1387  0.2309  0.5000
       8       7      10       0
  0.0000  0.1278  0.1787  0.3315  0.5000
      10      18      10       9       0
 20   6   5   4
  0.0000  0.1387  0.2309  0.3655  0.5000
       8       7      10       4       0
  0.0000  0.1278  0.1787  0.5000
      10      18      10       0
 20   7   5   4
  0.0000  0.1387  0.2319  0.2332  0.5000
       8       7       1      10       0
  0.0000  0.1387  0.2309  0.5000
       8       7      10       0
 20   8   7   5
  0.0000  0.1387  0.2309  0.2616  0.2800  0.2877  0.5000
       8       7      10       1       5      10       0
  0.0000  0.1278  0.1787  0.3315  0.5000
      10      18      10       9       0
 20   9   4   7
  0.0000  0.1387  0.2309  0.5000
       8       7      10       0
  0.0000  0.1196  0.1278  0.1567  0.2309  0.4932  0.5000
       8      10      18       7      10       9       0
 20  10   5   4
  0.0000  0.1387  0.2319  0.2332  0.5000
       8       7       1      10       0
  0.0000  0.1278  0.1787  0.5000
      10      18      10       0
 21   1   8   4
  0.0000  0.1387  0.2309  0.2616  0.2800  0.3000  0.4108  0.5000
       8       7      10       1       5       4      10       0
  0.0000  0.1387  0.2309  0.5000
       8       7      10       0
 21   2   8   5
  0.0000  0.1387  0.2309  0.2616  0.2800  0.3000  0.4108  0.5000
       8       7      10       1       5       4      10       0
  0.0000  0.1387  0.2319  0.2332  0.5000
       8       7       1      10       0
 21   3   7   4
  0.0000  0.1278  0.1787  0.2616  0.2800  0.2877  0.5000
      10      18      10       1       5      10       0
  0.0000  0.1387  0.2309  0.5000
       8       7      10       0
 21   4   4   5
  0.0000  0.1387  0.2309  0.5000
       8       7      10       0
  0.0000  0.1387  0.2309  0.3655  0.5000
       8       7      10       4       0
 21   5   5   7
  0.0000  0.1387  0.2309  0.3655  0.5000
       8       7      10       4       0
  0.0000  0.1278  0.1787  0.2015  0.2800  0.3000  0.5000
      10      18      10       1       5       4       0
 21   6   5   9
  0.0000  0.1387  0.2309  0.3315  0.5000
       8       7      10       9       0
  0.0000  0.1278  0.1787  0.1970  0.2309  0.2616  0.2800  0.2877  0.5000
      10      18      10       7      10       1       5      10       0
 21   7   5   5
  0.0000  0.1387  0.2319  0.2332  0.5000
       8       7       1      10       0
  0.0000  0.1387  0.2309  0.4430  0.5000
       8       7      10       4       0
 21   8   5   7
  0.0000  0.1387  0.2309  0.3655  0.5000
       8       7      10       4       0
  0.0000  0.1196  0.1278  0.1567  0.2309  0.3677  0.5000
       8      10      18       7      10       4       0
 21   9   5   4
  0.0000  0.1387  0.2319  0.2332  0.5000
       8       7       1      10       0
  0.0000  0.1387  0.2309  0.5000
       8       7      10       0
 21  10   9   8
  0.0000  0.1387  0.2319  0.2332  0.2745  0.2800  0.3000  0.4108  0.5000
       8       7       1      10       1       5       4      10       0
  0.0000  0.1278  0.1787  0.2015  0.2146  0.2309  0.3655  0.5000
      10      18      10       1       7      10       4       0
 22   1   4   5
  0.0000  0.1387  0.2309  0.5000
       8       7      10       0
  0.0000  0.1387  0.2319  0.2332  0.5000
       8       7       1      10       0
 22   2   4   9
  0.0000  0.1387  0.2309  0.5000
       8       7      10       0
  0.0000  0.1387  0.2319  0.2332  0.2745  0.2800  0.3000  0.4108  0.5000
       8       7       1      10       1       5       4      10       0
 22   3   8   4
  0.0000  0.0550  0.1278  0.1787  0.2616  0.2800  0.2877  0.5000
       8      10      18      10       1       5      10       0
  0.0000  0.1387  0.2309  0.5000
       8       7      10       0
 22   4   7   8
  0.0000  0.1387  0.2309  0.2616  0.2800  0.2877  0.5000
       8       7      10       1       5      10       0
  0.0000  0.1278  0.1787  0.2015  0.2146  0.2309  0.3655  0.5000
      10      18      10       1       7      10       4       0
 22   5   4   5
  0.0000  0.1387  0.2309  0.5000
       8       7      10       0
  0.0000  0.1387  0.2309  0.3655  0.5000
       8       7      10       4       0
 22   6   4   8
  0.0000  0.1387  0.2309  0.5000
       8       7      10       0
  0.0000  0.1387  0.2309  0.2616  0.2800  0.3000  0.4108  0.5000
       8       7      10       1       5       4      10       0
 22   7   6   9
  0.0000  0.1387  0.2309  0.3655  0.3675  0.5000
       8       7      10       4      10       0
  0.0000  0.1278  0.1787  0.1970  0.2309  0.2616  0.2800  0.2877  0.5000
      10      18      10       7      10       1       5      10       0
 22   8   5   7
  0.0000  0.1387  0.2309  0.4430  0.5000
       8       7      10       4       0
  0.0000  0.1278  0.1787  0.2616  0.2800  0.2877  0.5000
      10      18      10       1       5      10       0
 22   9   7  10
  0.0000  0.1387  0.2115  0.2616  0.2800  0.2877  0.5000
       8       7      10       1       5      10       0
  0.0000  0.1264  0.1387  0.2319  0.2332  0.2745  0.2800  0.3000  0.4108  0.5000
      10       8       7       1      10       1       5       4      10       0
 22  10   7  11
  0.0000  0.1196  0.1278  0.1567  0.2309  0.3655  0.5000
       8      10      18       7      10       4       0
  0.0000  0.1278  0.1787  0.1970  0.2309  0.2616  0.2800  0.2877  0.3434  0.4715
      10      18      10       7      10       1       5      10       9      10
  0.5000
       0
 23   1   9   8
  0.0000  0.1387  0.2319  0.2332  0.2745  0.2800  0.3000  0.4077  0.5000
       8       7       1      10       1       5       4      10       0
  0.0000  0.1387  0.2309  0.2616  0.2800  0.3000  0.4108  0.5000
       8       7      10       1       5       4      10       0
 23   2   5   6
  0.0000  0.1387  0.2319  0.2332  0.5000
       8       7       1      10       0
  0.0000  0.1387  0.2309  0.3655  0.3675  0.5000
       8       7      10       4      10       0
 23   3  10   8
  0.0000  0.1264  0.1387  0.2319  0.2332  0.2745  0.2800  0.3000  0.4108  0.5000
      10       8       7       1      10       1       5       4      10       0
  0.0000  0.1278  0.1787  0.2015  0.2146  0.2309  0.3655  0.5000
      10      18      10       1       7      10       4       0
 23   4  10   5
  0.0000  0.1264  0.1387  0.2319  0.2332  0.2745  0.2800  0.3000  0.4108  0.5000
      10       8       7       1      10       1       5       4      10       0
  0.0000  0.1387  0.2319  0.2332  0.5000
       8       7       1      10       0
 23   5   9   7
  0.0000  0.1264  0.1387  0.2319  0.2332  0.2616  0.2800  0.2877  0.5000
      10       8       7       1      10       1       5      10       0
  0.0000  0.1387  0.2115  0.2616  0.2800  0.2877  0.5000
       8       7      10       1       5      10       0
 23   6   6   5
  0.0000  0.1226  0.1278  0.1762  0.2309  0.5000
       8      10      18       7      10       0
  0.0000  0.1387  0.2319  0.2332  0.5000
       8       7       1      10       0
 23   7   7   8
  0.0000  0.1387  0.2281  0.2616  0.2800  0.2877  0.5000
       8       7      10       1       5      10       0
  0.0000  0.1387  0.2309  0.2616  0.2800  0.3000  0.4108  0.5000
       8       7      10       1       5       4      10       0
 23   8   4   4
  0.0000  0.1387  0.2309  0.5000
       8       7      10       0
  0.0000  0.1387  0.2309  0.5000
       8       7      10       0
 23   9   9   6
  0.0000  0.1387  0.2319  0.2332  0.2745  0.2800  0.3000  0.4108  0.5000
       8       7       1      10       1       5       4      10       0
  0.0000  0.1387  0.2309  0.3170  0.4108  0.5000
       8       7      10       4      10       0
 23  10   6   4
  0.0000  0.1387  0.2309  0.3655  0.3675  0.5000
       8       7      10       4      10       0
  0.0000  0.1387  0.2309  0.5000
       8       7      10       0
 24   1   9   7
  0.0000  0.1387  0.2319  0.2332  0.2745  0.2800  0.3000  0.4077  0.5000
       8       7       1      10       1       5       4      10       0
  0.0000  0.1387  0.2115  0.2616  0.2800  0.2877  0.5000
       8       7      10       1       5      10       0
 24   2   7   6
  0.0000  0.1387  0.2281  0.2616  0.2800  0.2877  0.5000
       8       7      10       1       5      10       0
  0.0000  0.1226  0.1278  0.1762  0.2309  0.5000
       8      10      18       7      10       0
 24   3   4   6
  0.0000  0.1387  0.2309  0.5000
       8       7      10       0
  0.0000  0.1226  0.1278  0.1762  0.2309  0.5000
       8      10      18       7      10       0
 24   4   8  10
  0.0000  0.1387  0.2309  0.2616  0.2800  0.3000  0.4108  0.5000
       8       7      10       1       5       4      10       0
  0.0000  0.1264  0.1387  0.2319  0.2332  0.2745  0.2800  0.3000  0.4108  0.5000
      10       8       7       1      10       1       5       4      10       0
 24   5   6   9
  0.0000  0.1226  0.1278  0.1762  0.2309  0.5000
       8      10      18       7      10       0
  0.0000  0.1387  0.2319  0.2332  0.2745  0.2800  0.3000  0.4108  0.5000
       8       7       1      10       1       5       4      10       0
 24   6   4   4
  0.0000  0.1387  0.2309  0.5000
       8       7      10       0
  0.0000  0.1387  0.2309  0.5000
       8       7      10       0
 24   7   6   7
  0.0000  0.1387  0.2309  0.3655  0.3675  0.5000
       8       7      10       4      10       0
  0.0000  0.1387  0.2281  0.2616  0.2800  0.2877  0.5000
       8       7      10       1       5      10       0
 24   8   6   6
  0.0000  0.1387  0.2309  0.3655  0.3675  0.5000
       8       7      10       4      10       0
  0.0000  0.1387  0.2309  0.3655  0.3675  0.5000
       8       7      10       4      10       0
 24   9   4   7
  0.0000  0.1387  0.2309  0.5000
       8       7      10       0
  0.0000  0.1387  0.2115  0.2616  0.2800  0.2877  0.5000
       8       7      10       1       5      10       0
 24  10   4   8
  0.0000  0.1387  0.2309  0.5000
       8       7      10       0
  0.0000  0.1387  0.2309  0.2616  0.2800  0.3000  0.4108  0.5000
       8       7      10       1       5       4      10       0
 25   1   7   6
  0.0000  0.1387  0.2115  0.2616  0.2800  0.2877  0.5000
       8       7      10       1       5      10       0
  0.0000  0.1387  0.2309  0.3655  0.3675  0.5000
       8       7      10       4      10       0
 25   2   7   4
  0.0000  0.1387  0.2115  0.2616  0.2800  0.2877  0.5000
       8       7      10       1       5      10       0
  0.0000  0.1387  0.2309  0.5000
       8       7      10       0
 25   3   6   4
  0.0000  0.1387  0.2309  0.3655  0.3675  0.5000
       8       7      10       4      10       0
  0.0000  0.1387  0.2309  0.5000
       8       7      10       0
 25   4   6   6
  0.0000  0.1226  0.1278  0.1762  0.2309  0.5000
       8      10      18       7      10       0
  0.0000  0.1226  0.1278  0.1762  0.2309  0.5000
       8      10      18       7      10       0
 25   5   4   9
  0.0000  0.1387  0.2309  0.5000
       8       7      10       0
  0.0000  0.1387  0.2319  0.2332  0.2745  0.2800  0.3000  0.4108  0.5000
       8       7       1      10       1       5       4      10       0
 25   6   7   4
  0.0000  0.1387  0.2281  0.2616  0.2800  0.2877  0.5000
       8       7      10       1       5      10       0
  0.0000  0.1387  0.2309  0.5000
       8       7      10       0
 25   7   4   7
  0.0000  0.1387  0.2309  0.5000
       8       7      10       0
  0.0000  0.1387  0.2281  0.2616  0.2800  0.2877  0.5000
       8       7      10       1       5      10       0
 25   8   6   8
  0.0000  0.1387  0.2309  0.3884  0.4108  0.5000
       8       7      10       4      10       0
  0.0000  0.1387  0.2309  0.2616  0.2800  0.3000  0.4108  0.5000
       8       7      10       1       5       4      10       0
 25   9   4   9
  0.0000  0.1387  0.2309  0.5000
       8       7      10       0
  0.0000  0.1387  0.2319  0.2332  0.2745  0.2800  0.3000  0.4077  0.5000
       8       7       1      10       1       5       4      10       0
 25  10   6   6
  0.0000  0.1226  0.1278  0.1762  0.2309  0.5000
       8      10      18       7      10       0
  0.0000  0.1226  0.1278  0.1762  0.2309  0.5000
       8      10      18       7      10       0
 26   1   9   8
  0.0000  0.1387  0.2319  0.2332  0.2745  0.2800  0.3000  0.4077  0.5000
       8       7       1      10       1       5       4      10       0
  0.0000  0.1387  0.2309  0.2616  0.2800  0.3000  0.4108  0.5000
       8       7      10       1       5       4      10       0
 26   2   9   4
  0.0000  0.1387  0.2319  0.2332  0.2745  0.2800  0.3000  0.4077  0.5000
       8       7       1      10       1       5       4      10       0
  0.0000  0.1387  0.2309  0.5000
       8       7      10       0
 26   3   7   6
  0.0000  0.1387  0.2309  0.2707  0.2800  0.2877  0.5000
       8       7      10       1       5      10       0
  0.0000  0.1226  0.1278  0.1762  0.2309  0.5000
       8      10      18       7      10       0
 26   4   4   4
  0.0000  0.1387  0.2309  0.5000
       8       7      10       0
  0.0000  0.1387  0.2309  0.5000
       8       7      10       0
 26   5   6   7
  0.0000  0.1226  0.1278  0.1762  0.2309  0.5000
       8      10      18       7      10       0
  0.0000  0.1387  0.2115  0.2616  0.2800  0.2877  0.5000
       8       7      10       1       5      10       0
 26   6   7   6
  0.0000  0.1387  0.2281  0.2616  0.2800  0.2877  0.5000
       8       7      10       1       5      10       0
  0.0000  0.1226  0.1278  0.1762  0.2309  0.5000
       8      10      18       7      10       0
 26   7   6   6
  0.0000  0.1387  0.2309  0.3248  0.4077  0.5000
       8       7      10       4      10       0
  0.0000  0.1226  0.1278  0.1762  0.2309  0.5000
       8      10      18       7      10       0
 26   8   7   7
  0.0000  0.1387  0.2281  0.2616  0.2800  0.2877  0.5000
       8       7      10       1       5      10       0
  0.0000  0.1387  0.2115  0.2616  0.2800  0.2877  0.5000
       8       7      10       1       5      10       0
 26   9   4   6
  0.0000  0.1387  0.2309  0.5000
       8       7      10       0
  0.0000  0.1387  0.2309  0.3655  0.3675  0.5000
       8       7      10       4      10       0
 26  10   9   7
  0.0000  0.1387  0.2319  0.2332  0.2745  0.2800  0.3000  0.3222  0.5000
       8       7       1      10       1       5       4      10       0
  0.0000  0.1387  0.2115  0.2616  0.2800  0.2877  0.5000
       8       7      10       1       5      10       0
 27   1   6   6
  0.0000  0.1226  0.1278  0.1762  0.2309  0.5000
       8      10      18       7      10       0
  0.0000  0.1226  0.1278  0.1762  0.2309  0.5000
       8      10      18       7      10       0
 27   2   4   8
  0.0000  0.1387  0.2309  0.5000
       8       7      10       0
  0.0000  0.1387  0.2309  0.2616  0.2800  0.3000  0.4108  0.5000
       8       7      10       1       5       4      10       0
 27   3   4   7
  0.0000  0.1387  0.2309  0.5000
       8       7      10       0
  0.0000  0.1387  0.2281  0.2616  0.2800  0.2877  0.5000
       8       7      10       1       5      10       0
 27   4   7   4
  0.0000  0.1387  0.2115  0.2616  0.2800  0.2877  0.5000
       8       7      10       1       5      10       0
  0.0000  0.1387  0.2309  0.5000
       8       7      10       0
 27   5   6   7
  0.0000  0.1387  0.2309  0.3655  0.3675  0.5000
       8       7      10       4      10       0
  0.0000  0.1387  0.2115  0.2616  0.2800  0.2877  0.5000
       8       7      10       1       5      10       0
 27   6   9   9
  0.0000  0.1387  0.2319  0.2332  0.2745  0.2800  0.3000  0.3222  0.5000
       8       7       1      10       1       5       4      10       0
  0.0000  0.1387  0.2319  0.2332  0.2745  0.2800  0.3000  0.3222  0.5000
       8       7       1      10       1       5       4      10       0
 27   7   6   7
  0.0000  0.1226  0.1278  0.1762  0.2309  0.5000
       8      10      18       7      10       0
  0.0000  0.1387  0.2115  0.2616  0.2800  0.2877  0.5000
       8       7      10       1       5      10       0
 27   8   8   4
  0.0000  0.1387  0.2309  0.2616  0.2800  0.3000  0.4108  0.5000
       8       7      10       1       5       4      10       0
  0.0000  0.1387  0.2309  0.5000
       8       7      10       0
 27   9   8   6
  0.0000  0.1226  0.1278  0.1762  0.2309  0.3972  0.4077  0.5000
       8      10      18       7      10       4      10       0
  0.0000  0.1226  0.1278  0.1762  0.2309  0.5000
       8      10      18       7      10       0
 27  10   7   9
  0.0000  0.1387  0.2115  0.2616  0.2800  0.2877  0.5000
       8       7      10       1       5      10       0
  0.0000  0.1387  0.2319  0.2332  0.2745  0.2800  0.3000  0.3224  0.5000
       8       7       1      10       1       5       4      10       0
 28   1   4   6
  0.0000  0.1387  0.2309  0.5000
       8       7      10       0
  0.0000  0.1387  0.2309  0.3655  0.3675  0.5000
       8       7      10       4      10       0
 28   2   6   8
  0.0000  0.1387  0.2309  0.2833  0.2877  0.5000
       8       7      10       5      10       0
  0.0000  0.1226  0.1278  0.1762  0.2309  0.3972  0.4077  0.5000
       8      10      18       7      10       4      10       0
 28   3   9   6
  0.0000  0.1387  0.2319  0.2332  0.2745  0.2800  0.3000  0.3222  0.5000
       8       7       1      10       1       5       4      10       0
  0.0000  0.1226  0.1278  0.1762  0.2309  0.5000
       8      10      18       7      10       0
 28   4   9   9
  0.0000  0.1387  0.2319  0.2332  0.2745  0.2800  0.3000  0.3222  0.5000
       8       7       1      10       1       5       4      10       0
  0.0000  0.1387  0.2319  0.2332  0.2745  0.2800  0.3000  0.3224  0.5000
       8       7       1      10       1       5       4      10       0
 28   5   6   8
  0.0000  0.1226  0.1278  0.1762  0.2309  0.5000
       8      10      18       7      10       0
  0.0000  0.1226  0.1278  0.1762  0.2309  0.3972  0.4077  0.5000
       8      10      18       7      10       4      10       0
 28   6   6   7
  0.0000  0.1226  0.1278  0.1762  0.2309  0.5000
       8      10      18       7      10       0
  0.0000  0.1387  0.2115  0.2616  0.2800  0.2877  0.5000
       8       7      10       1       5      10       0
 28   7   7   8
  0.0000  0.1387  0.2281  0.2616  0.2800  0.2877  0.5000
       8       7      10       1       5      10       0
  0.0000  0.1387  0.2115  0.2745  0.2800  0.3000  0.3051  0.5000
       8       7      10       1       5       4      10       0
 28   8   6   6
  0.0000  0.1226  0.1278  0.1762  0.2309  0.5000
       8      10      18       7      10       0
  0.0000  0.1226  0.1278  0.1762  0.2309  0.5000
       8      10      18       7      10       0
 28   9   4   8
  0.0000  0.1387  0.2309  0.5000
       8       7      10       0
  0.0000  0.1226  0.1278  0.1762  0.2309  0.3972  0.4077  0.5000
       8      10      18       7      10       4      10       0
 28  10   4   9
  0.0000  0.1387  0.2309  0.5000
       8       7      10       0
  0.0000  0.1387  0.2319  0.2332  0.2745  0.2800  0.3000  0.3224  0.5000
       8       7       1      10       1       5       4      10       0
 29   1   6   4
  0.0000  0.1226  0.1278  0.1762  0.2309  0.5000
       8      10      18       7      10       0
  0.0000  0.1387  0.2309  0.5000
       8       7      10       0
 29   2   8   6
  0.0000  0.1387  0.2115  0.2745  0.2800  0.3000  0.3051  0.5000
       8       7      10       1       5       4      10       0
  0.0000  0.1226  0.1278  0.1762  0.2309  0.5000
       8      10      18       7      10       0
 29   3   6   9
  0.0000  0.1226  0.1278  0.1762  0.2309  0.5000
       8      10      18       7      10       0
  0.0000  0.1387  0.2319  0.2332  0.2745  0.2800  0.3000  0.3222  0.5000
       8       7       1      10       1       5       4      10       0
 29   4   4   9
  0.0000  0.1387  0.2309  0.5000
       8       7      10       0
  0.0000  0.1387  0.2319  0.2332  0.2745  0.2800  0.3000  0.3222  0.5000
       8       7       1      10       1       5       4      10       0
 29   5   7   6
  0.0000  0.1387  0.2115  0.2616  0.2800  0.2877  0.5000
       8       7      10       1       5      10       0
  0.0000  0.1387  0.2309  0.3655  0.3675  0.5000
       8       7      10       4      10       0
 29   6   9   6
  0.0000  0.1387  0.2319  0.2332  0.2745  0.2800  0.3000  0.3224  0.5000
       8       7       1      10       1       5       4      10       0
  0.0000  0.1226  0.1278  0.1762  0.2309  0.5000
       8      10      18       7      10       0
 29   7   6   6
  0.0000  0.1226  0.1278  0.1762  0.2309  0.5000
       8      10      18       7      10       0
  0.0000  0.1226  0.1278  0.1762  0.2309  0.5000
       8      10      18       7      10       0
 29   8   9   8
  0.0000  0.1387  0.2319  0.2332  0.2745  0.2800  0.3000  0.3224  0.5000
       8       7       1      10       1       5       4      10       0
  0.0000  0.1226  0.1278  0.1762  0.2309  0.3972  0.4077  0.5000
       8      10      18       7      10       4      10       0
 29   9   6   8
  0.0000  0.1226  0.1278  0.1762  0.2309  0.5000
       8      10      18       7      10       0
  0.0000  0.1226  0.1278  0.1762  0.2309  0.3972  0.4077  0.5000
       8      10      18       7      10       4      10       0
 29  10   6   8
  0.0000  0.1226  0.1278  0.1762  0.2309  0.5000
       8      10      18       7      10       0
  0.0000  0.1226  0.1278  0.1762  0.2309  0.3972  0.4077  0.5000
       8      10      18       7      10       4      10       0
 30   1   6   7
  0.0000  0.1226  0.1278  0.1762  0.2309  0.5000
       8      10      18       7      10       0
  0.0000  0.1387  0.2115  0.2616  0.2800  0.2877  0.5000
       8       7      10       1       5      10       0
 30   2   5   4
  0.0000  0.1387  0.2319  0.2332  0.5000
       8       7       1      10       0
  0.0000  0.1387  0.2309  0.5000
       8       7      10       0
 30   3   9  11
  0.0000  0.1387  0.2319  0.2332  0.2745  0.2800  0.3000  0.3224  0.5000
       8       7       1      10       1       5       4      10       0
  0.0000  0.1226  0.1278  0.1762  0.2319  0.2332  0.2745  0.2800  0.3000  0.3222
       8      10      18       7       1      10       1       5       4      10
  0.5000
       0
 30   4   6   5
  0.0000  0.1226  0.1278  0.1762  0.2309  0.5000
       8      10      18       7      10       0
  0.0000  0.1387  0.2319  0.2332  0.5000
       8       7       1      10       0
 30   5   6   6
  0.0000  0.1226  0.1278  0.1762  0.2309  0.5000
       8      10      18       7      10       0
  0.0000  0.1226  0.1278  0.1762  0.2309  0.5000
       8      10      18       7      10       0
 30   6   6   6
  0.0000  0.1226  0.1278  0.1762  0.2309  0.5000
       8      10      18       7      10       0
  0.0000  0.1226  0.1278  0.1762  0.2309  0.5000
       8      10      18       7      10       0
 30   7   6   9
  0.0000  0.1226  0.1278  0.1762  0.2309  0.5000
       8      10      18       7      10       0
  0.0000  0.1387  0.2319  0.2332  0.2745  0.2800  0.3000  0.3222  0.5000
       8       7       1      10       1       5       4      10       0
 30   8   8   6
  0.0000  0.1387  0.2115  0.2745  0.2800  0.3000  0.3051  0.5000
       8       7      10       1       5       4      10       0
  0.0000  0.1387  0.2309  0.3655  0.3675  0.5000
       8       7      10       4      10       0
 30   9   6  11
  0.0000  0.1387  0.2309  0.3655  0.3675  0.5000
       8       7      10       4      10       0
  0.0000  0.1387  0.2319  0.2332  0.2745  0.2800  0.3000  0.3224  0.3972  0.4077
       8       7       1      10       1       5       4      10       4      10
  0.5000
       0
 30  10   6   4
  0.0000  0.1387  0.2309  0.3655  0.3675  0.5000
       8       7      10       4      10       0
  0.0000  0.1387  0.2314  0.5000
       8       7      10       0
 31   1  11   6
  0.0000  0.1226  0.1278  0.1762  0.2319  0.2332  0.2745  0.2800  0.3000  0.3222
       8      10      18       7       1      10       1       5       4      10
  0.5000
       0
  0.0000  0.1387  0.2309  0.3655  0.3675  0.5000
       8       7      10       4      10       0
 31   2  11  11
  0.0000  0.1387  0.2319  0.2332  0.2745  0.2800  0.3000  0.3224  0.3972  0.4077
       8       7       1      10       1       5       4      10       4      10
  0.5000
       0
  0.0000  0.1387  0.2319  0.2332  0.2745  0.2800  0.3000  0.3224  0.3972  0.4077
       8       7       1      10       1       5       4      10       4      10
  0.5000
       0
 31   3   6   6
  0.0000  0.1226  0.1278  0.1762  0.2309  0.5000
       8      10      18       7      10       0
  0.0000  0.1226  0.1278  0.1762  0.2309  0.5000
       8      10      18       7      10       0
 31   4   6   6
  0.0000  0.1226  0.1278  0.1762  0.2309  0.5000
       8      10      18       7      10       0
  0.0000  0.1226  0.1278  0.1762  0.2309  0.5000
       8      10      18       7      10       0
 31   5   6   5
  0.0000  0.1226  0.1278  0.1762  0.2309  0.5000
       8      10      18       7      10       0
  0.0000  0.1387  0.2319  0.2332  0.5000
       8       7       1      10       0
 31   6   5   8
  0.0000  0.1387  0.2319  0.2332  0.5000
       8       7       1      10       0
  0.0000  0.1387  0.2115  0.2745  0.2800  0.3000  0.3051  0.5000
       8       7      10       1       5       4      10       0
 31   7   6   4
  0.0000  0.1387  0.2309  0.3655  0.3675  0.5000
       8       7      10       4      10       0
  0.0000  0.1387  0.2309  0.5000
       8       7      10       0
 31   8   9   4
  0.0000  0.1387  0.2319  0.2332  0.2745  0.2800  0.3000  0.3224  0.5000
       8       7       1      10       1       5       4      10       0
  0.0000  0.1387  0.2309  0.5000
       8       7      10       0
 31   9   6  11
  0.0000  0.1387  0.2309  0.3655  0.3675  0.5000
       8       7      10       4      10       0
  0.0000  0.1387  0.2319  0.2332  0.2745  0.2800  0.3000  0.3224  0.3972  0.4077
       8       7       1      10       1       5       4      10       4      10
  0.5000
       0
 31  10   4   9
  0.0000  0.1387  0.2309  0.5000
       8       7      10       0
  0.0000  0.1387  0.2319  0.2332  0.2745  0.2800  0.3000  0.3222  0.5000
       8       7       1      10       1       5       4      10       0
 32   1   6   5
  0.0000  0.1387  0.2309  0.3655  0.3675  0.5000
       8       7      10       4      10       0
  0.0000  0.1387  0.2319  0.2332  0.5000
       8       7       1      10       0
 32   2   6   6
  0.0000  0.1226  0.1278  0.1762  0.2309  0.5000
       8      10      18       7      10       0
  0.0000  0.1387  0.2309  0.3655  0.3675  0.5000
       8       7      10       4      10       0
 32   3   6   6
  0.0000  0.1226  0.1278  0.1762  0.2309  0.5000
       8      10      18       7      10       0
  0.0000  0.1226  0.1278  0.1762  0.2309  0.5000
       8      10      18       7      10       0
 32   4  11  11
  0.0000  0.1226  0.1278  0.1762  0.2319  0.2332  0.2745  0.2800  0.3000  0.3222
       8      10      18       7       1      10       1       5       4      10
  0.5000
       0
  0.0000  0.1226  0.1278  0.1762  0.2319  0.2332  0.2745  0.2800  0.3000  0.3222
       8      10      18       7       1      10       1       5       4      10
  0.5000
       0
 32   5   6   6
  0.0000  0.1226  0.1278  0.1762  0.2309  0.5000
       8      10      18       7      10       0
  0.0000  0.1226  0.1278  0.1762  0.2309  0.5000
       8      10      18       7      10       0
 32   6   6  11
  0.0000  0.1226  0.1278  0.1762  0.2309  0.5000
       8      10      18       7      10       0
  0.0000  0.1387  0.2319  0.2332  0.2745  0.2800  0.3000  0.3224  0.3972  0.4077
       8       7       1      10       1       5       4      10       4      10
  0.5000
       0
 32   7  11  11
  0.0000  0.1387  0.2319  0.2332  0.2745  0.2800  0.3000  0.3224  0.3972  0.4077
       8       7       1      10       1       5       4      10       4      10
  0.5000
       0
  0.0000  0.1387  0.2319  0.2332  0.2745  0.2800  0.3000  0.3224  0.3972  0.4077
       8       7       1      10       1       5       4      10       4      10
  0.5000
       0
 32   8   6  11
  0.0000  0.1226  0.1278  0.1762  0.2309  0.5000
       8      10      18       7      10       0
  0.0000  0.1387  0.2319  0.2332  0.2745  0.2800  0.3000  0.3224  0.3972  0.4077
       8       7       1      10       1       5       4      10       4      10
  0.5000
       0
 32   9   7   6
  0.0000  0.1226  0.1278  0.1762  0.2319  0.2332  0.5000
       8      10      18       7       1      10       0
  0.0000  0.1387  0.2309  0.3655  0.3675  0.5000
       8       7      10       4      10       0
 32  10   5  11
  0.0000  0.1387  0.2319  0.2332  0.5000
       8       7       1      10       0
  0.0000  0.1387  0.2319  0.2332  0.2745  0.2800  0.3000  0.3224  0.3972  0.4077
       8       7       1      10       1       5       4      10       4      10
  0.5000
       0
 33   1   4   6
  0.0000  0.1387  0.2309  0.5000
       8       7      10       0
  0.0000  0.1226  0.1278  0.1762  0.2309  0.5000
       8      10      18       7      10       0
 33   2   4   5
  0.0000  0.1387  0.2309  0.5000
       8       7      10       0
  0.0000  0.1387  0.2319  0.2332  0.5000
       8       7       1      10       0
 33   3   6   6
  0.0000  0.1226  0.1278  0.1762  0.2309  0.5000
       8      10      18       7      10       0
  0.0000  0.1226  0.1278  0.1762  0.2309  0.5000
       8      10      18       7      10       0
 33   4  11   6
  0.0000  0.1226  0.1278  0.1762  0.2319  0.2332  0.2745  0.2800  0.3000  0.3222
       8      10      18       7       1      10       1       5       4      10
  0.5000
       0
  0.0000  0.1226  0.1278  0.1762  0.2309  0.5000
       8      10      18       7      10       0
 33   5   6   6
  0.0000  0.1387  0.1634  0.1762  0.2309  0.5000
       8       7      18       7      10       0
  0.0000  0.1226  0.1278  0.1762  0.2309  0.5000
       8      10      18       7      10       0
 33   6   6   6
  0.0000  0.1387  0.2309  0.3655  0.3675  0.5000
       8       7      10       4      10       0
  0.0000  0.1387  0.2309  0.3655  0.3675  0.5000
       8       7      10       4      10       0
 33   7   6   8
  0.0000  0.1387  0.2309  0.3655  0.3675  0.5000
       8       7      10       4      10       0
  0.0000  0.1387  0.2309  0.3055  0.3224  0.3972  0.4077  0.5000
       8       7      10       4      10       4      10       0
 33   8  11   6
  0.0000  0.1387  0.2319  0.2332  0.2745  0.2800  0.3000  0.3224  0.3972  0.4077
       8       7       1      10       1       5       4      10       4      10
  0.5000
       0
  0.0000  0.1226  0.1278  0.1762  0.2309  0.5000
       8      10      18       7      10       0
 33   9  11   6
  0.0000  0.1387  0.2319  0.2332  0.2745  0.2800  0.3000  0.3224  0.3972  0.4077
       8       7       1      10       1       5       4      10       4      10
  0.5000
       0
  0.0000  0.1226  0.1278  0.1762  0.2309  0.5000
       8      10      18       7      10       0
 33  10   6   6
  0.0000  0.1226  0.1278  0.1762  0.2309  0.5000
       8      10      18       7      10       0
  0.0000  0.1226  0.1278  0.1762  0.2309  0.5000
       8      10      18       7      10       0
 34   1  11   8
  0.0000  0.1387  0.2319  0.2332  0.2745  0.2800  0.3000  0.3224  0.3972  0.4077
       8       7       1      10       1       5       4      10       4      10
  0.5000
       0
  0.0000  0.1387  0.2309  0.3055  0.3224  0.3972  0.4077  0.5000
       8       7      10       4      10       4      10       0
 34   2   6   6
  0.0000  0.1226  0.1278  0.1762  0.2309  0.5000
       8      10      18       7      10       0
  0.0000  0.1226  0.1278  0.1762  0.2309  0.5000
       8      10      18       7      10       0
 34   3   6   6
  0.0000  0.1226  0.1278  0.1762  0.2309  0.5000
       8      10      18       7      10       0
  0.0000  0.1387  0.2309  0.3655  0.3675  0.5000
       8       7      10       4      10       0
 34   4   4   4
  0.0000  0.1387  0.2309  0.5000
       8       7      10       0
  0.0000  0.1387  0.2309  0.5000
       8       7      10       0
 34   5   6  11
  0.0000  0.1387  0.1634  0.1762  0.2309  0.5000
       8       7      18       7      10       0
  0.0000  0.1387  0.2319  0.2332  0.2745  0.2800  0.3000  0.3224  0.3972  0.4077
       8       7       1      10       1       5       4      10       4      10
  0.5000
       0
 34   6   6   6
  0.0000  0.1387  0.2309  0.3655  0.3675  0.5000
       8       7      10       4      10       0
  0.0000  0.1387  0.2309  0.3655  0.3675  0.5000
       8       7      10       4      10       0
 34   7   6   6
  0.0000  0.1387  0.2309  0.3655  0.3675  0.5000
       8       7      10       4      10       0
  0.0000  0.1387  0.2309  0.3655  0.3675  0.5000
       8       7      10       4      10       0
 34   8   6  11
  0.0000  0.1226  0.1278  0.1762  0.2309  0.5000
       8      10      18       7      10       0
  0.0000  0.1387  0.2319  0.2332  0.2745  0.2800  0.3000  0.3224  0.3972  0.4077
       8       7       1      10       1       5       4      10       4      10
  0.5000
       0
 34   9   6   6
  0.0000  0.1226  0.1278  0.1762  0.2309  0.5000
       8      10      18       7      10       0
  0.0000  0.1226  0.1278  0.1762  0.2309  0.5000
       8      10      18       7      10       0
 34  10   6   6
  0.0000  0.1387  0.2309  0.3655  0.3675  0.5000
       8       7      10       4      10       0
  0.0000  0.1387  0.1634  0.1762  0.2309  0.5000
       8       7      18       7      10       0
 35   1   6  11
  0.0000  0.1226  0.1278  0.1762  0.2309  0.5000
       8      10      18       7      10       0
  0.0000  0.1387  0.2319  0.2332  0.2745  0.2800  0.3000  0.3224  0.3972  0.4077
       8       7       1      10       1       5       4      10       4      10
  0.5000
       0
 35   2   6   8
  0.0000  0.1226  0.1278  0.1762  0.2309  0.5000
       8      10      18       7      10       0
  0.0000  0.1387  0.1634  0.1762  0.2309  0.3655  0.3675  0.5000
       8       7      18       7      10       4      10       0
 35   3   6   6
  0.0000  0.1226  0.1278  0.1762  0.2309  0.5000
       8      10      18       7      10       0
  0.0000  0.1387  0.2309  0.3655  0.3675  0.5000
       8       7      10       4      10       0
 35   4  11   6
  0.0000  0.1387  0.2319  0.2332  0.2745  0.2800  0.3000  0.3224  0.3972  0.4077
       8       7       1      10       1       5       4      10       4      10
  0.5000
       0
  0.0000  0.1387  0.1634  0.1762  0.2309  0.5000
       8       7      18       7      10       0
 35   5   6  11
  0.0000  0.1387  0.2309  0.3655  0.3675  0.5000
       8       7      10       4      10       0
  0.0000  0.1387  0.2319  0.2332  0.2745  0.2800  0.3000  0.3224  0.3972  0.4077
       8       7       1      10       1       5       4      10       4      10
  0.5000
       0
 35   6   6   6
  0.0000  0.1387  0.1634  0.1762  0.2309  0.5000
       8       7      18       7      10       0
  0.0000  0.1226  0.1278  0.1762  0.2309  0.5000
       8      10      18       7      10       0
 35   7   8   6
  0.0000  0.1387  0.1634  0.1762  0.2309  0.3655  0.3675  0.5000
       8       7      18       7      10       4      10       0
  0.0000  0.1387  0.2309  0.3655  0.3675  0.5000
       8       7      10       4      10       0
 35   8   6   6
  0.0000  0.1387  0.2309  0.3655  0.3675  0.5000
       8       7      10       4      10       0
  0.0000  0.1387  0.2309  0.3655  0.3675  0.5000
       8       7      10       4      10       0
 35   9   6  13
  0.0000  0.1226  0.1278  0.1762  0.2309  0.5000
       8      10      18       7      10       0
  0.0000  0.1387  0.1634  0.1743  0.2319  0.2332  0.2745  0.2800  0.3000  0.3224
       8       7      18       7       1      10       1       5       4      10
  0.3972  0.4077  0.5000
       4      10       0
 35  10   6   6
  0.0000  0.1226  0.1278  0.1762  0.2309  0.5000
       8      10      18       7      10       0
  0.0000  0.1226  0.1278  0.1762  0.2309  0.5000
       8      10      18       7      10       0
 36   1   8   6
  0.0000  0.1387  0.1634  0.1762  0.2309  0.3972  0.4077  0.5000
       8       7      18       7      10       4      10       0
  0.0000  0.1387  0.2309  0.3655  0.3675  0.5000
       8       7      10       4      10       0
 36   2  13   6
  0.0000  0.1387  0.1634  0.1743  0.2319  0.2332  0.2745  0.2800  0.3000  0.3224
       8       7      18       7       1      10       1       5       4      10
  0.3972  0.4077  0.5000
       4      10       0
  0.0000  0.1226  0.1278  0.1762  0.2309  0.5000
       8      10      18       7      10       0
 36   3   8   6
  0.0000  0.1387  0.1634  0.1762  0.2309  0.3655  0.3675  0.5000
       8       7      18       7      10       4      10       0
  0.0000  0.1226  0.1278  0.1762  0.2309  0.5000
       8      10      18       7      10       0
 36   4   6   8
  0.0000  0.1387  0.2309  0.3655  0.3675  0.5000
       8       7      10       4      10       0
  0.0000  0.1387  0.1634  0.1762  0.2309  0.3655  0.3675  0.5000
       8       7      18       7      10       4      10       0
 36   5   6   4
  0.0000  0.1226  0.1278  0.1762  0.2309  0.5000
       8      10      18       7      10       0
  0.0000  0.1387  0.2309  0.5000
       8       7      10       0
 36   6   8   6
  0.0000  0.1387  0.2309  0.3166  0.3224  0.3972  0.4077  0.5000
       8       7      10       4      10       4      10       0
  0.0000  0.1387  0.1634  0.1762  0.2309  0.5000
       8       7      18       7      10       0
 36   7   6   8
  0.0000  0.1226  0.1278  0.1762  0.2309  0.5000
       8      10      18       7      10       0
  0.0000  0.1226  0.1278  0.1762  0.2309  0.3655  0.3675  0.5000
       8      10      18       7      10       4      10       0
 36   8   6   6
  0.0000  0.1226  0.1278  0.1762  0.2309  0.5000
       8      10      18       7      10       0
  0.0000  0.1387  0.2309  0.3655  0.3675  0.5000
       8       7      10       4      10       0
 36   9  11   6
  0.0000  0.1387  0.2319  0.2332  0.2745  0.2800  0.3000  0.3224  0.3972  0.4077
       8       7       1      10       1       5       4      10       4      10
  0.5000
       0
  0.0000  0.1226  0.1278  0.1762  0.2309  0.5000
       8      10      18       7      10       0
 36  10   6   6
  0.0000  0.1387  0.2309  0.3655  0.3675  0.5000
       8       7      10       4      10       0
  0.0000  0.1226  0.1278  0.1762  0.2309  0.5000
       8      10      18       7      10       0
 37   1  11   5
  0.0000  0.1387  0.2319  0.2332  0.2745  0.2800  0.3000  0.3224  0.3972  0.4077
       8       7       1      10       1       5       4      10       4      10
  0.5000
       0
  0.0000  0.1387  0.2319  0.2332  0.5000
       8       7       1      10       0
 37   2   6   6
  0.0000  0.1226  0.1278  0.1762  0.2309  0.5000
       8      10      18       7      10       0
  0.0000  0.1226  0.1278  0.1762  0.2309  0.5000
       8      10      18       7      10       0
 37   3   6   6
  0.0000  0.1226  0.1278  0.1762  0.2309  0.5000
       8      10      18       7      10       0
  0.0000  0.1226  0.1278  0.1762  0.2309  0.5000
       8      10      18       7      10       0
 37   4   6   6
  0.0000  0.1387  0.2309  0.3655  0.3675  0.5000
       8       7      10       4      10       0
  0.0000  0.1226  0.1278  0.1762  0.2309  0.5000
       8      10      18       7      10       0
 37   5   6   6
  0.0000  0.1387  0.2309  0.3655  0.3675  0.5000
       8       7      10       4      10       0
  0.0000  0.1387  0.2309  0.3655  0.3675  0.5000
       8       7      10       4      10       0
 37   6   6   6
  0.0000  0.1387  0.2309  0.3655  0.3675  0.5000
       8       7      10       4      10       0
  0.0000  0.1226  0.1278  0.1762  0.2309  0.5000
       8      10      18       7      10       0
 37   7   6   6
  0.0000  0.1226  0.1278  0.1618  0.2309  0.5000
       8      10      18       7      10       0
  0.0000  0.1387  0.1634  0.1762  0.2309  0.5000
       8       7      18       7      10       0
 37   8   6   8
  0.0000  0.1226  0.1278  0.1762  0.2309  0.5000
       8      10      18       7      10       0
  0.0000  0.1387  0.2309  0.3166  0.3224  0.3972  0.4077  0.5000
       8       7      10       4      10       4      10       0
 37   9   4   6
  0.0000  0.1387  0.2309  0.5000
       8       7      10       0
  0.0000  0.1226  0.1278  0.1762  0.2309  0.5000
       8      10      18       7      10       0
 37  10   8   6
  0.0000  0.1226  0.1278  0.1762  0.2309  0.3655  0.3675  0.5000
       8      10      18       7      10       4      10       0
  0.0000  0.1387  0.2309  0.3655  0.3675  0.5000
       8       7      10       4      10       0
 38   1   6   6
  0.0000  0.1226  0.1278  0.1762  0.2309  0.5000
       8      10      18       7      10       0
  0.0000  0.1226  0.1278  0.1618  0.2309  0.5000
       8      10      18       7      10       0
 38   2   6   6
  0.0000  0.1226  0.1278  0.1762  0.2309  0.5000
       8      10      18       7      10       0
  0.0000  0.1387  0.2309  0.3655  0.3675  0.5000
       8       7      10       4      10       0
 38   3   6   6
  0.0000  0.1226  0.1278  0.1762  0.2309  0.5000
       8      10      18       7      10       0
  0.0000  0.1387  0.2309  0.3655  0.3675  0.5000
       8       7      10       4      10       0
 38   4   6   6
  0.0000  0.1387  0.2309  0.3655  0.3675  0.5000
       8       7      10       4      10       0
  0.0000  0.1387  0.2309  0.3655  0.3675  0.5000
       8       7      10       4      10       0
 38   5   6   6
  0.0000  0.1226  0.1278  0.1762  0.2309  0.5000
       8      10      18       7      10       0
  0.0000  0.1226  0.1278  0.1762  0.2309  0.5000
       8      10      18       7      10       0
 38   6   8   6
  0.0000  0.1387  0.2309  0.3166  0.3224  0.3972  0.4077  0.5000
       8       7      10       4      10       4      10       0
  0.0000  0.1226  0.1278  0.1762  0.2309  0.5000
       8      10      18       7      10       0
 38   7   6   6
  0.0000  0.1226  0.1278  0.1762  0.2309  0.5000
       8      10      18       7      10       0
  0.0000  0.1387  0.2309  0.3655  0.3675  0.5000
       8       7      10       4      10       0
 38   8   6   8
  0.0000  0.1226  0.1278  0.1762  0.2309  0.5000
       8      10      18       7      10       0
  0.0000  0.1226  0.1278  0.1762  0.2309  0.3655  0.3675  0.5000
       8      10      18       7      10       4      10       0
 38   9   6   6
  0.0000  0.1226  0.1278  0.1618  0.2309  0.5000
       8      10      18       7      10       0
  0.0000  0.1226  0.1278  0.1762  0.2309  0.5000
       8      10      18       7      10       0
 38  10   6   5
  0.0000  0.1226  0.1278  0.1762  0.2309  0.5000
       8      10      18       7      10       0
  0.0000  0.1387  0.2319  0.2332  0.5000
       8       7       1      10       0
 39   1   6   6
  0.0000  0.1387  0.2309  0.3655  0.3675  0.5000
       8       7      10       4      10       0
  0.0000  0.1226  0.1278  0.1762  0.2309  0.5000
       8      10      18       7      10       0
 39   2   6   6
  0.0000  0.1226  0.1278  0.1762  0.2309  0.5000
       8      10      18       7      10       0
  0.0000  0.1387  0.2309  0.3655  0.3675  0.5000
       8       7      10       4      10       0
 39   3   8   6
  0.0000  0.1387  0.2309  0.3166  0.3224  0.3972  0.4077  0.5000
       8       7      10       4      10       4      10       0
  0.0000  0.1226  0.1278  0.1762  0.2309  0.5000
       8      10      18       7      10       0
 39   4   6   6
  0.0000  0.1226  0.1278  0.1762  0.2309  0.5000
       8      10      18       7      10       0
  0.0000  0.1226  0.1278  0.1762  0.2309  0.5000
       8      10      18       7      10       0
 39   5   6   6
  0.0000  0.1226  0.1278  0.1762  0.2309  0.5000
       8      10      18       7      10       0
  0.0000  0.1387  0.2309  0.3655  0.3675  0.5000
       8       7      10       4      10       0
 39   6   6   6
  0.0000  0.1387  0.2309  0.3655  0.3675  0.5000
       8       7      10       4      10       0
  0.0000  0.1226  0.1278  0.1762  0.2309  0.5000
       8      10      18       7      10       0
 39   7   6   6
  0.0000  0.1226  0.1278  0.1762  0.2309  0.5000
       8      10      18       7      10       0
  0.0000  0.1387  0.2309  0.3655  0.3675  0.5000
       8       7      10       4      10       0
 39   8   6   6
  0.0000  0.1226  0.1278  0.1762  0.2309  0.5000
       8      10      18       7      10       0
  0.0000  0.1226  0.1278  0.1762  0.2309  0.5000
       8      10      18       7      10       0
 39   9   8   4
  0.0000  0.1387  0.2309  0.3166  0.3224  0.3972  0.4077  0.5000
       8       7      10       4      10       4      10       0
  0.0000  0.1387  0.2309  0.5000
       8       7      10       0
 39  10   6   6
  0.0000  0.1226  0.1278  0.1762  0.2309  0.5000
       8      10      18       7      10       0
  0.0000  0.1226  0.1278  0.1618  0.2309  0.5000
       8      10      18       7      10       0
 40   1   6   6
  0.0000  0.1226  0.1278  0.1762  0.2309  0.5000
       8      10      18       7      10       0
  0.0000  0.1387  0.2309  0.3655  0.3675  0.5000
       8       7      10       4      10       0
 40   2   6   6
  0.0000  0.1387  0.2309  0.3655  0.3675  0.5000
       8       7      10       4      10       0
  0.0000  0.1226  0.1278  0.1762  0.2309  0.5000
       8      10      18       7      10       0
 40   3   6   6
  0.0000  0.1226  0.1278  0.1762  0.2309  0.5000
       8      10      18       7      10       0
  0.0000  0.1387  0.2309  0.3655  0.3675  0.5000
       8       7      10       4      10       0
 40   4   6   6
  0.0000  0.1226  0.1278  0.1762  0.2309  0.5000
       8      10      18       7      10       0
  0.0000  0.1387  0.2309  0.3655  0.3675  0.5000
       8       7      10       4      10       0
 40   5   6   6
  0.0000  0.1226  0.1278  0.1762  0.2309  0.5000
       8      10      18       7      10       0
  0.0000  0.1387  0.2309  0.3655  0.3675  0.5000
       8       7      10       4      10       0
 40   6   6   6
  0.0000  0.1226  0.1278  0.1762  0.2309  0.5000
       8      10      18       7      10       0
  0.0000  0.1226  0.1278  0.1762  0.2309  0.5000
       8      10      18       7      10       0
 40   7   6   6
  0.0000  0.1226  0.1278  0.1762  0.2309  0.5000
       8      10      18       7      10       0
  0.0000  0.1226  0.1278  0.1762  0.2309  0.5000
       8      10      18       7      10       0
 40   8   6   6
  0.0000  0.1226  0.1278  0.1618  0.2309  0.5000
       8      10      18       7      10       0
  0.0000  0.1387  0.2309  0.3655  0.3675  0.5000
       8       7      10       4      10       0
 40   9   6   6
  0.0000  0.1226  0.1278  0.1762  0.2309  0.5000
       8      10      18       7      10       0
  0.0000  0.1226  0.1278  0.1762  0.2309  0.5000
       8      10      18       7      10       0
 40  10   4   8
  0.0000  0.1387  0.2309  0.5000
       8       7      10       0
  0.0000  0.1226  0.1278  0.1762  0.2309  0.3655  0.3675  0.5000
       8      10      18       7      10       4      10       0
