 ... generation ...    0
   1   0   0   2   2   2   2
 -0.5000  0.5000
       1    ****
 -0.5000  0.5000
       2    ****
   2   0   0   2   2   2   2
 -0.5000  0.5000
       3    ****
 -0.5000  0.5000
       4    ****
   3   0   0   2   2   2   2
 -0.5000  0.5000
       5    ****
 -0.5000  0.5000
       6    ****
   4   0   0   2   2   2   2
 -0.5000  0.5000
       7    ****
 -0.5000  0.5000
       8    ****
 ... generation ...    1
   1   1   3   2   4   2   2
 -0.5000  0.5000
       2    ****
 -0.5000 -0.4039  0.0265  0.5000
       6       5       6    ****
   2   3   1   3   2   2   2
 -0.5000  0.0348  0.5000
       6       5    ****
 -0.5000  0.5000
       2    ****
   3   3   2   3   3   2   2
 -0.5000 -0.4836  0.5000
       6       5    ****
 -0.5000  0.2140  0.5000
       4       3    ****
   4   4   1   3   3   2   2
 -0.5000  0.0711  0.5000
       7       8    ****
 -0.5000 -0.0783  0.5000
       2       1    ****
 ... generation ...    2
   1   1   3   5   3   2   2
 -0.5000 -0.3927  0.0265  0.3787  0.5000
       2       5       6       2    ****
 -0.5000  0.0631  0.5000
       4       5    ****
   2   1   1   5   5   2   2
 -0.5000 -0.4039 -0.1495  0.1655  0.5000
       6       5       2       6    ****
 -0.5000 -0.1301  0.0265  0.1201  0.5000
       2       5       6       2    ****
   3   1   3   5   3   2   2
 -0.5000 -0.4039  0.0265  0.4298  0.5000
       6       5       6       2    ****
 -0.5000  0.2140  0.5000
       4       3    ****
   4   4   3   4   4   2   2
 -0.5000 -0.0783  0.1970  0.5000
       2       1       8    ****
 -0.5000 -0.4836  0.4834  0.5000
       6       5       3    ****
 ... generation ...    3
   1   1   1   3   5   2   2
 -0.5000  0.0631  0.5000
       4       5    ****
 -0.5000 -0.1871  0.0265  0.3787  0.5000
       4       5       6       2    ****
   2   1   1   5   5   2   2
 -0.5000 -0.3927  0.0265  0.3724  0.5000
       2       5       6       5    ****
 -0.5000  0.0631  0.2307  0.3787  0.5000
       4       5       6       2    ****
   3   2   3   8   4   2   2
 -0.5000 -0.4458 -0.4039 -0.1495  0.1655  0.3232  0.3919  0.5000
       2       6       5       2       6       2       6    ****
 -0.5000 -0.4787  0.2140  0.5000
       6       4       3    ****
   4   2   2   5   7   2   2
 -0.5000 -0.1301  0.0265  0.1201  0.5000
       2       5       6       2    ****
 -0.5000 -0.4039 -0.1495  0.0428  0.1201  0.2557  0.5000
       6       5       2       6       2       6    ****
 ... generation ...    4
   1   4   1   6   5   2   2
 -0.5000 -0.4584 -0.1301  0.0265  0.1201  0.5000
       6       2       5       6       2    ****
 -0.5000  0.0631  0.2929  0.3365  0.5000
       4       5       6       5    ****
   2   4   2   7   5   2   2
 -0.5000 -0.2223 -0.1495  0.0428  0.1201  0.2557  0.5000
       2       5       2       6       2       6    ****
 -0.5000  0.0631  0.2307  0.3724  0.5000
       4       5       6       5    ****
   3   4   4   7   6   2   2
 -0.5000 -0.4039 -0.1495  0.0428  0.1201  0.2557  0.5000
       6       5       2       6       2       6    ****
 -0.5000 -0.1301  0.0265  0.1201  0.2557  0.5000
       2       5       6       2       6    ****
   4   1   1   5   3   2   2
 -0.5000 -0.1871  0.0265  0.3787  0.5000
       4       5       6       2    ****
 -0.5000  0.0631  0.5000
       4       5    ****
 ... generation ...    5
   1   1   4   6   3   2   2
 -0.5000 -0.4584 -0.1301  0.0265  0.1201  0.5000
       6       2       5       6       2    ****
 -0.5000  0.0631  0.5000
       4       5    ****
   2   2   3   7   7   2   2
 -0.5000 -0.2223 -0.1495  0.0428  0.1201  0.2557  0.5000
       2       5       2       6       2       6    ****
 -0.5000 -0.4039 -0.1495  0.0428  0.1201  0.2557  0.5000
       6       5       2       6       2       6    ****
   3   4   3   5   6   2   2
 -0.5000 -0.1871  0.0265  0.1676  0.5000
       4       5       6       5    ****
 -0.5000 -0.1301  0.0265  0.1201  0.2557  0.5000
       2       5       6       2       6    ****
   4   2   4   7   5   2   2
 -0.5000 -0.2223 -0.1495  0.0428  0.1201  0.2557  0.5000
       2       5       2       6       2       6    ****
 -0.5000 -0.1871  0.0265  0.2930  0.5000
       4       5       6       5    ****
 ... generation ...    6
   1   2   3   7   5   2   2
 -0.5000 -0.2223 -0.1495  0.0428  0.1201  0.2557  0.5000
       2       5       2       6       2       6    ****
 -0.5000 -0.1871  0.0265  0.1676  0.5000
       4       5       6       5    ****
   2   4   1   6   3   2   2
 -0.5000 -0.1871  0.0265  0.2193  0.2557  0.5000
       4       5       6       2       6    ****
 -0.5000  0.0631  0.5000
       4       5    ****
   3   2   2   7   7   2   2
 -0.5000 -0.4039 -0.1495  0.0428  0.1201  0.2557  0.5000
       6       5       2       6       2       6    ****
 -0.5000 -0.2811 -0.1495  0.0428  0.1201  0.2557  0.5000
       2       5       2       6       2       6    ****
   4   4   4   7   9   2   2
 -0.5000 -0.2223 -0.2217 -0.1871  0.0265  0.2930  0.5000
       2       5       4       5       6       5    ****
 -0.5000 -0.4435 -0.2223 -0.1495  0.0428  0.1201  0.2557  0.4005  0.5000
       4       2       5       2       6       2       6       5    ****
 ... generation ...    7
   1   3   2   7   6   2   2
 -0.5000 -0.4039 -0.1495  0.0428  0.1201  0.2557  0.5000
       6       5       2       6       2       6    ****
 -0.5000 -0.1871  0.0265  0.2193  0.2557  0.5000
       4       5       6       2       6    ****
   2   2   1   6   7   2   2
 -0.5000 -0.1871  0.0265  0.2193  0.2557  0.5000
       4       5       6       2       6    ****
 -0.5000 -0.2223 -0.1495  0.0428  0.1201  0.1899  0.5000
       2       5       2       6       2       5    ****
   3   2   4   4   9   2   2
 -0.5000  0.0631  0.4181  0.5000
       4       5       6    ****
 -0.5000 -0.2223 -0.2217 -0.1871  0.0265  0.1544  0.2557  0.4005  0.5000
       2       5       4       5       6       2       6       5    ****
   4   4   1   9   9   2   2
 -0.5000 -0.2223 -0.2217 -0.1871  0.0265  0.2930  0.3889  0.4005  0.5000
       2       5       4       5       6       5       6       5    ****
 -0.5000 -0.3443 -0.2223 -0.1495 -0.1435  0.0265  0.1676  0.2957  0.5000
       4       2       5       2       5       6       5       6    ****
 ... generation ...    8
   1   1   3   7   9   2   2
 -0.5000 -0.4039 -0.1495  0.0428  0.1201  0.2557  0.5000
       6       5       2       6       2       6    ****
 -0.5000 -0.2223 -0.2217 -0.1871  0.0265  0.1544  0.2557  0.4005  0.5000
       2       5       4       5       6       2       6       5    ****
   2   3   4   4   9   2   2
 -0.5000  0.0631  0.4181  0.5000
       4       5       6    ****
 -0.5000 -0.2223 -0.2217 -0.1871  0.0265  0.2930  0.3889  0.4005  0.5000
       2       5       4       5       6       5       6       5    ****
   3   4   3  10   4   2   2
 -0.5000 -0.2223 -0.2217 -0.1871 -0.1495 -0.1435  0.0265  0.1676  0.2957  0.5000
       2       5       4       5       2       5       6       5       6    ****
 -0.5000  0.0631  0.4181  0.5000
       4       5       6    ****
   4   2   2   7   9   2   2
 -0.5000 -0.2223 -0.1495  0.0428  0.1201  0.1899  0.5000
       2       5       2       6       2       5    ****
 -0.5000 -0.2223 -0.1495  0.0428  0.1201  0.1899  0.4541  0.4785  0.5000
       2       5       2       6       2       5       6       5    ****
 ... generation ...    9
   1   4   1   9   9   2   2
 -0.5000 -0.2223 -0.1495  0.0428  0.1201  0.1899  0.4541  0.4785  0.5000
       2       5       2       6       2       5       6       5    ****
 -0.5000 -0.4039 -0.1495  0.0428  0.1544  0.2557  0.4005  0.4987  0.5000
       6       5       2       6       2       6       5       6    ****
   2   3   3  11  13   2   2
 -0.5000 -0.3883 -0.2223 -0.2217 -0.1871 -0.1495 -0.1435  0.0265  0.1676  0.2957
       4       2       5       4       5       2       5       6       5       6
  0.5000
    ****
 -0.5000 -0.3092 -0.2223 -0.2217 -0.1871 -0.1495 -0.1435  0.0265  0.1676  0.2957
       4       2       5       4       5       2       5       6       5       6
  0.3841  0.4181  0.5000
       5       6    ****
   3   2   3   4  10   2   2
 -0.5000  0.0631  0.4181  0.5000
       4       5       6    ****
 -0.5000 -0.2223 -0.2217 -0.1871 -0.1495 -0.1435  0.0265  0.1676  0.2957  0.5000
       2       5       4       5       2       5       6       5       6    ****
   4   4   3   7  12   2   2
 -0.5000 -0.2223 -0.1495  0.0428  0.1201  0.1899  0.5000
       2       5       2       6       2       5    ****
 -0.5000 -0.4190 -0.3586 -0.2223 -0.2217 -0.1871 -0.1495 -0.1435  0.0265  0.1676
       2       4       2       5       4       5       2       5       6       5
  0.2957  0.5000
       6    ****
 ... generation ...   10
   1   4   3  10   4   2   2
 -0.5000 -0.4190 -0.3763 -0.2223 -0.1495 -0.1435  0.0265  0.1676  0.2957  0.5000
       2       4       2       5       2       5       6       5       6    ****
 -0.5000  0.0631  0.2957  0.5000
       4       5       6    ****
   2   4   3  14  10   2   2
 -0.5000 -0.4190 -0.3586 -0.2223 -0.2217 -0.1871 -0.1495 -0.1435 -0.0718  0.0038
       2       4       2       5       4       5       2       5       2       5
  0.0265  0.1676  0.2957  0.5000
       6       5       6    ****
 -0.5000 -0.2223 -0.2217 -0.1871 -0.1495 -0.1435  0.0265  0.1676  0.2957  0.5000
       2       5       4       5       2       5       6       5       6    ****
   3   2   1  13   9   2   2
 -0.5000 -0.3883 -0.2223 -0.2217 -0.1871 -0.1495 -0.1435  0.0265  0.1676  0.2957
       4       2       5       4       5       2       5       6       5       6
  0.3841  0.4181  0.5000
       5       6    ****
 -0.5000 -0.2703 -0.1495  0.0428  0.1544  0.2557  0.4005  0.4987  0.5000
       2       5       2       6       2       6       5       6    ****
   4   2   3  13  10   2   2
 -0.5000 -0.3092 -0.2223 -0.2217 -0.1871 -0.1495 -0.1435  0.0265  0.1676  0.2957
       4       2       5       4       5       2       5       6       5       6
  0.3841  0.4134  0.5000
       5       6    ****
 -0.5000 -0.2223 -0.2217 -0.1871 -0.1495 -0.1435  0.0265  0.1676  0.2957  0.5000
       2       5       4       5       2       5       6       5       6    ****
