 ... generation ...    0
   1   0   0   2   2   2   2
 -0.5000  0.5000
       1    ****
 -0.5000  0.5000
       2    ****
   2   0   0   2   2   2   2
 -0.5000  0.5000
       3    ****
 -0.5000  0.5000
       4    ****
   3   0   0   2   2   2   2
 -0.5000  0.5000
       5    ****
 -0.5000  0.5000
       6    ****
   4   0   0   2   2   2   2
 -0.5000  0.5000
       7    ****
 -0.5000  0.5000
       8    ****
 ... generation ...    1
   1   4   4   3   3   2   2
 -0.5000 -0.2191  0.5000
       7       8    ****
 -0.5000  0.1454  0.5000
       8       7    ****
   2   3   1   3   2   2   2
 -0.5000  0.1944  0.5000
       6       5    ****
 -0.5000  0.5000
       2    ****
   3   4   2   2   3   2   2
 -0.5000  0.5000
       8    ****
 -0.5000  0.4305  0.5000
       4       3    ****
   4   3   4   4   2   2   2
 -0.5000 -0.0179  0.2077  0.5000
       5       6       5    ****
 -0.5000  0.5000
       7    ****
 ... generation ...    2
   1   1   1   5   4   2   2
 -0.5000 -0.4769  0.1454  0.3057  0.5000
       7       8       7       8    ****
 -0.5000 -0.3687 -0.2191  0.5000
       8       7       8    ****
   2   2   1   3   3   2   2
 -0.5000 -0.3253  0.5000
       6       2    ****
 -0.5000  0.1454  0.5000
       8       7    ****
   3   3   2   3   3   2   2
 -0.5000  0.4612  0.5000
       8       3    ****
 -0.5000  0.1944  0.5000
       6       5    ****
   4   2   3   7   2   2   2
 -0.5000 -0.1840 -0.0311  0.1730  0.1944  0.4192  0.5000
       2       6       2       6       5       2    ****
 -0.5000  0.5000
       8    ****
 ... generation ...    3
   1   2   4   5   6   2   2
 -0.5000 -0.4304  0.1454  0.2997  0.5000
       6       8       7       2    ****
 -0.5000 -0.1840 -0.0965  0.0461  0.0469  0.5000
       2       6       8       2       8    ****
   2   1   3   6   4   2   2
 -0.5000 -0.3687 -0.2191  0.1454  0.2243  0.5000
       8       7       8       7       8    ****
 -0.5000  0.1285  0.1944  0.5000
       8       6       5    ****
   3   3   3   6   3   2   2
 -0.5000 -0.4391 -0.1449 -0.0253  0.1944  0.5000
       8       6       8       6       5    ****
 -0.5000  0.1944  0.5000
       6       5    ****
   4   3   3   4   3   2   2
 -0.5000 -0.3266  0.4612  0.5000
       6       8       3    ****
 -0.5000  0.1944  0.5000
       6       5    ****
 ... generation ...    4
   1   1   1   6   4   2   2
 -0.5000 -0.4304  0.1454  0.2997  0.3812  0.5000
       6       8       7       2       8    ****
 -0.5000 -0.4304  0.3492  0.5000
       6       8       2    ****
   2   1   4   6   5   2   2
 -0.5000 -0.1840 -0.0965  0.0461  0.0469  0.5000
       2       6       8       2       8    ****
 -0.5000 -0.3266 -0.0196  0.1944  0.5000
       6       8       6       5    ****
   3   4   3   7   6   2   2
 -0.5000 -0.3266 -0.0933  0.1944  0.3319  0.4612  0.5000
       6       8       6       5       8       3    ****
 -0.5000 -0.4391 -0.0633 -0.0253  0.1944  0.5000
       8       6       8       6       5    ****
   4   3   3   3   5   2   2
 -0.5000  0.1944  0.5000
       6       5    ****
 -0.5000 -0.1449 -0.0253  0.1944  0.5000
       6       8       6       5    ****
 ... generation ...    5
   1   1   2   6   6   2   2
 -0.5000 -0.4304  0.1454  0.2997  0.3812  0.5000
       6       8       7       2       8    ****
 -0.5000 -0.1840 -0.0965  0.0390  0.1944  0.5000
       2       6       8       6       5    ****
   2   2   4   9   3   2   2
 -0.5000 -0.3579 -0.3266 -0.2103 -0.1840 -0.0965  0.0461  0.0469  0.5000
       2       6       8       2       6       8       2       8    ****
 -0.5000  0.1944  0.5000
       6       5    ****
   3   1   2   7   6   2   2
 -0.5000 -0.4304  0.1454  0.2997  0.3812  0.4716  0.5000
       6       8       7       2       8       2    ****
 -0.5000 -0.1840 -0.0965  0.0461  0.0469  0.5000
       2       6       8       2       8    ****
   4   3   4   5   5   2   2
 -0.5000 -0.3266 -0.0933  0.1944  0.5000
       6       8       6       5    ****
 -0.5000 -0.1449 -0.0253  0.1944  0.5000
       6       8       6       5    ****
 ... generation ...    6
   1   2   4  11   5   2   2
 -0.5000 -0.3579 -0.3266 -0.2103 -0.1840 -0.0965  0.0461  0.0469  0.0704  0.1944
       2       6       8       2       6       8       2       8       6       5
  0.5000
    ****
 -0.5000 -0.3266 -0.0933  0.1944  0.5000
       6       8       6       5    ****
   2   2   2   8   9   2   2
 -0.5000 -0.2136 -0.2103 -0.1840 -0.0965  0.0461  0.0469  0.5000
       6       8       2       6       8       2       8    ****
 -0.5000 -0.3579 -0.3266 -0.2103 -0.1840 -0.0371  0.0461  0.0469  0.5000
       2       6       8       2       6       8       2       8    ****
   3   3   3   7   7   2   2
 -0.5000 -0.3220  0.1454  0.2997  0.3812  0.4716  0.5000
       2       8       7       2       8       2    ****
 -0.5000 -0.4304  0.1454  0.2997  0.3812  0.4716  0.5000
       6       8       7       2       8       2    ****
   4   3   3   7   6   2   2
 -0.5000 -0.4304  0.1454  0.2997  0.3812  0.4716  0.5000
       6       8       7       2       8       2    ****
 -0.5000 -0.1840 -0.0965  0.0461  0.0469  0.5000
       2       6       8       2       8    ****
 ... generation ...    7
   1   4   1   7  11   2   2
 -0.5000 -0.2274  0.1454  0.2997  0.3812  0.4716  0.5000
       2       8       7       2       8       2    ****
 -0.5000 -0.3579 -0.3266 -0.2103 -0.1840 -0.0965  0.0461  0.0469  0.0704  0.1944
       2       6       8       2       6       8       2       8       6       5
  0.5000
    ****
   2   4   3   5   7   2   2
 -0.5000 -0.2428  0.1454  0.1523  0.5000
       2       8       7       8    ****
 -0.5000 -0.3357  0.1454  0.2997  0.3812  0.4716  0.5000
       2       8       7       2       8       2    ****
   3   4   2   8  10   2   2
 -0.5000 -0.4304  0.1454  0.2997  0.3812  0.4716  0.4730  0.5000
       6       8       7       2       8       2       8    ****
 -0.5000 -0.2136 -0.2103 -0.1840 -0.0965 -0.0450 -0.0371  0.0461  0.0469  0.5000
       6       8       2       6       8       6       8       2       8    ****
   4   1   4  11   3   2   2
 -0.5000 -0.3579 -0.3266 -0.2103 -0.1840 -0.0965  0.0461  0.0469  0.0704  0.1944
       2       6       8       2       6       8       2       8       6       5
  0.5000
    ****
 -0.5000 -0.4304  0.5000
       6       8    ****
 ... generation ...    8
   1   4   3   3  10   2   2
 -0.5000 -0.4304  0.5000
       6       8    ****
 -0.5000 -0.2136 -0.2103 -0.1840 -0.0965 -0.0450 -0.0371  0.0461  0.0469  0.5000
       6       8       2       6       8       6       8       2       8    ****
   2   4   1   4   7   2   2
 -0.5000 -0.4304  0.4357  0.5000
       6       8       5    ****
 -0.5000 -0.2274  0.1454  0.2997  0.3812  0.3912  0.5000
       2       8       7       2       8       5    ****
   3   1   2   9   7   2   2
 -0.5000 -0.3579 -0.3266 -0.2613 -0.2274  0.1454  0.2997  0.3761  0.5000
       2       6       8       2       8       7       2       5    ****
 -0.5000 -0.3357  0.1454  0.2997  0.3812  0.4716  0.5000
       2       8       7       2       8       2    ****
   4   4   1  11   8   2   2
 -0.5000 -0.3579 -0.3266 -0.2103 -0.1840 -0.0965  0.0461  0.0469  0.0704  0.1944
       2       6       8       2       6       8       2       8       6       5
  0.5000
    ****
 -0.5000 -0.3579 -0.3266  0.1454  0.2997  0.3812  0.4716  0.5000
       2       6       8       7       2       8       2    ****
 ... generation ...    9
   1   3   4   9  14   2   2
 -0.5000 -0.3579 -0.3266 -0.2613 -0.2274  0.1454  0.2997  0.3761  0.5000
       2       6       8       2       8       7       2       5    ****
 -0.5000 -0.3579 -0.3266 -0.2103 -0.1840 -0.0965  0.0461  0.0469  0.0704  0.1944
       2       6       8       2       6       8       2       8       6       5
  0.3068  0.3812  0.4716  0.5000
       2       8       2    ****
   2   4   3  11   8   2   2
 -0.5000 -0.3579 -0.3266 -0.2103 -0.1840 -0.0965  0.0461  0.0469  0.0704  0.1944
       2       6       8       2       6       8       2       8       6       5
  0.5000
    ****
 -0.5000 -0.3579 -0.3304  0.1454  0.2997  0.3812  0.4716  0.5000
       2       6       8       7       2       8       2    ****
   3   4   2   8   8   2   2
 -0.5000 -0.3579 -0.3266  0.0461  0.0469  0.0704  0.1944  0.5000
       2       6       8       2       8       6       5    ****
 -0.5000 -0.4660 -0.3534  0.1454  0.2997  0.3812  0.3912  0.5000
       6       2       8       7       2       8       5    ****
   4   1   2   7   4   2   2
 -0.5000 -0.4304 -0.0450 -0.0371  0.0461  0.0469  0.5000
       6       8       6       8       2       8    ****
 -0.5000 -0.2908  0.4357  0.5000
       2       8       5    ****
 ... generation ...   10
   1   4   1   7  12   2   2
 -0.5000 -0.4304 -0.0450 -0.0371  0.0461  0.0469  0.5000
       6       8       6       8       2       8    ****
 -0.5000 -0.3579 -0.3266 -0.2613 -0.2274 -0.1912 -0.1840 -0.0998  0.1454  0.2997
       2       6       8       2       8       2       6       8       7       2
  0.3761  0.5000
       5    ****
   2   1   2  12  13   2   2
 -0.5000 -0.3579 -0.3266 -0.2613 -0.2274  0.1454  0.1629  0.1944  0.3068  0.3812
       2       6       8       2       8       7       6       5       2       8
  0.4716  0.5000
       2    ****
 -0.5000 -0.3579 -0.3266 -0.2103 -0.1840 -0.1794 -0.1041 -0.0965  0.0461  0.0469
       2       6       8       2       6       8       6       8       2       8
  0.0704  0.1944  0.5000
       6       5    ****
   3   3   2   8  11   2   2
 -0.5000 -0.3579 -0.3266  0.0461  0.0469  0.0704  0.1944  0.5000
       2       6       8       2       8       6       5    ****
 -0.5000 -0.3579 -0.3266 -0.2103 -0.1840 -0.0965  0.0461  0.0469  0.0704  0.1944
       2       6       8       2       6       8       2       8       6       5
  0.5000
    ****
   4   4   4   7   7   2   2
 -0.5000 -0.4304 -0.0450 -0.0371  0.0461  0.0469  0.5000
       6       8       6       8       2       8    ****
 -0.5000 -0.4054 -0.0450 -0.0371  0.0461  0.0469  0.5000
       2       8       6       8       2       8    ****
