 ... generation ...    0
   1   0   0   2   2   2   2
  0.0000  1.0000
       1    ****
  0.0000  1.0000
       2    ****
  0.0000  1.0000
       0    ****
  0.0000  1.0000
       0    ****
   2   0   0   2   2   2   2
  0.0000  1.0000
       3    ****
  0.0000  1.0000
       4    ****
  0.0000  1.0000
       0    ****
  0.0000  1.0000
       0    ****
   3   0   0   2   2   2   2
  0.0000  1.0000
       5    ****
  0.0000  1.0000
       6    ****
  0.0000  1.0000
       0    ****
  0.0000  1.0000
       0    ****
   4   0   0   2   2   2   2
  0.0000  1.0000
       7    ****
  0.0000  1.0000
       8    ****
  0.0000  1.0000
       0    ****
  0.0000  1.0000
       0    ****
 ... generation ...    1
   1   2   2   4   3   2   2
  0.0000  0.2291  0.7999  1.0000
       3       4       3    ****
  0.0000  0.9547  1.0000
       4       3    ****
  0.0000  1.0000
       0    ****
  0.0000  1.0000
       0    ****
   2   1   3   4   2   2   2
  0.0000  0.6172  0.7402  1.0000
       1       2       1    ****
  0.0000  1.0000
       6    ****
  0.0000  1.0000
       0    ****
  0.0000  1.0000
      -1    ****
   3   2   1   2   4   2   2
  0.0000  1.0000
       3    ****
  0.0000  0.6840  0.9522  1.0000
       1       2       1    ****
  0.0000  1.0000
       0    ****
  0.0000  1.0000
       0    ****
   4   2   4   2   3   2   2
  0.0000  1.0000
       4    ****
  0.0000  0.0781  1.0000
       8       7    ****
  0.0000  1.0000
       0    ****
  0.0000  1.0000
       0    ****
 ... generation ...    2
   1   4   1   5   4   2   2
  0.0000  0.5501  0.5535  0.6752  1.0000
       4       7       4       7    ****
  0.0000  0.2291  0.7999  1.0000
       3       4       3    ****
  0.0000  1.0000
       0    ****
  0.0000  1.0000
       0    ****
   2   2   3   5   2   2   2
  0.0000  0.2785  0.6172  0.6680  1.0000
       6       1       2       6    ****
  0.0000  1.0000
       3    ****
  0.0000  1.0000
       0    ****
  0.0000  1.0000
       0    ****
   3   3   3   2   2   2   2
  0.0000  1.0000
       3    ****
  0.0000  1.0000
       3    ****
  0.0000  1.0000
       0    ****
  0.0000  1.0000
       0    ****
   4   2   3   4   5   2   2
  0.0000  0.6172  0.7402  1.0000
       1       2       1    ****
  0.0000  0.3328  0.7180  0.9522  1.0000
       1       3       2       1    ****
  0.0000  1.0000
       0    ****
  0.0000  1.0000
       0    ****
 ... generation ...    3
   1   3   4   2   5   2   2
  0.0000  1.0000
       3    ****
  0.0000  0.4438  0.7180  0.9522  1.0000
       1       3       2       1    ****
  0.0000  1.0000
       0    ****
  0.0000  1.0000
       0    ****
   2   4   1   4   6   2   2
  0.0000  0.6172  0.7402  1.0000
       1       2       1    ****
  0.0000  0.1177  0.1914  0.2291  0.6752  1.0000
       3       4       3       4       7    ****
  0.0000  1.0000
       0    ****
  0.0000  1.0000
       0    ****
   3   3   2   2   6   2   2
  0.0000  1.0000
       3    ****
  0.0000  0.0467  0.2785  0.6172  0.6680  1.0000
       3       6       1       2       6    ****
  0.0000  1.0000
       0    ****
  0.0000  1.0000
       0    ****
   4   2   1   3   7   2   2
  0.0000  0.2537  1.0000
       6       3    ****
  0.0000  0.5501  0.5535  0.6752  0.7668  0.7999  1.0000
       4       7       4       7       4       3    ****
  0.0000  1.0000
       0    ****
  0.0000  1.0000
       0    ****
 ... generation ...    4
   1   4   1   3   2   2   2
  0.0000  0.2537  1.0000
       6       3    ****
  0.0000  1.0000
       3    ****
  0.0000  1.0000
       0    ****
  0.0000  1.0000
       0    ****
   2   3   3   6   6   2   2
  0.0000  0.0467  0.2785  0.6172  0.6680  1.0000
       3       6       1       2       6    ****
  0.0000  0.2722  0.2785  0.3664  0.9502  1.0000
       3       6       1       3       6    ****
  0.0000  1.0000
       0    ****
  0.0000  1.0000
       0    ****
   3   1   2   5   7   2   2
  0.0000  0.4438  0.7180  0.9522  1.0000
       1       3       2       1    ****
  0.0000  0.3705  0.5697  0.6172  0.7402  0.9159  1.0000
       1       4       1       2       1       7    ****
  0.0000  1.0000
       0    ****
  0.0000  1.0000
       0    ****
   4   3   3   8   5   2   2
  0.0000  0.0467  0.2785  0.3395  0.5612  0.6172  0.6680  1.0000
       3       6       1       3       1       2       6    ****
  0.0000  0.6130  0.6172  0.6680  1.0000
       3       1       2       6    ****
  0.0000  1.0000
       0    ****
  0.0000  1.0000
       0    ****
 ... generation ...    5
   1   1   2   3   6   2   2
  0.0000  0.2537  1.0000
       6       3    ****
  0.0000  0.2722  0.2785  0.3664  0.9502  1.0000
       3       6       1       3       6    ****
  0.0000  1.0000
       0    ****
  0.0000  1.0000
       0    ****
   2   3   2   7  10   2   2
  0.0000  0.3705  0.5697  0.6172  0.7402  0.9159  1.0000
       1       4       1       2       1       7    ****
  0.0000  0.0467  0.1859  0.2722  0.2785  0.3664  0.4261  0.5708  0.8743  1.0000
       3       6       3       6       1       3       1       3       6    ****
  0.0000  1.0000
       0    ****
  0.0000  1.0000
       0    ****
   3   4   4   8   8   2   2
  0.0000  0.0467  0.2785  0.3395  0.5612  0.6172  0.6680  1.0000
       3       6       1       3       1       2       6    ****
  0.0000  0.0467  0.2785  0.3395  0.5612  0.6172  0.6680  1.0000
       3       6       1       3       1       2       6    ****
  0.0000  1.0000
       0    ****
  0.0000  1.0000
       0    ****
   4   2   1   8   3   2   2
  0.0000  0.2722  0.2785  0.3664  0.5275  0.5840  0.9502  1.0000
       3       6       1       3       1       3       6    ****
  0.0000  0.2537  1.0000
       6       3    ****
  0.0000  1.0000
       0    ****
  0.0000  1.0000
       0    ****
 ... generation ...    6
   1   4   2   5   8   2   2
  0.0000  0.2537  0.5275  0.5840  1.0000
       6       3       1       3    ****
  0.0000  0.0154  0.3705  0.5697  0.6172  0.7402  0.8895  1.0000
       3       1       4       1       2       1       6    ****
  0.0000  1.0000
       0    ****
  0.0000  1.0000
       0    ****
   2   2   3  12   8   2   2
  0.0000  0.0467  0.1859  0.2722  0.2785  0.3705  0.5697  0.6172  0.7402  0.8236
       3       6       3       6       1       4       1       2       1       3
  0.8743  1.0000
       6    ****
  0.0000  0.0467  0.2785  0.3395  0.5612  0.6172  0.6680  1.0000
       3       6       1       3       1       2       6    ****
  0.0000  1.0000
       0    ****
  0.0000  1.0000
       0    ****
   3   2   3   7   8   2   2
  0.0000  0.3705  0.5697  0.6172  0.7402  0.9159  1.0000
       1       4       1       2       1       7    ****
  0.0000  0.0467  0.2785  0.3395  0.5612  0.6172  0.6680  1.0000
       3       6       1       3       1       2       6    ****
  0.0000  1.0000
       0    ****
  0.0000  1.0000
       0    ****
   4   2   3   7   8   2   2
  0.0000  0.3705  0.5697  0.6172  0.7402  0.9159  1.0000
       1       4       1       2       1       7    ****
  0.0000  0.0467  0.2785  0.3395  0.5612  0.6172  0.6680  1.0000
       3       6       1       3       1       2       6    ****
  0.0000  1.0000
       0    ****
  0.0000  1.0000
       0    ****
 ... generation ...    7
   1   4   3   9   8   2   2
  0.0000  0.0467  0.2785  0.3395  0.5612  0.6172  0.7402  0.9159  1.0000
       3       6       1       3       1       2       1       7    ****
  0.0000  0.3705  0.5343  0.5612  0.6172  0.6680  0.9484  1.0000
       1       4       3       1       2       6       7    ****
  0.0000  1.0000
       0    ****
  0.0000  1.0000
       0    ****
   2   3   1   8   8   2   2
  0.0000  0.0117  0.3705  0.5191  0.5612  0.6172  0.6680  1.0000
       3       1       4       3       1       2       6    ****
  0.0000  0.0154  0.3705  0.5697  0.6172  0.7402  0.8168  1.0000
       3       1       4       1       2       1       3    ****
  0.0000  1.0000
       0    ****
  0.0000  1.0000
       0    ****
   3   3   3   9   8   2   2
  0.0000  0.0467  0.2785  0.3395  0.5612  0.6172  0.7402  0.7500  1.0000
       3       6       1       3       1       2       1       6    ****
  0.0000  0.0630  0.2785  0.3395  0.5612  0.6172  0.6680  1.0000
       1       6       1       3       1       2       6    ****
  0.0000  1.0000
       0    ****
  0.0000  1.0000
       0    ****
   4   4   2   8   8   2   2
  0.0000  0.0467  0.2785  0.3395  0.5612  0.6172  0.6680  1.0000
       3       6       1       3       1       2       6    ****
  0.0000  0.0467  0.2785  0.3395  0.5612  0.6172  0.6680  1.0000
       3       6       1       3       1       2       6    ****
  0.0000  1.0000
       0    ****
  0.0000  1.0000
       0    ****
 ... generation ...    8
   1   1   1   9   9   2   2
  0.0000  0.0467  0.2785  0.3395  0.5612  0.6172  0.7402  0.9159  1.0000
       3       6       1       3       1       2       1       7    ****
  0.0000  0.0467  0.2785  0.3395  0.5612  0.6172  0.7402  0.9159  1.0000
       3       6       1       3       1       2       1       7    ****
  0.0000  1.0000
       0    ****
  0.0000  1.0000
       0    ****
   2   2   3  10   9   2   2
  0.0000  0.0117  0.3705  0.5191  0.5612  0.6172  0.6680  0.7755  0.8168  1.0000
       3       1       4       3       1       2       6       1       3    ****
  0.0000  0.0467  0.2785  0.3395  0.5612  0.6172  0.7402  0.7500  1.0000
       3       6       1       3       1       2       1       6    ****
  0.0000  1.0000
       0    ****
  0.0000  1.0000
       0    ****
   3   3   2   9   8   2   2
  0.0000  0.0467  0.2785  0.3395  0.5612  0.6172  0.7402  0.7500  1.0000
       3       6       1       3       1       2       1       6    ****
  0.0000  0.0117  0.3705  0.5191  0.5612  0.6172  0.6680  1.0000
       3       1       4       3       1       2       6    ****
  0.0000  1.0000
       0    ****
  0.0000  1.0000
       0    ****
   4   2   1   8  10   2   2
  0.0000  0.0154  0.3705  0.5697  0.6172  0.7402  0.7513  1.0000
       3       1       4       1       2       1       6    ****
  0.0000  0.0467  0.0680  0.3705  0.5343  0.5612  0.6172  0.6680  0.9297  1.0000
       3       6       1       4       3       1       2       6       7    ****
  0.0000  1.0000
       0    ****
  0.0000  1.0000
       0    ****
 ... generation ...    9
   1   3   1   9   9   2   2
  0.0000  0.0467  0.2785  0.3395  0.5612  0.6172  0.7402  0.7500  1.0000
       3       6       1       3       1       2       1       6    ****
  0.0000  0.0467  0.2785  0.3395  0.5612  0.6172  0.7402  0.9159  1.0000
       3       6       1       3       1       2       1       7    ****
  0.0000  1.0000
       0    ****
  0.0000  1.0000
       0    ****
   2   1   2   9  13   2   2
  0.0000  0.0467  0.2785  0.3395  0.5612  0.6172  0.7402  0.9159  1.0000
       3       6       1       3       1       2       1       7    ****
  0.0000  0.0467  0.0756  0.1284  0.1918  0.3395  0.5612  0.6172  0.7402  0.7500
       3       6       1       6       1       3       1       2       1       6
  0.8113  0.8168  1.0000
       1       3    ****
  0.0000  1.0000
       0    ****
  0.0000  1.0000
       0    ****
   3   3   2  11  12   2   2
  0.0000  0.0467  0.2785  0.3395  0.4698  0.5191  0.5612  0.6172  0.7402  0.7500
       3       6       1       3       4       3       1       2       1       6
  1.0000
    ****
  0.0000  0.0467  0.2785  0.3395  0.4631  0.5191  0.5612  0.6172  0.6680  0.7755
       3       6       1       3       4       3       1       2       6       1
  0.8168  1.0000
       3    ****
  0.0000  1.0000
       0    ****
  0.0000  1.0000
       0    ****
   4   2   1  10   9   2   2
  0.0000  0.0467  0.2785  0.3395  0.5612  0.6172  0.7171  0.7755  0.8168  1.0000
       3       6       1       3       1       2       6       1       3    ****
  0.0000  0.0467  0.2785  0.3395  0.5612  0.6172  0.7402  0.9159  1.0000
       3       6       1       3       1       2       1       7    ****
  0.0000  1.0000
       0    ****
  0.0000  1.0000
       0    ****
 ... generation ...   10
   1   2   2  13  13   2   2
  0.0000  0.0467  0.2785  0.3395  0.5612  0.6172  0.7402  0.7500  0.8113  0.8168
       3       6       1       3       1       2       1       6       1       3
  0.8857  0.9159  1.0000
       1       7    ****
  0.0000  0.0467  0.1151  0.1284  0.2785  0.3395  0.5612  0.6172  0.7402  0.7500
       3       6       1       6       1       3       1       2       1       6
  0.8113  0.8168  1.0000
       1       3    ****
  0.0000  1.0000
       0    ****
  0.0000  1.0000
       0    ****
   2   3   3  11  11   2   2
  0.0000  0.0467  0.2785  0.3395  0.4698  0.5191  0.5612  0.6172  0.7402  0.7500
       3       6       1       3       4       3       1       2       1       6
  1.0000
    ****
  0.0000  0.0467  0.2785  0.3395  0.4698  0.5191  0.5612  0.6172  0.7402  0.7500
       3       6       1       3       4       3       1       2       1       6
  1.0000
    ****
  0.0000  1.0000
       0    ****
  0.0000  1.0000
       0    ****
   3   3   1  12   9   2   2
  0.0000  0.0467  0.2785  0.3395  0.4631  0.5191  0.5612  0.6172  0.6680  0.7755
       3       6       1       3       4       3       1       2       6       1
  0.8168  1.0000
       3    ****
  0.0000  0.0467  0.2785  0.3395  0.5612  0.6172  0.7402  0.9159  1.0000
       3       6       1       3       1       2       1       7    ****
  0.0000  1.0000
       0    ****
  0.0000  1.0000
       0    ****
   4   4   4   9  10   2   2
  0.0000  0.0467  0.2785  0.3395  0.5612  0.6172  0.7402  0.9159  1.0000
       3       6       1       3       1       2       1       7    ****
  0.0000  0.0467  0.2785  0.3395  0.5612  0.6172  0.7402  0.9159  0.9452  1.0000
       3       6       1       3       1       2       1       7       3    ****
  0.0000  1.0000
       0    ****
  0.0000  1.0000
       0    ****
