 ... generation ...    0
   1   0   0   2   2   2   2
  0.0000  1.0000
       1    ****
  0.0000  1.0000
       2    ****
  0.0000  1.0000
       0    ****
  0.0000  1.0000
       0    ****
   2   0   0   2   2   2   2
  0.0000  1.0000
       3    ****
  0.0000  1.0000
       4    ****
  0.0000  1.0000
       0    ****
  0.0000  1.0000
       0    ****
   3   0   0   2   2   2   2
  0.0000  1.0000
       5    ****
  0.0000  1.0000
       6    ****
  0.0000  1.0000
       0    ****
  0.0000  1.0000
       0    ****
   4   0   0   2   2   2   2
  0.0000  1.0000
       7    ****
  0.0000  1.0000
       8    ****
  0.0000  1.0000
       0    ****
  0.0000  1.0000
       0    ****
 ... generation ...    1
   1   3   3   3   2   2   2
  0.0000  0.7028  1.0000
       5       6    ****
  0.0000  1.0000
       5    ****
  0.0000  1.0000
       0    ****
  0.0000  1.0000
       0    ****
   2   2   1   3   5   3   2
  0.0000  0.6567  1.0000
       4       3    ****
  0.0000  0.3133  0.5594  0.5847  1.0000
       2       1       2       1    ****
  0.0000  0.6567  1.0000
      -1       1    ****
  0.0000  1.0000
       0    ****
   3   3   2   2   3   2   3
  0.0000  1.0000
       5    ****
  0.0000  0.4683  1.0000
       3       4    ****
  0.0000  1.0000
       0    ****
  0.0000  0.4683  1.0000
       1      -1    ****
   4   3   2   3   2   2   2
  0.0000  0.5645  1.0000
       6       5    ****
  0.0000  1.0000
       4    ****
  0.0000  1.0000
       0    ****
  0.0000  1.0000
      -1    ****
 ... generation ...    2
   1   2   3   8   5   4   5
  0.0000  0.4627  0.5594  0.5847  0.6264  0.6567  0.9543  1.0000
       4       1       2       1       4       3       1    ****
  0.0000  0.0730  0.2770  0.4683  1.0000
       3       5       3       4    ****
  0.0000  0.6567  0.9543  1.0000
       0       1      -1    ****
  0.0000  0.0730  0.2770  0.4683  1.0000
       1      -1       1       0    ****
   2   2   3   6   3   3   3
  0.0000  0.1464  0.3133  0.5594  0.5847  1.0000
       4       2       1       2       1    ****
  0.0000  0.4683  1.0000
       3       4    ****
  0.0000  0.6567  1.0000
       0      -1    ****
  0.0000  0.4683  1.0000
       1       0    ****
   3   1   3   2   3   2   3
  0.0000  1.0000
       5    ****
  0.0000  0.4683  1.0000
       3       4    ****
  0.0000  1.0000
       0    ****
  0.0000  0.4683  1.0000
       1       0    ****
   4   1   2   3   4   2   3
  0.0000  0.7028  1.0000
       5       6    ****
  0.0000  0.2238  0.6567  1.0000
       2       4       3    ****
  0.0000  1.0000
       0    ****
  0.0000  0.6567  1.0000
       0       1    ****
 ... generation ...    3
   1   3   2   4   4   5   3
  0.0000  0.0254  0.3391  1.0000
       5       3       5    ****
  0.0000  0.4683  0.7656  1.0000
       3       4       1    ****
  0.0000  0.0254  0.3391  0.4683  1.0000
      -1       1      -1       0    ****
  0.0000  0.4683  1.0000
       1       0    ****
   2   2   2   7   6   3   4
  0.0000  0.1464  0.3133  0.5594  0.5847  0.6695  1.0000
       4       2       1       2       1       4    ****
  0.0000  0.2076  0.3133  0.5594  0.5847  1.0000
       3       2       1       2       1    ****
  0.0000  0.4683  1.0000
      -1       0    ****
  0.0000  0.2076  0.4683  1.0000
       1      -1       0    ****
   3   1   3   8   5   7   5
  0.0000  0.4627  0.5594  0.5847  0.6264  0.6567  0.9543  1.0000
       4       1       2       1       4       3       1    ****
  0.0000  0.1441  0.3610  0.5138  1.0000
       5       3       5       4    ****
  0.0000  0.0730  0.2770  0.4683  0.6567  0.9543  1.0000
      -1       0      -1       0       1       0    ****
  0.0000  0.1441  0.3610  0.4683  1.0000
      -1       1      -1       0    ****
   4   1   2   7   4   7   3
  0.0000  0.0815  0.2770  0.4683  0.6567  0.9543  1.0000
       4       5       3       4       3       1    ****
  0.0000  0.4683  0.7777  1.0000
       3       4       1    ****
  0.0000  0.0730  0.2770  0.4683  0.6567  0.9543  1.0000
      -1       0       1       0       1       0    ****
  0.0000  0.4683  1.0000
       1       0    ****
 ... generation ...    4
   1   4   1   5   6   5   5
  0.0000  0.4683  0.6567  0.9543  1.0000
       3       4       3       1    ****
  0.0000  0.0254  0.3391  0.6956  0.7656  1.0000
       5       3       5       4       1    ****
  0.0000  0.2770  0.6567  0.9543  1.0000
       1       0       1       0    ****
  0.0000  0.0254  0.3391  0.4683  1.0000
      -1       0      -1       0    ****
   2   4   3   7   8   6   6
  0.0000  0.0803  0.0815  0.2770  0.4683  0.7777  1.0000
       3       4       5       3       4       1    ****
  0.0000  0.4627  0.5594  0.5847  0.6264  0.6567  0.9543  1.0000
       4       1       2       1       4       3       1    ****
  0.0000  0.0803  0.2770  0.6567  0.9543  1.0000
       1      -1       0      -1       0    ****
  0.0000  0.1441  0.3610  0.6567  0.9543  1.0000
       0      -1       0       1       0    ****
   3   4   4   7   9   5   7
  0.0000  0.0815  0.2770  0.4683  0.6567  0.9543  1.0000
       4       5       3       4       3       1    ****
  0.0000  0.0815  0.1057  0.2545  0.2770  0.4683  0.6567  0.9543  1.0000
       4       5       3       5       3       4       3       1    ****
  0.0000  0.2770  0.6567  0.9543  1.0000
      -1       0       1       0    ****
  0.0000  0.1057  0.2545  0.2770  0.6567  0.9543  1.0000
      -1       1      -1       0       1       0    ****
   4   2   2   7   8   3   3
  0.0000  0.1464  0.3133  0.5594  0.5847  0.6695  1.0000
       4       2       1       2       1       4    ****
  0.0000  0.1464  0.3133  0.5594  0.5847  0.6695  0.8397  1.0000
       4       2       1       2       1       4       1    ****
  0.0000  0.2076  1.0000
      -1       0    ****
  0.0000  0.2076  1.0000
      -1       0    ****
 ... generation ...    5
   1   2   3  12   9   8   5
  0.0000  0.0803  0.0815  0.2683  0.4627  0.5594  0.5847  0.6264  0.6567  0.6716
       3       4       5       4       1       2       1       4       3       4
  0.7777  1.0000
       1    ****
  0.0000  0.0815  0.1057  0.1836  0.2770  0.4683  0.6567  0.9543  1.0000
       4       5       3       5       3       4       3       1    ****
  0.0000  0.0803  0.2770  0.4683  0.6567  0.6716  0.9543  1.0000
       1       0      -1       0       1      -1       0    ****
  0.0000  0.1057  0.1836  0.2545  1.0000
       0       1      -1       0    ****
   2   3   2   9  10   4   7
  0.0000  0.0815  0.1057  0.2545  0.2770  0.4683  0.6567  0.9543  1.0000
       4       5       3       5       3       4       3       1    ****
  0.0000  0.0803  0.0815  0.2770  0.4683  0.6152  0.6264  0.6567  0.9543  1.0000
       3       4       5       3       4       1       4       3       1    ****
  0.0000  0.1057  0.2545  1.0000
       0       1       0    ****
  0.0000  0.0803  0.2770  0.4683  0.6567  0.9543  1.0000
       1       0       1       0       1       0    ****
   3   2   3   9   7   8   4
  0.0000  0.0017  0.4627  0.5594  0.5847  0.6264  0.6567  0.9543  1.0000
       3       4       1       2       1       4       3       1    ****
  0.0000  0.0815  0.2770  0.4683  0.6567  0.9543  1.0000
       4       5       3       4       3       1    ****
  0.0000  0.0017  0.0803  0.2770  0.4683  0.6567  0.9543  1.0000
       1      -1       0      -1       0       1       0    ****
  0.0000  0.1057  0.2545  1.0000
       0      -1       0    ****
   4   3   4   9   8   4   2
  0.0000  0.0815  0.1057  0.2545  0.2770  0.4683  0.6567  0.9543  1.0000
       4       5       3       5       3       4       3       1    ****
  0.0000  0.1464  0.3133  0.5594  0.5847  0.6695  0.8397  1.0000
       4       2       1       2       1       4       1    ****
  0.0000  0.1057  0.2545  1.0000
       0       1       0    ****
  0.0000  1.0000
       0    ****
 ... generation ...    6
   1   4   4   8   7   8   8
  0.0000  0.1464  0.3133  0.5594  0.5847  0.6695  0.8397  1.0000
       4       2       1       2       1       4       1    ****
  0.0000  0.1464  0.3133  0.4915  0.6567  0.9543  1.0000
       4       2       1       4       3       1    ****
  0.0000  0.1057  0.2545  0.2770  0.4683  0.6567  0.9543  1.0000
       0      -1       0      -1       0      -1       0    ****
  0.0000  0.1057  0.2545  0.2770  0.4683  0.6567  0.9543  1.0000
       0      -1       0      -1       0       1       0    ****
   2   1   2   9   8  10   5
  0.0000  0.0815  0.1057  0.1698  0.2770  0.4683  0.6567  0.9543  1.0000
       4       5       3       5       3       4       3       1    ****
  0.0000  0.0803  0.0815  0.2770  0.4683  0.6567  0.9543  1.0000
       3       4       5       3       4       3       1    ****
  0.0000  0.0803  0.1057  0.1698  0.1836  0.2770  0.4683  0.6716  0.9543  1.0000
      -1       0       1      -1       0       1       0       1       0    ****
  0.0000  0.0803  0.1057  0.2545  1.0000
       1       0      -1       0    ****
   3   1   4  12  10  10   9
  0.0000  0.0815  0.1361  0.1836  0.2770  0.4683  0.6018  0.6264  0.6567  0.6716
       4       5       3       5       3       4       1       4       3       4
  0.7777  1.0000
       1    ****
  0.0000  0.0815  0.1057  0.2545  0.2770  0.4683  0.6567  0.7044  0.8397  1.0000
       4       5       3       5       3       4       3       4       1    ****
  0.0000  0.0803  0.1057  0.1361  0.1836  0.2770  0.4683  0.6716  0.9543  1.0000
      -1       0      -1       1       0       1       0      -1       0    ****
  0.0000  0.1057  0.2545  0.2770  0.4683  0.6567  0.7044  0.9543  1.0000
       0       1       0       1       0       1      -1       0    ****
   4   3   4   7  11   5  10
  0.0000  0.0815  0.2770  0.4683  0.6567  0.9543  1.0000
       4       5       3       4       3       1    ****
  0.0000  0.0815  0.1057  0.2049  0.2372  0.2545  0.2770  0.4683  0.6567  0.9543
       4       5       3       2       3       5       3       4       3       1
  1.0000
    ****
  0.0000  0.0017  0.2770  0.4683  1.0000
      -1       0       1       0    ****
  0.0000  0.1057  0.2049  0.2372  0.2545  0.2770  0.4683  0.6567  0.9543  1.0000
       0       1      -1       1       0       1       0       1       0    ****
 ... generation ...    7
   1   1   4   9  11   5   6
  0.0000  0.1464  0.3133  0.4915  0.6086  0.6695  0.8137  0.9543  1.0000
       4       2       1       4       1       4       3       1    ****
  0.0000  0.0815  0.1057  0.2049  0.2372  0.2545  0.2770  0.4683  0.6567  0.9543
       4       5       3       2       3       5       3       4       3       1
  1.0000
    ****
  0.0000  0.6567  0.8137  0.9543  1.0000
       0      -1       1       0    ****
  0.0000  0.1057  0.2049  0.2372  0.2545  1.0000
       0       1       0       1       0    ****
   2   3   1  10   7   8   4
  0.0000  0.0815  0.1057  0.2545  0.2770  0.4683  0.6567  0.7044  0.8397  1.0000
       4       5       3       5       3       4       3       4       1    ****
  0.0000  0.1464  0.3133  0.4915  0.6567  0.9543  1.0000
       4       2       1       4       3       1    ****
  0.0000  0.1057  0.1361  0.1836  0.2545  0.6716  0.7044  1.0000
       0       1       0       1       0       1       0    ****
  0.0000  0.6567  0.9543  1.0000
       0       1       0    ****
   3   4   1  11   9   6   4
  0.0000  0.0815  0.1057  0.2049  0.2372  0.2545  0.2770  0.4683  0.6567  0.9543
       4       5       3       2       3       5       3       4       3       1
  1.0000
    ****
  0.0000  0.1464  0.3133  0.5594  0.5847  0.6038  0.6567  0.9543  1.0000
       4       2       1       2       1       4       3       1    ****
  0.0000  0.1057  0.2049  0.2372  0.2545  1.0000
       0       1       0       1       0    ****
  0.0000  0.6567  0.9543  1.0000
       0       1       0    ****
   4   3   3  12  10   8   8
  0.0000  0.0815  0.1057  0.2545  0.2770  0.4683  0.6018  0.6264  0.6567  0.6716
       4       5       3       5       3       4       1       4       3       4
  0.7777  1.0000
       1    ****
  0.0000  0.0815  0.1057  0.2545  0.2770  0.4683  0.6567  0.6716  0.7777  1.0000
       4       5       3       5       3       4       3       4       1    ****
  0.0000  0.1057  0.1361  0.1836  0.2545  0.6716  0.7044  1.0000
       0       1       0       1       0      -1       0    ****
  0.0000  0.1057  0.1361  0.1836  0.2545  0.6716  0.7044  1.0000
       0       1       0       1       0      -1       0    ****
 ... generation ...    8
   1   2   3  10   9   8   8
  0.0000  0.0815  0.1057  0.2545  0.2770  0.4683  0.6567  0.7044  0.8397  1.0000
       4       5       3       5       3       4       3       4       1    ****
  0.0000  0.1464  0.3133  0.5594  0.5847  0.6038  0.6567  0.9543  1.0000
       4       2       1       2       1       4       3       1    ****
  0.0000  0.1057  0.2545  0.2770  0.4683  0.7044  0.9543  1.0000
       0       1       0       1       0      -1       0    ****
  0.0000  0.1057  0.2049  0.2372  0.2545  0.2770  0.4683  1.0000
       0      -1       0      -1       0      -1       0    ****
   2   2   1   8  11  10  10
  0.0000  0.1464  0.3133  0.3568  0.4683  0.6567  0.9431  1.0000
       4       2       1       3       4       3       1    ****
  0.0000  0.0815  0.1057  0.2049  0.2372  0.2545  0.2770  0.4683  0.6567  0.9543
       4       5       3       2       3       5       3       4       3       1
  1.0000
    ****
  0.0000  0.1057  0.2545  0.2770  0.3568  0.4683  0.7044  0.9431  0.9543  1.0000
       0      -1       0      -1       1       0       1      -1       0    ****
  0.0000  0.1057  0.2049  0.2372  0.2545  0.2770  0.4683  0.6567  0.8137  1.0000
       0       1       0       1       0       1       0       1       0    ****
   3   3   1  11   7   8  10
  0.0000  0.0815  0.1057  0.2049  0.2372  0.2545  0.2770  0.4683  0.6567  0.9543
       4       5       3       2       3       5       3       4       3       1
  1.0000
    ****
  0.0000  0.1464  0.3133  0.4792  0.6567  0.9543  1.0000
       4       2       1       4       3       1    ****
  0.0000  0.1057  0.2049  0.2372  0.2545  0.2770  0.4683  1.0000
       0       1       0       1       0       1       0    ****
  0.0000  0.1057  0.2049  0.2372  0.2545  0.2770  0.4683  0.6567  0.8137  1.0000
       0      -1       0      -1       0      -1       0       1       0    ****
   4   4   4  12  10   2   2
  0.0000  0.0815  0.1057  0.2545  0.2770  0.4683  0.6018  0.6264  0.6567  0.6716
       4       5       3       5       3       4       1       4       3       4
  0.7777  1.0000
       1    ****
  0.0000  0.0815  0.1057  0.2545  0.2770  0.4683  0.6567  0.6716  0.7777  1.0000
       4       5       3       5       3       4       3       4       1    ****
  0.0000  1.0000
       0    ****
  0.0000  1.0000
       0    ****
 ... generation ...    9
   1   1   1   8  10   8   8
  0.0000  0.1464  0.3133  0.4776  0.6567  0.7044  0.8397  1.0000
       4       2       1       4       3       4       1    ****
  0.0000  0.0815  0.1057  0.2545  0.2770  0.4683  0.6567  0.7044  0.8397  1.0000
       4       5       3       5       3       4       3       4       1    ****
  0.0000  0.1057  0.2545  0.2770  0.4683  0.7044  0.9543  1.0000
       0      -1       0      -1       0      -1       0    ****
  0.0000  0.1057  0.2545  0.2770  0.4683  0.7044  0.9543  1.0000
       0       1       0       1       0      -1       0    ****
   2   1   2  12  11  10  10
  0.0000  0.0815  0.1057  0.1478  0.3133  0.4854  0.6567  0.7044  0.8397  0.9082
       4       5       3       2       1       4       3       4       1       3
  0.9543  1.0000
       1    ****
  0.0000  0.0815  0.1057  0.2049  0.2372  0.2545  0.2770  0.4683  0.6567  0.9543
       4       5       3       2       3       5       3       4       3       1
  1.0000
    ****
  0.0000  0.1057  0.1478  0.2545  0.2770  0.4683  0.7044  0.9082  0.9543  1.0000
       0       1      -1       0      -1       0      -1       1       0    ****
  0.0000  0.1057  0.2049  0.2372  0.2545  0.2770  0.3568  0.9431  0.9543  1.0000
       0       1       0       1       0       1       0       1       0    ****
   3   2   1  13   9  10   8
  0.0000  0.0815  0.1057  0.2049  0.2372  0.2545  0.2703  0.3133  0.3568  0.4683
       4       5       3       2       3       5       2       1       3       4
  0.6567  0.9543  1.0000
       3       1    ****
  0.0000  0.1464  0.3133  0.5594  0.5847  0.6038  0.6567  0.9543  1.0000
       4       2       1       2       1       4       3       1    ****
  0.0000  0.1057  0.2049  0.2372  0.2545  0.2770  0.3568  0.9431  0.9543  1.0000
       0       1       0       1       0      -1       0       1       0    ****
  0.0000  0.1057  0.2545  0.2770  0.4683  0.7044  0.9543  1.0000
       0      -1       0      -1       0       1       0    ****
   4   4   1  12  10   2   8
  0.0000  0.0815  0.1057  0.2545  0.2770  0.4683  0.6018  0.6264  0.6567  0.6716
       4       5       3       5       3       4       1       4       3       4
  0.7777  1.0000
       1    ****
  0.0000  0.0815  0.1057  0.2545  0.2770  0.4683  0.6567  0.7044  0.8397  1.0000
       4       5       3       5       3       4       3       4       1    ****
  0.0000  1.0000
       0    ****
  0.0000  0.1057  0.2545  0.2770  0.4683  0.7044  0.9543  1.0000
       0       1       0       1       0      -1       0    ****
 ... generation ...   10
   1   3   3  12  13   8   8
  0.0000  0.0815  0.1057  0.2049  0.2372  0.2545  0.2703  0.3133  0.5540  0.6567
       4       5       3       2       3       5       2       1       4       3
  0.9543  1.0000
       1    ****
  0.0000  0.0815  0.1057  0.2049  0.2372  0.2545  0.2703  0.3133  0.3568  0.4683
       4       5       3       2       3       5       2       1       3       4
  0.6567  0.9543  1.0000
       3       1    ****
  0.0000  0.1057  0.2049  0.2372  0.2545  0.3568  0.4683  1.0000
       0       1       0       1       0      -1       0    ****
  0.0000  0.1057  0.2049  0.2372  0.2545  0.3568  0.4683  1.0000
       0       1       0       1       0       1       0    ****
   2   2   1  13   8  10   6
  0.0000  0.0815  0.1057  0.1478  0.2770  0.2770  0.4683  0.6567  0.7044  0.8397
       4       5       3       2       5       3       4       3       4       1
  0.9082  0.9543  1.0000
       3       1    ****
  0.0000  0.1464  0.3133  0.4776  0.6567  0.7044  0.8397  1.0000
       4       2       1       4       3       4       1    ****
  0.0000  0.1478  0.2049  0.2372  0.2545  0.2770  0.4683  0.7044  0.9082  1.0000
       0      -1       0      -1       0       1       0      -1       0    ****
  0.0000  0.1057  0.2545  0.2770  0.4683  1.0000
       0      -1       0      -1       0    ****
   3   3   3   9  13   8   8
  0.0000  0.1464  0.3133  0.5594  0.5847  0.6038  0.6567  0.9543  1.0000
       4       2       1       2       1       4       3       1    ****
  0.0000  0.0815  0.1057  0.2049  0.2372  0.2545  0.2703  0.3133  0.3568  0.4683
       4       5       3       2       3       5       2       1       3       4
  0.6567  0.9543  1.0000
       3       1    ****
  0.0000  0.1057  0.2049  0.2372  0.2545  0.3568  0.4683  1.0000
       0      -1       0      -1       0      -1       0    ****
  0.0000  0.1057  0.2049  0.2372  0.2545  0.3568  0.4683  1.0000
       0       1       0       1       0       1       0    ****
   4   1   4   8  12   6   4
  0.0000  0.1464  0.3133  0.4776  0.6567  0.7044  0.8397  1.0000
       4       2       1       4       3       4       1    ****
  0.0000  0.0815  0.1057  0.2545  0.2770  0.4683  0.6018  0.6264  0.6567  0.6716
       4       5       3       5       3       4       1       4       3       4
  0.7777  1.0000
       1    ****
  0.0000  0.1057  0.2545  0.2770  0.4683  1.0000
       0      -1       0      -1       0    ****
  0.0000  0.6716  0.7044  1.0000
       0      -1       0    ****
