 ... generation ...    0
   1   0   0   2   2   2   2
 -0.5000  0.5000
       1    ****
 -0.5000  0.5000
       2    ****
   2   0   0   2   2   2   2
 -0.5000  0.5000
       3    ****
 -0.5000  0.5000
       4    ****
   3   0   0   2   2   2   2
 -0.5000  0.5000
       5    ****
 -0.5000  0.5000
       6    ****
   4   0   0   2   2   2   2
 -0.5000  0.5000
       7    ****
 -0.5000  0.5000
       8    ****
 ... generation ...    1
   1   3   4   3   6   2   2
 -0.5000  0.1761  0.5000
       5       6    ****
 -0.5000 -0.4323 -0.2375  0.0594  0.1351  0.5000
       7       8       7       8       7    ****
   2   4   4   5   3   2   2
 -0.5000  0.2410  0.2783  0.2876  0.5000
       8       7       8       7    ****
 -0.5000  0.2033  0.5000
       8       7    ****
   3   3   3   5   3   2   2
 -0.5000 -0.3019  0.1098  0.2021  0.5000
       5       6       5       6    ****
 -0.5000 -0.1993  0.5000
       6       5    ****
   4   1   3   2   4   2   2
 -0.5000  0.5000
       1    ****
 -0.5000 -0.3093  0.1669  0.5000
       5       6       5    ****
 ... generation ...    2
   1   1   4   5   4   2   2
 -0.5000 -0.4508  0.1182  0.1351  0.5000
       7       5       8       7    ****
 -0.5000 -0.0941  0.1669  0.5000
       1       6       5    ****
   2   2   4   3   3   2   2
 -0.5000  0.2033  0.5000
       8       7    ****
 -0.5000  0.1944  0.5000
       1       5    ****
   3   1   3   3   3   2   2
 -0.5000  0.1761  0.5000
       5       6    ****
 -0.5000 -0.0667  0.5000
       6       5    ****
   4   3   3   4   3   2   2
 -0.5000 -0.4115 -0.1993  0.5000
       5       6       5    ****
 -0.5000 -0.1993  0.5000
       6       5    ****
 ... generation ...    3
   1   1   1   8   5   2   2
 -0.5000 -0.1797 -0.1298 -0.0941 -0.0723  0.1182  0.1351  0.5000
       1       5       1       6       5       8       7    ****
 -0.5000 -0.3491  0.1182  0.1351  0.5000
       1       5       8       7    ****
   2   1   4   7   3   2   2
 -0.5000 -0.4516 -0.0941  0.0244  0.1182  0.1351  0.5000
       7       1       6       5       8       7    ****
 -0.5000 -0.1993  0.5000
       6       5    ****
   3   2   3   4   4   2   2
 -0.5000 -0.3357  0.1944  0.5000
       8       1       5    ****
 -0.5000 -0.4974 -0.0667  0.5000
       5       6       5    ****
   4   3   4   4   4   2   2
 -0.5000 -0.4693 -0.0667  0.5000
       5       6       5    ****
 -0.5000 -0.4115 -0.1993  0.5000
       5       6       5    ****
 ... generation ...    4
   1   2   2   3   7   2   2
 -0.5000 -0.1993  0.5000
       6       5    ****
 -0.5000 -0.4516 -0.0941  0.0244  0.1182  0.1351  0.5000
       7       1       6       5       8       7    ****
   2   2   1   3   8   2   2
 -0.5000 -0.1993  0.5000
       6       5    ****
 -0.5000 -0.1797 -0.1298 -0.0941 -0.0723  0.1182  0.1351  0.5000
       1       5       1       6       5       8       7    ****
   3   1   3   9   4   2   2
 -0.5000 -0.3491 -0.2946 -0.1797 -0.1298 -0.1142  0.1182  0.1351  0.5000
       1       5       1       5       1       5       8       7    ****
 -0.5000 -0.4974 -0.0667  0.5000
       5       6       5    ****
   4   4   1   4   8   2   2
 -0.5000 -0.4693 -0.0667  0.5000
       5       6       5    ****
 -0.5000 -0.1797 -0.1298 -0.0941 -0.0723  0.1182  0.1351  0.5000
       1       5       1       6       5       8       7    ****
 ... generation ...    5
   1   2   1   7   6   2   2
 -0.5000 -0.3113 -0.1797 -0.1298 -0.0941 -0.0817  0.5000
       6       1       5       1       6       5    ****
 -0.5000 -0.4524 -0.4516 -0.0941  0.0244  0.5000
       6       7       1       6       5    ****
   2   4   3   4   9   2   2
 -0.5000 -0.4693 -0.0667  0.5000
       5       6       5    ****
 -0.5000 -0.3491 -0.2946 -0.1797 -0.1298 -0.1142  0.1182  0.1351  0.5000
       1       5       1       5       1       5       8       7    ****
   3   2   4   7  10   2   2
 -0.5000 -0.1993  0.1182  0.1351  0.1473  0.3791  0.5000
       6       5       8       7       5       7    ****
 -0.5000 -0.4696 -0.1797 -0.1298 -0.0941 -0.0723  0.1182  0.1351  0.1728  0.5000
       5       1       5       1       6       5       8       7       5    ****
   4   3   1   9   3   2   2
 -0.5000 -0.3491 -0.2946 -0.1797 -0.1298 -0.1142  0.1182  0.1351  0.5000
       1       5       1       5       1       5       8       7    ****
 -0.5000 -0.1993  0.5000
       6       5    ****
 ... generation ...    6
   1   4   3   9  10   2   2
 -0.5000 -0.3491 -0.2946 -0.1797 -0.1298 -0.1142  0.1182  0.1351  0.5000
       1       5       1       5       1       5       8       7    ****
 -0.5000 -0.4696 -0.4346 -0.1993  0.1182  0.1351  0.1473  0.3791  0.3963  0.5000
       5       1       6       5       8       7       5       7       5    ****
   2   2   2  10   8   2   2
 -0.5000 -0.3491 -0.2946 -0.1797 -0.1298 -0.1142  0.1182  0.1351  0.4076  0.5000
       1       5       1       5       1       5       8       7       5    ****
 -0.5000 -0.3491 -0.2946 -0.1797 -0.1298 -0.1142  0.2441  0.5000
       1       5       1       5       1       5       7    ****
   3   2   2  10   5   2   2
 -0.5000 -0.4693 -0.1993 -0.1797 -0.1298 -0.1142  0.1182  0.1351  0.2458  0.5000
       5       6       1       5       1       5       8       7       5    ****
 -0.5000 -0.4693 -0.0667  0.3966  0.5000
       5       6       5       7    ****
   4   4   3   7   7   2   2
 -0.5000 -0.1993 -0.1149 -0.1142  0.1186  0.1351  0.5000
       6       5       1       5       8       7    ****
 -0.5000 -0.1993  0.1182  0.1351  0.1473  0.3791  0.5000
       6       5       8       7       5       7    ****
 ... generation ...    7
   1   2   1   8  12   2   2
 -0.5000 -0.3491 -0.2946 -0.1797 -0.1298 -0.1142  0.2441  0.5000
       1       5       1       5       1       5       7    ****
 -0.5000 -0.3491 -0.2991 -0.1993 -0.1937 -0.1797 -0.1298 -0.1142  0.1182  0.1351
       1       5       6       5       1       5       1       5       8       7
  0.4241  0.5000
       5    ****
   2   4   4   7   7   2   2
 -0.5000 -0.1993  0.1182  0.1351  0.1473  0.2251  0.5000
       6       5       8       7       5       7    ****
 -0.5000 -0.1993  0.1182  0.1351  0.1473  0.3598  0.5000
       6       5       8       7       5       7    ****
   3   3   2  10  10   2   2
 -0.5000 -0.4693 -0.1993 -0.1797 -0.1298 -0.1142  0.1182  0.1351  0.2458  0.5000
       5       6       1       5       1       5       8       7       5    ****
 -0.5000 -0.3491 -0.2946 -0.1797 -0.1298 -0.1142  0.1182  0.1351  0.4076  0.5000
       1       5       1       5       1       5       8       7       5    ****
   4   1   4  10   7   2   2
 -0.5000 -0.4696 -0.4346 -0.1993  0.1182  0.1351  0.1473  0.3791  0.3963  0.5000
       5       1       6       5       8       7       5       7       5    ****
 -0.5000 -0.1993 -0.1149 -0.1142  0.1186  0.1351  0.5000
       6       5       1       5       8       7    ****
 ... generation ...    8
   1   2   4   7  11   2   2
 -0.5000 -0.1993  0.1182  0.1351  0.1473  0.3598  0.5000
       6       5       8       7       5       7    ****
 -0.5000 -0.1993 -0.1149 -0.1142  0.1186  0.1351  0.3635  0.3791  0.3963  0.4561
       6       5       1       5       8       7       5       7       5       7
  0.5000
    ****
   2   4   1   9  10   2   2
 -0.5000 -0.4696 -0.4608 -0.1993 -0.1149 -0.1142  0.1186  0.1351  0.5000
       5       1       6       5       1       5       8       7    ****
 -0.5000 -0.3491 -0.2991 -0.1993 -0.1937 -0.1797 -0.1298 -0.1142  0.2441  0.5000
       1       5       6       5       1       5       1       5       7    ****
   3   2   2   7   7   2   2
 -0.5000 -0.1993  0.1182  0.1351  0.1473  0.3598  0.5000
       6       5       8       7       5       7    ****
 -0.5000 -0.1993  0.1182  0.1351  0.1473  0.3598  0.5000
       6       5       8       7       5       7    ****
   4   4   3  10  11   2   2
 -0.5000 -0.1993 -0.1149 -0.1142  0.1186  0.1351  0.2591  0.3791  0.3963  0.5000
       6       5       1       5       8       7       5       7       5    ****
 -0.5000 -0.3491 -0.3081 -0.1993 -0.1797 -0.1298 -0.1142  0.1182  0.1351  0.2458
       1       5       6       1       5       1       5       8       7       5
  0.5000
    ****
 ... generation ...    9
   1   4   1  10   7   2   2
 -0.5000 -0.1993 -0.1149 -0.1142  0.1186  0.1351  0.2591  0.3791  0.3963  0.5000
       6       5       1       5       8       7       5       7       5    ****
 -0.5000 -0.1993  0.1182  0.1351  0.1473  0.3598  0.5000
       6       5       8       7       5       7    ****
   2   4   2  11  10   2   2
 -0.5000 -0.3491 -0.3081 -0.1993 -0.1797 -0.1298 -0.1142  0.1182  0.1351  0.2458
       1       5       6       1       5       1       5       8       7       5
  0.5000
    ****
 -0.5000 -0.3491 -0.2991 -0.1993 -0.1937 -0.1797 -0.1298 -0.1142  0.2441  0.5000
       1       5       6       5       1       5       1       5       7    ****
   3   1   4   9  12   2   2
 -0.5000 -0.1993  0.1186  0.1351  0.3635  0.3791  0.3963  0.4561  0.5000
       6       5       8       7       5       7       5       7    ****
 -0.5000 -0.3491 -0.3081 -0.1993 -0.1149 -0.1142  0.1186  0.1351  0.2591  0.3791
       1       5       6       5       1       5       8       7       5       7
  0.3963  0.5000
       5    ****
   4   4   4  12  13   2   2
 -0.5000 -0.3605 -0.3491 -0.3081 -0.1993 -0.1797 -0.1298 -0.1142  0.1182  0.1351
       6       1       5       6       1       5       1       5       8       7
  0.2458  0.5000
       5    ****
 -0.5000 -0.3491 -0.3081 -0.1993 -0.1797 -0.1298 -0.1142  0.1182  0.1351  0.2591
       1       5       6       1       5       1       5       8       7       5
  0.3791  0.3963  0.5000
       7       5    ****
 ... generation ...   10
   1   3   1  12   8   2   2
 -0.5000 -0.3491 -0.3081 -0.1993 -0.1149 -0.1142  0.1186  0.1351  0.2591  0.3791
       1       5       6       5       1       5       8       7       5       7
  0.3963  0.5000
       5    ****
 -0.5000 -0.1993  0.1186  0.1351  0.2591  0.3791  0.3963  0.5000
       6       5       8       7       5       7       5    ****
   2   3   4   9  12   2   2
 -0.5000 -0.1993  0.1186  0.1351  0.3635  0.3791  0.3963  0.4561  0.5000
       6       5       8       7       5       7       5       7    ****
 -0.5000 -0.3605 -0.3491 -0.3081 -0.1993 -0.1797 -0.1298 -0.1142  0.1182  0.1351
       6       1       5       6       1       5       1       5       8       7
  0.2458  0.5000
       5    ****
   3   4   4  14  12   2   2
 -0.5000 -0.3605 -0.3491 -0.3081 -0.1993 -0.1797 -0.1298 -0.1142  0.1182  0.1351
       6       1       5       6       1       5       1       5       8       7
  0.2591  0.3791  0.3963  0.5000
       5       7       5    ****
 -0.5000 -0.3605 -0.3491 -0.3081 -0.1993 -0.1797 -0.1298 -0.1142  0.1182  0.1351
       6       1       5       6       1       5       1       5       8       7
  0.2458  0.5000
       5    ****
   4   2   1   9   7   2   2
 -0.5000 -0.3491 -0.3081 -0.1993 -0.1797 -0.1298 -0.1142  0.2441  0.5000
       1       5       6       1       5       1       5       7    ****
 -0.5000 -0.1993  0.1182  0.1351  0.1473  0.3598  0.5000
       6       5       8       7       5       7    ****
