 ... generation ...    0
   1   0   0   2   2   2   2
  0.0000  1.0000
       1    ****
  0.0000  1.0000
       2    ****
  0.0000  1.0000
       0    ****
  0.0000  1.0000
       0    ****
   2   0   0   2   2   2   2
  0.0000  1.0000
       3    ****
  0.0000  1.0000
       4    ****
  0.0000  1.0000
       0    ****
  0.0000  1.0000
       0    ****
   3   0   0   2   2   2   2
  0.0000  1.0000
       5    ****
  0.0000  1.0000
       6    ****
  0.0000  1.0000
       0    ****
  0.0000  1.0000
       0    ****
   4   0   0   2   2   2   2
  0.0000  1.0000
       7    ****
  0.0000  1.0000
       8    ****
  0.0000  1.0000
       0    ****
  0.0000  1.0000
       0    ****
 ... generation ...    1
   1   4   3   4   5   2   2
  0.0000  0.4177  0.5559  1.0000
       7       8       7    ****
  0.0000  0.4004  0.4743  0.6003  1.0000
       5       6       5       6    ****
  0.0000  1.0000
       0    ****
  0.0000  1.0000
       0    ****
   2   1   3   2   3   2   2
  0.0000  1.0000
       1    ****
  0.0000  0.7357  1.0000
       6       5    ****
  0.0000  1.0000
       1    ****
  0.0000  1.0000
       0    ****
   3   4   2   3   2   2   2
  0.0000  0.0070  1.0000
       8       7    ****
  0.0000  1.0000
       4    ****
  0.0000  1.0000
       0    ****
  0.0000  1.0000
       0    ****
   4   2   3   4   2   2   2
  0.0000  0.6164  0.7740  1.0000
       4       3       4    ****
  0.0000  1.0000
       5    ****
  0.0000  1.0000
       0    ****
  0.0000  1.0000
       0    ****
 ... generation ...    2
   1   2   4   4   3   3   2
  0.0000  0.1771  0.7357  1.0000
       1       6       5    ****
  0.0000  0.4633  1.0000
       4       5    ****
  0.0000  0.1771  1.0000
       1      -1    ****
  0.0000  1.0000
       0    ****
   2   1   4   5   5   2   2
  0.0000  0.4004  0.4743  0.6003  1.0000
       5       6       5       6    ****
  0.0000  0.5525  0.6164  0.7740  1.0000
       5       4       3       4    ****
  0.0000  1.0000
       0    ****
  0.0000  1.0000
       0    ****
   3   2   1   3   4   3   2
  0.0000  0.0995  1.0000
       6       1    ****
  0.0000  0.4177  0.5559  1.0000
       7       8       7    ****
  0.0000  0.0995  1.0000
      -1       1    ****
  0.0000  1.0000
       0    ****
   4   4   3   2   2   2   2
  0.0000  1.0000
       5    ****
  0.0000  1.0000
       4    ****
  0.0000  1.0000
       0    ****
  0.0000  1.0000
       0    ****
 ... generation ...    3
   1   3   3   3   4   3   4
  0.0000  0.0995  1.0000
       6       1    ****
  0.0000  0.0995  0.5909  1.0000
       6       1       7    ****
  0.0000  0.0995  1.0000
       0       1    ****
  0.0000  0.0995  0.5909  1.0000
       0       1      -1    ****
   2   3   3   3   5   4   5
  0.0000  0.3699  1.0000
       7       1    ****
  0.0000  0.4177  0.5105  0.8238  1.0000
       7       8       1       7    ****
  0.0000  0.0995  0.3699  1.0000
       0      -1       1    ****
  0.0000  0.0995  0.5105  0.8238  1.0000
       0      -1       1      -1    ****
   3   4   1   3   4   2   3
  0.0000  0.8896  1.0000
       4       5    ****
  0.0000  0.1771  0.7357  1.0000
       1       6       5    ****
  0.0000  1.0000
       0    ****
  0.0000  0.1771  1.0000
       1       0    ****
   4   2   1   5   4   2   3
  0.0000  0.4004  0.4743  0.6003  1.0000
       5       6       5       6    ****
  0.0000  0.1771  0.6175  1.0000
       1       6       5    ****
  0.0000  1.0000
       0    ****
  0.0000  0.1771  1.0000
       1       0    ****
 ... generation ...    4
   1   1   1   4   4   4   3
  0.0000  0.0995  0.7176  1.0000
       6       1       7    ****
  0.0000  0.0995  0.5909  1.0000
       6       1       7    ****
  0.0000  0.5909  0.7176  1.0000
       0       1      -1    ****
  0.0000  0.5909  1.0000
       0      -1    ****
   2   2   1   5   4   6   3
  0.0000  0.4177  0.5105  0.8888  1.0000
       7       8       1       7    ****
  0.0000  0.0995  0.5909  1.0000
       6       1       7    ****
  0.0000  0.3699  0.5105  0.8238  0.8888  1.0000
       0      -1       0       1      -1    ****
  0.0000  0.5909  1.0000
       0      -1    ****
   3   4   4   8   5   3   4
  0.0000  0.1771  0.2399  0.4004  0.4743  0.6003  0.6552  1.0000
       1       6       5       6       5       6       5    ****
  0.0000  0.1319  0.4004  0.6175  1.0000
       1       5       6       5    ****
  0.0000  0.1771  1.0000
       1       0    ****
  0.0000  0.1319  0.1771  1.0000
       1      -1       0    ****
   4   3   1   5   4   3   4
  0.0000  0.1771  0.4416  0.8896  1.0000
       1       6       4       5    ****
  0.0000  0.0995  0.7190  1.0000
       6       1       7    ****
  0.0000  0.1771  1.0000
       1       0    ****
  0.0000  0.5909  0.7190  1.0000
       0       1      -1    ****
 ... generation ...    5
   1   3   1   8   4   4   4
  0.0000  0.1771  0.2399  0.4004  0.4743  0.6003  0.6552  1.0000
       1       6       5       6       5       6       5    ****
  0.0000  0.0995  0.5909  1.0000
       6       1       7    ****
  0.0000  0.1319  0.1771  1.0000
       0       1       0    ****
  0.0000  0.5909  0.7176  1.0000
       0      -1       0    ****
   2   3   2   6   5   4   6
  0.0000  0.1771  0.2399  0.4004  0.6175  1.0000
       1       6       5       6       5    ****
  0.0000  0.4177  0.5105  0.8888  1.0000
       7       8       1       7    ****
  0.0000  0.1319  0.1771  1.0000
       0       1       0    ****
  0.0000  0.0995  0.5105  0.5909  0.8888  1.0000
       0      -1       0       1       0    ****
   3   1   3   4   7   4   4
  0.0000  0.0995  0.7176  1.0000
       6       1       7    ****
  0.0000  0.1319  0.4004  0.5787  0.6003  0.6552  1.0000
       1       5       6       5       6       5    ****
  0.0000  0.5909  0.7176  1.0000
       0       1       0    ****
  0.0000  0.1319  0.1771  1.0000
       0      -1       0    ****
   4   2   4   5   3   6   5
  0.0000  0.4177  0.5105  0.8888  1.0000
       7       8       1       7    ****
  0.0000  0.7190  1.0000
       1       7    ****
  0.0000  0.0995  0.5105  0.5909  0.8888  1.0000
       0      -1       0       1       0    ****
  0.0000  0.0995  0.1771  0.7190  1.0000
       1       0       1       0    ****
 ... generation ...    6
   1   2   4   8   5   6   5
  0.0000  0.1771  0.2399  0.4004  0.6175  0.7987  0.8888  1.0000
       1       6       5       6       5       1       7    ****
  0.0000  0.4177  0.5105  0.8888  1.0000
       7       8       1       7    ****
  0.0000  0.1771  0.5105  0.7987  0.8888  1.0000
       1       0      -1       1       0    ****
  0.0000  0.5105  0.7190  0.8888  1.0000
      -1       0       1       0    ****
   2   1   1   8   8   7   5
  0.0000  0.0995  0.3129  0.4004  0.4743  0.5636  0.5909  1.0000
       6       1       5       6       5       1       7    ****
  0.0000  0.1771  0.2399  0.4004  0.4743  0.6003  0.6552  1.0000
       1       6       5       6       5       6       5    ****
  0.0000  0.0995  0.1771  0.3129  0.5636  0.5909  1.0000
      -1       0       1      -1       1       0    ****
  0.0000  0.0995  0.1771  0.5909  1.0000
       1       0      -1       0    ****
   3   4   3   5   8   5   6
  0.0000  0.4177  0.5105  0.8888  1.0000
       7       8       1       7    ****
  0.0000  0.0995  0.5056  0.5787  0.6003  0.6552  0.8792  1.0000
       6       1       6       5       6       5       7    ****
  0.0000  0.5105  0.7190  0.8888  1.0000
      -1       0       1       0    ****
  0.0000  0.0995  0.1319  0.5056  0.7176  1.0000
      -1       0       1      -1       0    ****
   4   3   3   4   7   5   5
  0.0000  0.0995  0.7176  1.0000
       6       1       7    ****
  0.0000  0.1319  0.4004  0.5787  0.6003  0.6552  1.0000
       1       5       6       5       6       5    ****
  0.0000  0.0995  0.1319  0.7176  1.0000
      -1       0       1       0    ****
  0.0000  0.0995  0.1319  0.7176  1.0000
       1       0      -1       0    ****
 ... generation ...    7
   1   1   3  10   9   8   8
  0.0000  0.0975  0.1771  0.2399  0.4004  0.5370  0.7785  0.7987  0.8888  1.0000
       7       1       6       5       6       1       5       1       7    ****
  0.0000  0.3106  0.5056  0.5787  0.6003  0.6552  0.6989  0.8888  1.0000
       7       1       6       5       6       5       1       7    ****
  0.0000  0.0975  0.1771  0.5105  0.5370  0.7785  0.7987  1.0000
      -1       1       0      -1       1      -1       0    ****
  0.0000  0.0995  0.3106  0.5056  0.5105  0.6989  0.8888  1.0000
       0      -1       1       0      -1       1       0    ****
   2   3   4   5   7   6   5
  0.0000  0.4177  0.5105  0.8888  1.0000
       7       8       1       7    ****
  0.0000  0.1319  0.4004  0.5787  0.6003  0.6552  1.0000
       1       5       6       5       6       5    ****
  0.0000  0.0995  0.5056  0.5105  0.8888  1.0000
       0      -1       0       1       0    ****
  0.0000  0.0995  0.1319  0.7176  1.0000
       1       0      -1       0    ****
   3   2   3   8   5   7   6
  0.0000  0.0995  0.3129  0.4004  0.4743  0.5636  0.5909  1.0000
       6       1       5       6       5       1       7    ****
  0.0000  0.4177  0.5105  0.8888  1.0000
       7       8       1       7    ****
  0.0000  0.0995  0.1771  0.3129  0.5636  0.5909  1.0000
      -1       0       1       0       1       0    ****
  0.0000  0.0995  0.5056  0.5105  0.8888  1.0000
       0      -1       0       1       0    ****
   4   2   3   9   6   7   7
  0.0000  0.1771  0.2399  0.4004  0.4743  0.6003  0.6552  0.6749  1.0000
       1       6       5       6       5       6       5       7    ****
  0.0000  0.0995  0.4290  0.5105  0.8888  1.0000
       6       1       8       1       7    ****
  0.0000  0.0995  0.1771  0.3129  0.5636  0.5909  1.0000
       1       0      -1       0      -1       0    ****
  0.0000  0.0995  0.4290  0.5056  0.5105  0.8888  1.0000
       0       1      -1       0       1       0    ****
 ... generation ...    8
   1   2   1   6  10   6  10
  0.0000  0.1319  0.4004  0.5755  0.8888  1.0000
       1       5       6       1       7    ****
  0.0000  0.0975  0.1771  0.2399  0.4004  0.5370  0.7785  0.7987  0.8888  1.0000
       7       1       6       5       6       1       5       1       7    ****
  0.0000  0.1319  0.5105  0.5755  0.8888  1.0000
       1       0      -1       1       0    ****
  0.0000  0.0975  0.1771  0.3106  0.5056  0.5370  0.6989  0.7785  0.7987  1.0000
       0       1       0      -1       0       1       0      -1       0    ****
   2   4   1   8  10   9  10
  0.0000  0.1771  0.2399  0.4004  0.4743  0.5398  0.8744  1.0000
       1       6       5       6       5       1       7    ****
  0.0000  0.0975  0.1771  0.2399  0.4004  0.5370  0.7785  0.7987  0.8888  1.0000
       7       1       6       5       6       1       5       1       7    ****
  0.0000  0.0995  0.1771  0.4290  0.5105  0.5398  0.8744  0.8888  1.0000
       1       0      -1       0      -1       1      -1       0    ****
  0.0000  0.0975  0.1771  0.3106  0.5056  0.5370  0.6989  0.7785  0.7987  1.0000
       0       1       0      -1       0       1       0      -1       0    ****
   3   4   3   9   5   7   8
  0.0000  0.1771  0.2399  0.4004  0.4743  0.6003  0.6552  0.6749  1.0000
       1       6       5       6       5       6       5       7    ****
  0.0000  0.4177  0.5105  0.8888  1.0000
       7       8       1       7    ****
  0.0000  0.0995  0.1771  0.4290  0.5105  0.8888  1.0000
       1       0      -1       0      -1       0    ****
  0.0000  0.0995  0.3129  0.5105  0.5636  0.5909  0.8888  1.0000
       0      -1       0       1       0       1       0    ****
   4   2   4   7   6   5   8
  0.0000  0.1319  0.4004  0.4398  0.5105  0.8888  1.0000
       1       5       6       8       1       7    ****
  0.0000  0.0995  0.4290  0.5105  0.7346  1.0000
       6       1       8       1       7    ****
  0.0000  0.1319  0.5105  0.8888  1.0000
       1       0       1       0    ****
  0.0000  0.0995  0.1771  0.4290  0.5105  0.7346  0.8888  1.0000
      -1       0       1       0       1      -1       0    ****
 ... generation ...    9
   1   2   1  10   8   9   9
  0.0000  0.0975  0.1771  0.2399  0.4004  0.5370  0.7785  0.7987  0.8888  1.0000
       7       1       6       5       6       1       5       1       7    ****
  0.0000  0.1319  0.4004  0.5755  0.7785  0.7987  0.8888  1.0000
       1       5       6       1       5       1       7    ****
  0.0000  0.0975  0.5370  0.5398  0.7785  0.7987  0.8744  0.8888  1.0000
      -1       0       1       0      -1       0       1       0    ****
  0.0000  0.0975  0.1319  0.1771  0.5370  0.5755  0.7785  0.7987  1.0000
       1       0      -1       0      -1       0      -1       0    ****
   2   1   4   6   6   9   7
  0.0000  0.1319  0.4004  0.5755  0.8888  1.0000
       1       5       6       1       7    ****
  0.0000  0.0995  0.4290  0.5105  0.7346  1.0000
       6       1       8       1       7    ****
  0.0000  0.0975  0.1319  0.1771  0.5370  0.5755  0.7785  0.7987  1.0000
       1       0      -1       0      -1       0       1       0    ****
  0.0000  0.0995  0.1319  0.4290  0.7346  0.8888  1.0000
      -1       0       1       0      -1       0    ****
   3   3   1  11  10   6   9
  0.0000  0.1771  0.2399  0.4004  0.4743  0.6003  0.6552  0.6749  0.8382  0.8888
       1       6       5       6       5       6       5       7       1       7
  1.0000
    ****
  0.0000  0.0975  0.1771  0.2399  0.4004  0.5370  0.7785  0.7987  0.8888  1.0000
       7       1       6       5       6       1       5       1       7    ****
  0.0000  0.1771  0.5105  0.8382  0.8888  1.0000
       1       0      -1       1       0    ****
  0.0000  0.0975  0.1319  0.1771  0.5370  0.5755  0.7785  0.7987  1.0000
      -1       0       1       0       1       0      -1       0    ****
   4   2   4   8   6   9   7
  0.0000  0.0975  0.1771  0.2399  0.4004  0.5370  0.8744  1.0000
       7       1       6       5       6       1       7    ****
  0.0000  0.0995  0.4290  0.5105  0.7346  1.0000
       6       1       8       1       7    ****
  0.0000  0.0975  0.5370  0.5398  0.7785  0.7987  0.8744  0.8888  1.0000
      -1       0       1       0       1       0      -1       0    ****
  0.0000  0.0995  0.1319  0.4290  0.7346  0.8888  1.0000
      -1       0       1       0      -1       0    ****
 ... generation ...   10
   1   1   3  11  10   8   7
  0.0000  0.1319  0.1606  0.1771  0.2399  0.4004  0.5370  0.7785  0.7987  0.8888
       1       5       1       6       5       6       1       5       1       7
  1.0000
    ****
  0.0000  0.0975  0.1771  0.2399  0.4004  0.5370  0.7785  0.7987  0.8888  1.0000
       7       1       6       5       6       1       5       1       7    ****
  0.0000  0.0975  0.1319  0.1606  0.1771  0.5370  0.5755  1.0000
       1       0      -1       1       0       1       0    ****
  0.0000  0.0975  0.5370  0.7785  0.7987  0.8382  1.0000
      -1       0       1       0       1       0    ****
   2   3   4  11   8   7  10
  0.0000  0.1771  0.2399  0.4004  0.4743  0.6003  0.6552  0.6749  0.8382  0.8888
       1       6       5       6       5       6       5       7       1       7
  1.0000
    ****
  0.0000  0.0975  0.1771  0.2399  0.4004  0.5370  0.8744  1.0000
       7       1       6       5       6       1       7    ****
  0.0000  0.0975  0.5370  0.7785  0.7987  0.8382  1.0000
       1       0      -1       0      -1       0    ****
  0.0000  0.0975  0.0995  0.1771  0.4290  0.5105  0.5370  0.7346  0.8744  1.0000
       0       1       0      -1       0      -1       0       1       0    ****
   3   1   4   8   9   7  11
  0.0000  0.1319  0.4004  0.5370  0.7785  0.7987  0.8888  1.0000
       1       5       6       1       5       1       7    ****
  0.0000  0.0668  0.0882  0.0995  0.4290  0.4655  0.5370  0.8715  1.0000
       6       7       6       1       8       6       1       7    ****
  0.0000  0.0975  0.1319  0.1771  0.5370  0.5755  1.0000
       1       0      -1       0       1       0    ****
  0.0000  0.0975  0.0995  0.1771  0.4290  0.5105  0.5370  0.7346  0.8715  0.8744
       0      -1       0       1       0      -1       0       1      -1       0
  1.0000
    ****
   4   3   1  13  10   8   7
  0.0000  0.0424  0.0975  0.1771  0.2399  0.4004  0.4743  0.6003  0.6552  0.6749
       1       7       1       6       5       6       5       6       5       7
  0.8382  0.8888  1.0000
       1       7    ****
  0.0000  0.0975  0.1771  0.2399  0.4004  0.5370  0.7785  0.7987  0.8888  1.0000
       7       1       6       5       6       1       5       1       7    ****
  0.0000  0.0424  0.0975  0.5370  0.7785  0.7987  0.8382  1.0000
       1      -1       0      -1       0      -1       0    ****
  0.0000  0.0975  0.1319  0.1771  0.5370  0.5755  1.0000
      -1       0       1       0       1       0    ****
