
 ... generation ...    0
   1   0   0   2   2   2   2
 -0.5000  0.5000
       1    ****
  0.0000  0.0000  0.0000  0.0000  0.0000  0.0000  0.0000  0.0000  0.0000  0.0000  0.0000  0.0000  0.0000  0.0000  0.0000
 -0.5000  0.5000
       2    ****
  0.0000  0.0000  0.0000  0.0000  0.0000  0.0000  0.0000  0.0000  0.0000  0.0000  0.0000  0.0000  0.0000  0.0000  0.0000
 -0.5000  0.5000
       0    ****
  0.0000  0.0000  0.0000  0.0000  0.0000  0.0000  0.0000  0.0000  0.0000  0.0000  0.0000  0.0000  0.0000  0.0000  0.0000
 -0.5000  0.5000
       0    ****
  0.0000  0.0000  0.0000  0.0000  0.0000  0.0000  0.0000  0.0000  0.0000  0.0000  0.0000  0.0000  0.0000  0.0000  0.0000
   2   0   0   2   2   2   2
 -0.5000  0.5000
       3    ****
  0.0000  0.0000  0.0000  0.0000  0.0000  0.0000  0.0000  0.0000  0.0000  0.0000  0.0000  0.0000  0.0000  0.0000  0.0000
 -0.5000  0.5000
       4    ****
  0.0000  0.0000  0.0000  0.0000  0.0000  0.0000  0.0000  0.0000  0.0000  0.0000  0.0000  0.0000  0.0000  0.0000  0.0000
 -0.5000  0.5000
       0    ****
  0.0000  0.0000  0.0000  0.0000  0.0000  0.0000  0.0000  0.0000  0.0000  0.0000  0.0000  0.0000  0.0000  0.0000  0.0000
 -0.5000  0.5000
       0    ****
  0.0000  0.0000  0.0000  0.0000  0.0000  0.0000  0.0000  0.0000  0.0000  0.0000  0.0000  0.0000  0.0000  0.0000  0.0000
   3   0   0   2   2   2   2
 -0.5000  0.5000
       5    ****
  0.0000  0.0000  0.0000  0.0000  0.0000  0.0000  0.0000  0.0000  0.0000  0.0000  0.0000  0.0000  0.0000  0.0000  0.0000
 -0.5000  0.5000
       6    ****
  0.0000  0.0000  0.0000  0.0000  0.0000  0.0000  0.0000  0.0000  0.0000  0.0000  0.0000  0.0000  0.0000  0.0000  0.0000
 -0.5000  0.5000
       0    ****
  0.0000  0.0000  0.0000  0.0000  0.0000  0.0000  0.0000  0.0000  0.0000  0.0000  0.0000  0.0000  0.0000  0.0000  0.0000
 -0.5000  0.5000
       0    ****
  0.0000  0.0000  0.0000  0.0000  0.0000  0.0000  0.0000  0.0000  0.0000  0.0000  0.0000  0.0000  0.0000  0.0000  0.0000
   4   0   0   2   2   2   2
 -0.5000  0.5000
       7    ****
  0.9930  0.0000 -0.1114 -0.0000  0.0333  0.0000 -0.0154 -0.0000  0.0088  0.0000 -0.0057 -0.0000  0.0039 -0.0000 -0.0029
 -0.5000  0.5000
       8    ****
  0.0000  0.0000  0.0000  0.0000  0.0000  0.0000  0.0000  0.0000  0.0000  0.0000  0.0000  0.0000  0.0000  0.0000  0.0000
 -0.5000  0.5000
       0    ****
  0.0000  0.0000  0.0000  0.0000  0.0000  0.0000  0.0000  0.0000  0.0000  0.0000  0.0000  0.0000  0.0000  0.0000  0.0000
 -0.5000  0.5000
       0    ****
  0.0000  0.0000  0.0000  0.0000  0.0000  0.0000  0.0000  0.0000  0.0000  0.0000  0.0000  0.0000  0.0000  0.0000  0.0000
 ... pnet ... 
  0.1250  0.1250  0.1250  0.1250  0.1250  0.1250  0.1250  0.1250  0.1250  0.1250  0.1250  0.1250  0.1250  0.1250  0.1250
  0.1250  0.1250  0.1250  0.1250  0.1250  0.1250  0.1250  0.1250  0.1250  0.1250  0.1250  0.1250  0.1250  0.1250  0.1250
  0.1250  0.1250  0.1250  0.1250  0.1250  0.1250  0.1250  0.1250  0.1250  0.1250  0.1250  0.1250  0.1250  0.1250  0.1250
  0.1250  0.1250  0.1250  0.1250  0.1250  0.1250  0.1250  0.1250  0.1250  0.1250  0.1250  0.1250  0.1250  0.1250  0.1250
  0.1250  0.1250  0.1250  0.1250  0.1250  0.1250  0.1250  0.1250  0.1250  0.1250  0.1250  0.1250  0.1250  0.1250  0.1250
  0.1250  0.1250  0.1250  0.1250  0.1250  0.1250  0.1250  0.1250  0.1250  0.1250  0.1250  0.1250  0.1250  0.1250  0.1250
  0.1250  0.1250  0.1250  0.1250  0.1250  0.1250  0.1250  0.1250  0.1250  0.1250
 ... fnet ... 
  1.8898  0.9076 -0.3030 -0.7644 -0.0931  1.1917  2.0773  1.8624  0.7206 -0.4289 -0.6484  0.2679  1.6176  2.3378  1.8515
  0.5414 -0.5364 -0.4847  0.7080  2.1329  2.6654  1.8653  0.3567 -0.6349 -0.2495  1.2955  2.8309  3.1362  1.9278  0.1443
 -0.7404  0.1194  2.2071  3.9613  3.9642  2.1145 -0.1584 -0.8987  0.8394  4.0924  6.5119  6.0733  2.7909 -0.8708 -1.3745
  3.4991 12.8211 22.5694 27.7027 25.0482 15.2153  2.3275 -8.2607-12.8480-11.1373 -5.9099 -1.0155  0.9407 -0.2058 -2.6528
 -4.2131 -3.8220 -2.0160 -0.2472  0.3038 -0.4799 -1.7408 -2.4172 -2.0433 -1.0003 -0.1141  0.0160 -0.5698 -1.3066 -1.5941
 -1.2486 -0.5867 -0.1235 -0.1604 -0.5852 -1.0097 -1.0977 -0.8126 -0.4049 -0.1843 -0.2763 -0.5527 -0.7661 -0.7559 -0.5576
 -0.3436 -0.2673 -0.3479 -0.4811 -0.5464 -0.5062 -0.4175 -0.3602 -0.3605 -0.3807
 ... eave ... 
  0.1241  0.0000 -0.0139 -0.0000  0.0042  0.0000 -0.0019 -0.0000  0.0011  0.0000 -0.0007 -0.0000  0.0005 -0.0000 -0.0004
  0.0000  0.0003 -0.0000 -0.0002 -0.0000  0.0002 -0.0000 -0.0001  0.0000  0.0001 -0.0000 -0.0001  0.0000  0.0001 -0.0000

 ... generation ...    1
   1   3   4   3   4   2   4
 -0.5000 -0.3903  0.5000
       5       6    ****
  0.0000  0.0000  0.0000  0.0000  0.0000  0.0000  0.0000  0.0000  0.0000  0.0000  0.0000  0.0000  0.0000  0.0000  0.0000
 -0.5000 -0.2388  0.1959  0.5000
       7       8       7    ****
  0.5148 -0.0427 -0.5033 -0.0498 -0.0371  0.0189  0.0986  0.0578  0.0764  0.0061 -0.0434 -0.0523 -0.0442 -0.0267  0.0028
 -0.5000  0.5000
       0    ****
  0.0000  0.0000  0.0000  0.0000  0.0000  0.0000  0.0000  0.0000  0.0000  0.0000  0.0000  0.0000  0.0000  0.0000  0.0000
 -0.5000 -0.2388  0.1959  0.5000
       1      -1       1    ****
  0.0366 -0.0855 -0.8953 -0.0997 -0.1074  0.0378  0.2126  0.1156  0.1441  0.0122 -0.0812 -0.1046 -0.0924 -0.0535  0.0086
   2   3   2   2   2   2   2
 -0.5000  0.5000
       5    ****
  0.0000  0.0000  0.0000  0.0000  0.0000  0.0000  0.0000  0.0000  0.0000  0.0000  0.0000  0.0000  0.0000  0.0000  0.0000
 -0.5000  0.5000
       3    ****
  0.0000  0.0000  0.0000  0.0000  0.0000  0.0000  0.0000  0.0000  0.0000  0.0000  0.0000  0.0000  0.0000  0.0000  0.0000
 -0.5000  0.5000
       0    ****
  0.0000  0.0000  0.0000  0.0000  0.0000  0.0000  0.0000  0.0000  0.0000  0.0000  0.0000  0.0000  0.0000  0.0000  0.0000
 -0.5000  0.5000
       0    ****
  0.0000  0.0000  0.0000  0.0000  0.0000  0.0000  0.0000  0.0000  0.0000  0.0000  0.0000  0.0000  0.0000  0.0000  0.0000
   3   1   1   2   2   2   2
 -0.5000  0.5000
       2    ****
  0.0000  0.0000  0.0000  0.0000  0.0000  0.0000  0.0000  0.0000  0.0000  0.0000  0.0000  0.0000  0.0000  0.0000  0.0000
 -0.5000  0.5000
       1    ****
  0.0000  0.0000  0.0000  0.0000  0.0000  0.0000  0.0000  0.0000  0.0000  0.0000  0.0000  0.0000  0.0000  0.0000  0.0000
 -0.5000  0.5000
       0    ****
  0.0000  0.0000  0.0000  0.0000  0.0000  0.0000  0.0000  0.0000  0.0000  0.0000  0.0000  0.0000  0.0000  0.0000  0.0000
 -0.5000  0.5000
       0    ****
  0.0000  0.0000  0.0000  0.0000  0.0000  0.0000  0.0000  0.0000  0.0000  0.0000  0.0000  0.0000  0.0000  0.0000  0.0000
   4   3   4   4   2   2   2
 -0.5000 -0.4486 -0.4299  0.5000
       6       5       6    ****
  0.0000  0.0000  0.0000  0.0000  0.0000  0.0000  0.0000  0.0000  0.0000  0.0000  0.0000  0.0000  0.0000  0.0000  0.0000
 -0.5000  0.5000
       7    ****
  0.9930  0.0000 -0.1114 -0.0000  0.0333  0.0000 -0.0154 -0.0000  0.0088  0.0000 -0.0057 -0.0000  0.0039 -0.0000 -0.0029
 -0.5000  0.5000
       0    ****
  0.0000  0.0000  0.0000  0.0000  0.0000  0.0000  0.0000  0.0000  0.0000  0.0000  0.0000  0.0000  0.0000  0.0000  0.0000
 -0.5000  0.5000
       1    ****
  0.9930  0.0000 -0.1114 -0.0000  0.0333  0.0000 -0.0154 -0.0000  0.0088  0.0000 -0.0057 -0.0000  0.0039 -0.0000 -0.0029
 ... pnet ... 
  0.2500  0.2500  0.2500  0.2500  0.2500  0.2500  0.2500  0.2500  0.2500  0.2500  0.2500  0.2500  0.2500  0.2500  0.2500
  0.2500  0.2500  0.2500  0.2500  0.2500  0.2500  0.2500  0.2500  0.2500  0.2500  0.2500  0.1250  0.1250  0.1250  0.1250
  0.1250  0.1250  0.1250  0.1250  0.1250  0.1250  0.1250  0.1250  0.1250  0.1250  0.1250  0.1250  0.1250  0.1250  0.1250
  0.1250  0.1250  0.1250  0.1250  0.1250  0.1250  0.1250  0.1250  0.1250  0.1250  0.1250  0.1250  0.1250  0.1250  0.1250
  0.1250  0.1250  0.1250  0.1250  0.1250  0.1250  0.1250  0.1250  0.1250  0.1250  0.2500  0.2500  0.2500  0.2500  0.2500
  0.2500  0.2500  0.2500  0.2500  0.2500  0.2500  0.2500  0.2500  0.2500  0.2500  0.2500  0.2500  0.2500  0.2500  0.2500
  0.2500  0.2500  0.2500  0.2500  0.2500  0.2500  0.2500  0.2500  0.2500  0.2500
 ... fnet ... 
  1.8898  0.9076 -0.3030 -0.7644 -0.0931  1.1917  2.0773  1.8624  0.7206 -0.4289 -0.6484  0.2679  1.6176  2.3378  1.8515
  0.5414 -0.5364 -0.4847  0.7080  2.1329  2.6654  1.8653  0.3567 -0.6349 -0.2495  1.2955  2.8309  3.1362  1.9278  0.1443
 -0.7404  0.1194  2.2071  3.9613  3.9642  2.1145 -0.1584 -0.8987  0.8394  4.0924  6.5119  6.0733  2.7909 -0.8708 -1.3745
  3.4991 12.8211 22.5694 27.7027 25.0482 15.2153  2.3275 -8.2607-12.8480-11.1373 -5.9099 -1.0155  0.9407 -0.2058 -2.6528
 -4.2131 -3.8220 -2.0160 -0.2472  0.3038 -0.4799 -1.7408 -2.4172 -2.0433 -1.0003 -0.1141  0.0160 -0.5698 -1.3066 -1.5941
 -1.2486 -0.5867 -0.1235 -0.1604 -0.5852 -1.0097 -1.0977 -0.8126 -0.4049 -0.1843 -0.2763 -0.5527 -0.7661 -0.7559 -0.5576
 -0.3436 -0.2673 -0.3479 -0.4811 -0.5464 -0.5062 -0.4175 -0.3602 -0.3605 -0.3807
 ... eave ... 
  0.1885 -0.0053 -0.0768 -0.0062 -0.0005  0.0024  0.0104  0.0072  0.0107  0.0008 -0.0061 -0.0065 -0.0050 -0.0033 -0.0000
  0.0047  0.0039  0.0049  0.0001 -0.0023 -0.0008 -0.0052 -0.0006  0.0000  0.0001  0.0044 -0.0009  0.0016  0.0005 -0.0029

 ... generation ...    2
   1   1   2   5   2   4   2
 -0.5000 -0.3903  0.0866  0.1959  0.5000
       5       6       8       7    ****
  0.2799 -0.3642 -0.2493  0.0771 -0.0464  0.0770  0.0335  0.0286  0.0585 -0.0409  0.0018 -0.0332 -0.0317  0.0040 -0.0242
 -0.5000  0.5000
       3    ****
  0.0000  0.0000  0.0000  0.0000  0.0000  0.0000  0.0000  0.0000  0.0000  0.0000  0.0000  0.0000  0.0000  0.0000  0.0000
 -0.5000 -0.2388  0.1959  0.5000
      -1       0       1    ****
  0.0450 -0.6857  0.0048  0.2040 -0.0557  0.1351 -0.0317 -0.0005  0.0406 -0.0879  0.0471 -0.0141 -0.0192  0.0347 -0.0513
 -0.5000  0.5000
       0    ****
  0.0000  0.0000  0.0000  0.0000  0.0000  0.0000  0.0000  0.0000  0.0000  0.0000  0.0000  0.0000  0.0000  0.0000  0.0000
   2   2   1   2   5   2   5
 -0.5000  0.5000
       3    ****
  0.0000  0.0000  0.0000  0.0000  0.0000  0.0000  0.0000  0.0000  0.0000  0.0000  0.0000  0.0000  0.0000  0.0000  0.0000
 -0.5000 -0.2388  0.1959  0.2174  0.5000
       7       8       7       6    ****
  0.2576  0.3008 -0.2495 -0.1536 -0.0172 -0.0534  0.0442  0.0589  0.0326  0.0590 -0.0164 -0.0420 -0.0113 -0.0549 -0.0007
 -0.5000  0.5000
       0    ****
  0.0000  0.0000  0.0000  0.0000  0.0000  0.0000  0.0000  0.0000  0.0000  0.0000  0.0000  0.0000  0.0000  0.0000  0.0000
 -0.5000 -0.2388  0.1959  0.2174  0.5000
       1       0       1      -1    ****
  0.0004  0.6444  0.0043 -0.2573  0.0027 -0.1258 -0.0103  0.0599 -0.0112  0.1118  0.0107 -0.0316  0.0217 -0.0830 -0.0042
   3   1   3   5   4   5   2
 -0.5000 -0.2388  0.1959  0.2427  0.5000
       7       8       7       6    ****
  0.2840  0.2745 -0.2497 -0.1806 -0.0519 -0.0356  0.0328  0.0915  0.0640  0.0502  0.0033 -0.0763 -0.0370 -0.0551 -0.0263
 -0.5000 -0.1935  0.1630  0.5000
       1       2       1    ****
  0.0000  0.0000  0.0000  0.0000  0.0000  0.0000  0.0000  0.0000  0.0000  0.0000  0.0000  0.0000  0.0000  0.0000  0.0000
 -0.5000 -0.2388  0.1959  0.2427  0.5000
       1       0       1      -1    ****
  0.0531  0.5917  0.0039 -0.3114 -0.0667 -0.0901 -0.0330  0.1251  0.0515  0.0943  0.0499 -0.1003 -0.0297 -0.0836 -0.0555
 -0.5000  0.5000
       0    ****
  0.0000  0.0000  0.0000  0.0000  0.0000  0.0000  0.0000  0.0000  0.0000  0.0000  0.0000  0.0000  0.0000  0.0000  0.0000
   4   3   4   2   5   2   3
 -0.5000  0.5000
       2    ****
  0.0000  0.0000  0.0000  0.0000  0.0000  0.0000  0.0000  0.0000  0.0000  0.0000  0.0000  0.0000  0.0000  0.0000  0.0000
 -0.5000 -0.4822 -0.4486 -0.4299  0.5000
       7       6       5       6    ****
  0.0134  0.0211 -0.0237 -0.0246  0.0249  0.0250 -0.0249 -0.0248  0.0247  0.0245 -0.0243 -0.0240  0.0237  0.0234 -0.0231
 -0.5000  0.5000
       0    ****
  0.0000  0.0000  0.0000  0.0000  0.0000  0.0000  0.0000  0.0000  0.0000  0.0000  0.0000  0.0000  0.0000  0.0000  0.0000
 -0.5000 -0.4822  0.5000
       1      -1    ****
 -0.9663  0.0421  0.0640 -0.0491  0.0164  0.0499 -0.0345 -0.0497  0.0406  0.0490 -0.0429 -0.0480  0.0435  0.0469 -0.0433
 ... pnet ... 
  0.3750  0.3750  0.2500  0.2500  0.2500  0.2500  0.2500  0.2500  0.2500  0.2500  0.2500  0.2500  0.2500  0.2500  0.2500
  0.2500  0.2500  0.2500  0.2500  0.2500  0.2500  0.2500  0.2500  0.2500  0.2500  0.2500  0.0000  0.0000  0.0000  0.0000
  0.0000  0.0000  0.0000  0.0000  0.0000  0.0000  0.0000  0.0000  0.0000  0.0000  0.0000  0.0000  0.0000  0.0000  0.0000
  0.0000  0.0000  0.0000  0.0000  0.0000  0.0000  0.0000  0.0000  0.0000  0.0000  0.0000  0.0000  0.0000  0.0000  0.0000
  0.0000  0.0000  0.0000  0.0000  0.0000  0.0000  0.0000  0.0000  0.0000  0.0000  0.3750  0.3750  0.2500  0.2500  0.1250
  0.1250  0.1250  0.1250  0.1250  0.1250  0.1250  0.1250  0.1250  0.1250  0.1250  0.1250  0.1250  0.1250  0.1250  0.1250
  0.1250  0.1250  0.1250  0.1250  0.1250  0.1250  0.1250  0.1250  0.1250  0.1250
 ... fnet ... 
  1.8898  0.9076 -0.3030 -0.7644 -0.0931  1.1917  2.0773  1.8624  0.7206 -0.4289 -0.6484  0.2679  1.6176  2.3378  1.8515
  0.5414 -0.5364 -0.4847  0.7080  2.1329  2.6654  1.8653  0.3567 -0.6349 -0.2495  1.2955  2.8309  3.1362  1.9278  0.1443
 -0.7404  0.1194  2.2071  3.9613  3.9642  2.1145 -0.1584 -0.8987  0.8394  4.0924  6.5119  6.0733  2.7909 -0.8708 -1.3745
  3.4991 12.8211 22.5694 27.7027 25.0482 15.2153  2.3275 -8.2607-12.8480-11.1373 -5.9099 -1.0155  0.9407 -0.2058 -2.6528
 -4.2131 -3.8220 -2.0160 -0.2472  0.3038 -0.4799 -1.7408 -2.4172 -2.0433 -1.0003 -0.1141  0.0160 -0.5698 -1.3066 -1.5941
 -1.2486 -0.5867 -0.1235 -0.1604 -0.5852 -1.0097 -1.0977 -0.8126 -0.4049 -0.1843 -0.2763 -0.5527 -0.7661 -0.7559 -0.5576
 -0.3436 -0.2673 -0.3479 -0.4811 -0.5464 -0.5062 -0.4175 -0.3602 -0.3605 -0.3807
 ... eave ... 
  0.1044  0.0290 -0.0965 -0.0352 -0.0113  0.0016  0.0107  0.0193  0.0225  0.0116 -0.0044 -0.0219 -0.0070 -0.0103 -0.0093
  0.0092  0.0066  0.0192  0.0033 -0.0077  0.0050 -0.0133 -0.0060 -0.0041 -0.0023  0.0150 -0.0032  0.0038  0.0066 -0.0057

 ... generation ...    3
   1   2   2   2   5   5   5
 -0.5000  0.5000
       3    ****
  0.0000  0.0000  0.0000  0.0000  0.0000  0.0000  0.0000  0.0000  0.0000  0.0000  0.0000  0.0000  0.0000  0.0000  0.0000
 -0.5000 -0.0709  0.1959  0.2174  0.5000
       3       8       7       6    ****
  0.0227 -0.0206  0.0045 -0.0266 -0.0265  0.0046 -0.0210  0.0297  0.0147  0.0119  0.0289 -0.0228  0.0012 -0.0241 -0.0277
 -0.5000 -0.2388  0.1959  0.2174  0.5000
      -1       0      -1       0    ****
 -0.2576 -0.3008  0.2495  0.1536  0.0172  0.0534 -0.0442 -0.0589 -0.0326 -0.0590  0.0164  0.0420  0.0113  0.0549  0.0007
 -0.5000 -0.2388  0.1959  0.2174  0.5000
      -1       0       1       0    ****
 -0.2123 -0.3421  0.2586  0.1003 -0.0358  0.0627 -0.0861  0.0005 -0.0032 -0.0351  0.0742 -0.0037  0.0138  0.0066 -0.0548
   2   4   4   4   3   3   3
 -0.5000 -0.2807 -0.1440  0.5000
       2       6       2    ****
  0.0000  0.0000  0.0000  0.0000  0.0000  0.0000  0.0000  0.0000  0.0000  0.0000  0.0000  0.0000  0.0000  0.0000  0.0000
 -0.5000 -0.3719  0.5000
       2       6    ****
  0.0000  0.0000  0.0000  0.0000  0.0000  0.0000  0.0000  0.0000  0.0000  0.0000  0.0000  0.0000  0.0000  0.0000  0.0000
 -0.5000 -0.4822  0.5000
      -1       0    ****
 -0.0134 -0.0211  0.0237  0.0246 -0.0249 -0.0250  0.0249  0.0248 -0.0247 -0.0245  0.0243  0.0240 -0.0237 -0.0234  0.0231
 -0.5000 -0.4822  0.5000
      -1       0    ****
 -0.0134 -0.0211  0.0237  0.0246 -0.0249 -0.0250  0.0249  0.0248 -0.0247 -0.0245  0.0243  0.0240 -0.0237 -0.0234  0.0231
   3   1   1   6   3   4   4
 -0.5000 -0.1929  0.0866  0.1959  0.3768  0.5000
       3       6       8       7       3    ****
  0.1789 -0.2099 -0.0880 -0.0706 -0.1706  0.1727  0.0989 -0.0076  0.0483 -0.0516 -0.0235  0.0002  0.0035 -0.0274 -0.0479
 -0.5000  0.2460  0.5000
       3       7    ****
  0.2274 -0.3136 -0.2531  0.1339  0.0195  0.0513  0.0661 -0.0372  0.0078 -0.0412 -0.0474  0.0278 -0.0026  0.0258  0.0302
 -0.5000  0.1959  0.3768  0.5000
       0       1      -1    ****
  0.0779 -0.0556  0.0733 -0.2182 -0.2948  0.2684  0.1644 -0.0437  0.0380 -0.0622 -0.0488  0.0336  0.0386 -0.0589 -0.0715
 -0.5000  0.1959  0.2460  0.5000
       0      -1       1    ****
  0.1750 -0.2631 -0.2570  0.1907  0.0853  0.0256  0.0987 -0.1031 -0.0429 -0.0415 -0.0966  0.0889  0.0264  0.0477  0.0847
   4   4   4   6   6   3   3
 -0.5000 -0.4822 -0.4486 -0.4299 -0.2489  0.5000
       7       6       5       6       2    ****
  0.0134  0.0211 -0.0237 -0.0246  0.0249  0.0250 -0.0249 -0.0248  0.0247  0.0245 -0.0243 -0.0240  0.0237  0.0234 -0.0231
 -0.5000 -0.4822 -0.4486 -0.4299  0.4668  0.5000
       7       6       5       6       2    ****
  0.0134  0.0211 -0.0237 -0.0246  0.0249  0.0250 -0.0249 -0.0248  0.0247  0.0245 -0.0243 -0.0240  0.0237  0.0234 -0.0231
 -0.5000 -0.4822  0.5000
       1       0    ****
  0.0134  0.0211 -0.0237 -0.0246  0.0249  0.0250 -0.0249 -0.0248  0.0247  0.0245 -0.0243 -0.0240  0.0237  0.0234 -0.0231
 -0.5000 -0.4822  0.5000
       1       0    ****
  0.0134  0.0211 -0.0237 -0.0246  0.0249  0.0250 -0.0249 -0.0248  0.0247  0.0245 -0.0243 -0.0240  0.0237  0.0234 -0.0231
 ... pnet ... 
  0.2500  0.2500  0.0000  0.0000  0.0000  0.0000  0.0000  0.0000  0.0000  0.0000  0.0000  0.0000  0.0000  0.0000  0.0000
  0.0000  0.0000  0.0000  0.0000  0.0000  0.0000  0.0000  0.0000  0.0000  0.0000  0.0000  0.0000  0.0000  0.0000  0.0000
  0.0000  0.0000  0.0000  0.0000  0.0000  0.0000  0.0000  0.0000  0.0000  0.0000  0.0000  0.0000  0.0000  0.0000  0.0000
  0.0000  0.0000  0.0000  0.0000  0.0000  0.0000  0.0000  0.0000  0.0000  0.0000  0.0000  0.0000  0.0000  0.0000  0.0000
  0.0000  0.0000  0.0000  0.0000  0.0000  0.0000  0.0000  0.0000  0.0000  0.0000  0.2500  0.2500  0.1250  0.1250  0.1250
  0.2500  0.2500  0.2500  0.2500  0.2500  0.2500  0.2500  0.2500  0.2500  0.2500  0.2500  0.2500  0.2500  0.1250  0.1250
  0.1250  0.1250  0.1250  0.1250  0.1250  0.1250  0.1250  0.1250  0.1250  0.1250
 ... fnet ... 
  1.8898  0.9076 -0.3030 -0.7644 -0.0931  1.1917  2.0773  1.8624  0.7206 -0.4289 -0.6484  0.2679  1.6176  2.3378  1.8515
  0.5414 -0.5364 -0.4847  0.7080  2.1329  2.6654  1.8653  0.3567 -0.6349 -0.2495  1.2955  2.8309  3.1362  1.9278  0.1443
 -0.7404  0.1194  2.2071  3.9613  3.9642  2.1145 -0.1584 -0.8987  0.8394  4.0924  6.5119  6.0733  2.7909 -0.8708 -1.3745
  3.4991 12.8211 22.5694 27.7027 25.0482 15.2153  2.3275 -8.2607-12.8480-11.1373 -5.9099 -1.0155  0.9407 -0.2058 -2.6528
 -4.2131 -3.8220 -2.0160 -0.2472  0.3038 -0.4799 -1.7408 -2.4172 -2.0433 -1.0003 -0.1141  0.0160 -0.5698 -1.3066 -1.5941
 -1.2486 -0.5867 -0.1235 -0.1604 -0.5852 -1.0097 -1.0977 -0.8126 -0.4049 -0.1843 -0.2763 -0.5527 -0.7661 -0.7559 -0.5576
 -0.3436 -0.2673 -0.3479 -0.4811 -0.5464 -0.5062 -0.4175 -0.3602 -0.3605 -0.3807
 ... eave ... 
  0.0570 -0.0628 -0.0480 -0.0016 -0.0160  0.0348  0.0118 -0.0081  0.0150 -0.0040 -0.0113 -0.0054  0.0062  0.0026 -0.0114
 -0.0010  0.0063  0.0087 -0.0012 -0.0073  0.0057  0.0043 -0.0031 -0.0095 -0.0002  0.0058 -0.0084  0.0029  0.0100  0.0028

 ... generation ...    4
   1   2   4   6   8   2   2
 -0.5000 -0.2807 -0.1440 -0.0539  0.0518  0.5000
       2       6       2       6       2    ****
  0.0000  0.0000  0.0000  0.0000  0.0000  0.0000  0.0000  0.0000  0.0000  0.0000  0.0000  0.0000  0.0000  0.0000  0.0000
 -0.5000 -0.4822 -0.4486 -0.4299 -0.2489  0.0028  0.3558  0.5000
       7       6       5       6       2       6       2    ****
  0.0134  0.0211 -0.0237 -0.0246  0.0249  0.0250 -0.0249 -0.0248  0.0247  0.0245 -0.0243 -0.0240  0.0237  0.0234 -0.0231
 -0.5000  0.5000
       0    ****
  0.0000  0.0000  0.0000  0.0000  0.0000  0.0000  0.0000  0.0000  0.0000  0.0000  0.0000  0.0000  0.0000  0.0000  0.0000
 -0.5000  0.5000
       0    ****
  0.0000  0.0000  0.0000  0.0000  0.0000  0.0000  0.0000  0.0000  0.0000  0.0000  0.0000  0.0000  0.0000  0.0000  0.0000
   2   2   2   6   3   2   2
 -0.5000 -0.2807 -0.1440  0.2388  0.3223  0.5000
       2       6       2       6       2    ****
  0.0000  0.0000  0.0000  0.0000  0.0000  0.0000  0.0000  0.0000  0.0000  0.0000  0.0000  0.0000  0.0000  0.0000  0.0000
 -0.5000 -0.3719  0.5000
       2       6    ****
  0.0000  0.0000  0.0000  0.0000  0.0000  0.0000  0.0000  0.0000  0.0000  0.0000  0.0000  0.0000  0.0000  0.0000  0.0000
 -0.5000  0.5000
       0    ****
  0.0000  0.0000  0.0000  0.0000  0.0000  0.0000  0.0000  0.0000  0.0000  0.0000  0.0000  0.0000  0.0000  0.0000  0.0000
 -0.5000  0.5000
       0    ****
  0.0000  0.0000  0.0000  0.0000  0.0000  0.0000  0.0000  0.0000  0.0000  0.0000  0.0000  0.0000  0.0000  0.0000  0.0000
   3   2   3   5   3   2   5
 -0.5000 -0.3284 -0.1440  0.2520  0.5000
       2       6       2       6    ****
  0.0000  0.0000  0.0000  0.0000  0.0000  0.0000  0.0000  0.0000  0.0000  0.0000  0.0000  0.0000  0.0000  0.0000  0.0000
 -0.5000  0.2460  0.5000
       3       7    ****
  0.2274 -0.3136 -0.2531  0.1339  0.0195  0.0513  0.0661 -0.0372  0.0078 -0.0412 -0.0474  0.0278 -0.0026  0.0258  0.0302
 -0.5000  0.5000
       0    ****
  0.0000  0.0000  0.0000  0.0000  0.0000  0.0000  0.0000  0.0000  0.0000  0.0000  0.0000  0.0000  0.0000  0.0000  0.0000
 -0.5000  0.1959  0.2460  0.3768  0.5000
       0      -1       0       1    ****
  0.0485 -0.1037 -0.1651  0.2044  0.1901 -0.1214 -0.0328 -0.0297 -0.0405  0.0103 -0.0239  0.0276 -0.0061  0.0533  0.0781
   4   2   2   3   4   2   2
 -0.5000 -0.2807  0.5000
       2       6    ****
  0.0000  0.0000  0.0000  0.0000  0.0000  0.0000  0.0000  0.0000  0.0000  0.0000  0.0000  0.0000  0.0000  0.0000  0.0000
 -0.5000 -0.3719 -0.0887  0.5000
       2       6       2    ****
  0.0000  0.0000  0.0000  0.0000  0.0000  0.0000  0.0000  0.0000  0.0000  0.0000  0.0000  0.0000  0.0000  0.0000  0.0000
 -0.5000  0.5000
       0    ****
  0.0000  0.0000  0.0000  0.0000  0.0000  0.0000  0.0000  0.0000  0.0000  0.0000  0.0000  0.0000  0.0000  0.0000  0.0000
 -0.5000  0.5000
       0    ****
  0.0000  0.0000  0.0000  0.0000  0.0000  0.0000  0.0000  0.0000  0.0000  0.0000  0.0000  0.0000  0.0000  0.0000  0.0000
 ... pnet ... 
  0.1250  0.1250  0.0000  0.0000  0.0000  0.0000  0.0000  0.0000  0.0000  0.0000  0.0000  0.0000  0.0000  0.0000  0.0000
  0.0000  0.0000  0.0000  0.0000  0.0000  0.0000  0.0000  0.0000  0.0000  0.0000  0.0000  0.0000  0.0000  0.0000  0.0000
  0.0000  0.0000  0.0000  0.0000  0.0000  0.0000  0.0000  0.0000  0.0000  0.0000  0.0000  0.0000  0.0000  0.0000  0.0000
  0.0000  0.0000  0.0000  0.0000  0.0000  0.0000  0.0000  0.0000  0.0000  0.0000  0.0000  0.0000  0.0000  0.0000  0.0000
  0.0000  0.0000  0.0000  0.0000  0.0000  0.0000  0.0000  0.0000  0.0000  0.0000  0.0000  0.0000  0.0000  0.0000  0.0000
  0.1250  0.1250  0.1250  0.1250  0.1250  0.1250  0.1250  0.1250  0.1250  0.1250  0.1250  0.1250  0.1250  0.1250  0.1250
  0.1250  0.1250  0.1250  0.1250  0.1250  0.1250  0.1250  0.1250  0.1250  0.1250
 ... fnet ... 
  1.8898  0.9076 -0.3030 -0.7644 -0.0931  1.1917  2.0773  1.8624  0.7206 -0.4289 -0.6484  0.2679  1.6176  2.3378  1.8515
  0.5414 -0.5364 -0.4847  0.7080  2.1329  2.6654  1.8653  0.3567 -0.6349 -0.2495  1.2955  2.8309  3.1362  1.9278  0.1443
 -0.7404  0.1194  2.2071  3.9613  3.9642  2.1145 -0.1584 -0.8987  0.8394  4.0924  6.5119  6.0733  2.7909 -0.8708 -1.3745
  3.4991 12.8211 22.5694 27.7027 25.0482 15.2153  2.3275 -8.2607-12.8480-11.1373 -5.9099 -1.0155  0.9407 -0.2058 -2.6528
 -4.2131 -3.8220 -2.0160 -0.2472  0.3038 -0.4799 -1.7408 -2.4172 -2.0433 -1.0003 -0.1141  0.0160 -0.5698 -1.3066 -1.5941
 -1.2486 -0.5867 -0.1235 -0.1604 -0.5852 -1.0097 -1.0977 -0.8126 -0.4049 -0.1843 -0.2763 -0.5527 -0.7661 -0.7559 -0.5576
 -0.3436 -0.2673 -0.3479 -0.4811 -0.5464 -0.5062 -0.4175 -0.3602 -0.3605 -0.3807
 ... eave ... 
  0.0301 -0.0366 -0.0346  0.0137  0.0055  0.0095  0.0051 -0.0078  0.0041 -0.0021 -0.0090  0.0005  0.0026  0.0062  0.0009
 -0.0049  0.0036 -0.0001 -0.0059 -0.0010  0.0020  0.0047 -0.0001 -0.0035  0.0031  0.0002 -0.0043 -0.0012  0.0014  0.0037

 ... generation ...    5
   1   4   3   4   6   2   3
 -0.5000 -0.3079  0.4123  0.5000
       2       6       2    ****
  0.0000  0.0000  0.0000  0.0000  0.0000  0.0000  0.0000  0.0000  0.0000  0.0000  0.0000  0.0000  0.0000  0.0000  0.0000
 -0.5000 -0.3982 -0.2508 -0.1562  0.2460  0.5000
       2       3       6       3       7    ****
  0.2274 -0.3136 -0.2531  0.1339  0.0195  0.0513  0.0661 -0.0372  0.0078 -0.0412 -0.0474  0.0278 -0.0026  0.0258  0.0302
 -0.5000  0.5000
       0    ****
  0.0000  0.0000  0.0000  0.0000  0.0000  0.0000  0.0000  0.0000  0.0000  0.0000  0.0000  0.0000  0.0000  0.0000  0.0000
 -0.5000  0.2460  0.5000
       0       1    ****
  0.2274 -0.3136 -0.2531  0.1339  0.0195  0.0513  0.0661 -0.0372  0.0078 -0.0412 -0.0474  0.0278 -0.0026  0.0258  0.0302
   2   3   4   3   5   3   2
 -0.5000  0.2460  0.5000
       3       7    ****
  0.2274 -0.3136 -0.2531  0.1339  0.0195  0.0513  0.0661 -0.0372  0.0078 -0.0412 -0.0474  0.0278 -0.0026  0.0258  0.0302
 -0.5000 -0.2807  0.4077  0.4842  0.5000
       2       6       2       6    ****
  0.0000  0.0000  0.0000  0.0000  0.0000  0.0000  0.0000  0.0000  0.0000  0.0000  0.0000  0.0000  0.0000  0.0000  0.0000
 -0.5000  0.2460  0.5000
       0       1    ****
  0.2274 -0.3136 -0.2531  0.1339  0.0195  0.0513  0.0661 -0.0372  0.0078 -0.0412 -0.0474  0.0278 -0.0026  0.0258  0.0302
 -0.5000  0.5000
       0    ****
  0.0000  0.0000  0.0000  0.0000  0.0000  0.0000  0.0000  0.0000  0.0000  0.0000  0.0000  0.0000  0.0000  0.0000  0.0000
   3   1   3   8   5   3   3
 -0.5000 -0.4822 -0.4486 -0.4299 -0.2489  0.0028  0.3558  0.5000
       7       6       5       6       2       6       2    ****
  0.0134  0.0211 -0.0237 -0.0246  0.0249  0.0250 -0.0249 -0.0248  0.0247  0.0245 -0.0243 -0.0240  0.0237  0.0234 -0.0231
 -0.5000 -0.1092 -0.0198  0.2460  0.5000
       3       2       3       7    ****
  0.2274 -0.3136 -0.2531  0.1339  0.0195  0.0513  0.0661 -0.0372  0.0078 -0.0412 -0.0474  0.0278 -0.0026  0.0258  0.0302
 -0.5000 -0.4822  0.5000
       1       0    ****
  0.0134  0.0211 -0.0237 -0.0246  0.0249  0.0250 -0.0249 -0.0248  0.0247  0.0245 -0.0243 -0.0240  0.0237  0.0234 -0.0231
 -0.5000  0.2460  0.5000
       0       1    ****
  0.2274 -0.3136 -0.2531  0.1339  0.0195  0.0513  0.0661 -0.0372  0.0078 -0.0412 -0.0474  0.0278 -0.0026  0.0258  0.0302
   4   3   4   4   4   4   2
 -0.5000  0.2460  0.3815  0.5000
       3       7       6    ****
  0.1307 -0.1654 -0.0974 -0.0102 -0.1036  0.1485  0.1354 -0.0791 -0.0090 -0.0454 -0.0672  0.0576  0.0312 -0.0068  0.0030
 -0.5000 -0.3719 -0.0887  0.5000
       2       6       2    ****
  0.0000  0.0000  0.0000  0.0000  0.0000  0.0000  0.0000  0.0000  0.0000  0.0000  0.0000  0.0000  0.0000  0.0000  0.0000
 -0.5000  0.2460  0.3815  0.5000
       0       1      -1    ****
  0.0339 -0.0173  0.0584 -0.1542 -0.2267  0.2457  0.2047 -0.1209 -0.0258 -0.0495 -0.0871  0.0874  0.0651 -0.0395 -0.0242
 -0.5000  0.5000
       0    ****
  0.0000  0.0000  0.0000  0.0000  0.0000  0.0000  0.0000  0.0000  0.0000  0.0000  0.0000  0.0000  0.0000  0.0000  0.0000
 ... pnet ... 
  0.1250  0.1250  0.0000  0.0000  0.0000  0.0000  0.0000  0.0000  0.0000  0.0000  0.0000  0.0000  0.0000  0.0000  0.0000
  0.0000  0.0000  0.0000  0.0000  0.0000  0.0000  0.0000  0.0000  0.0000  0.0000  0.0000  0.0000  0.0000  0.0000  0.0000
  0.0000  0.0000  0.0000  0.0000  0.0000  0.0000  0.0000  0.0000  0.0000  0.0000  0.0000  0.0000  0.0000  0.0000  0.0000
  0.0000  0.0000  0.0000  0.0000  0.0000  0.0000  0.0000  0.0000  0.0000  0.0000  0.0000  0.0000  0.0000  0.0000  0.0000
  0.0000  0.0000  0.0000  0.0000  0.0000  0.0000  0.0000  0.0000  0.0000  0.0000  0.0000  0.0000  0.0000  0.0000  0.0000
  0.5000  0.5000  0.5000  0.5000  0.5000  0.5000  0.5000  0.5000  0.5000  0.5000  0.5000  0.5000  0.5000  0.3750  0.3750
  0.3750  0.3750  0.3750  0.3750  0.3750  0.3750  0.3750  0.3750  0.3750  0.3750
 ... fnet ... 
  1.8898  0.9076 -0.3030 -0.7644 -0.0931  1.1917  2.0773  1.8624  0.7206 -0.4289 -0.6484  0.2679  1.6176  2.3378  1.8515
  0.5414 -0.5364 -0.4847  0.7080  2.1329  2.6654  1.8653  0.3567 -0.6349 -0.2495  1.2955  2.8309  3.1362  1.9278  0.1443
 -0.7404  0.1194  2.2071  3.9613  3.9642  2.1145 -0.1584 -0.8987  0.8394  4.0924  6.5119  6.0733  2.7909 -0.8708 -1.3745
  3.4991 12.8211 22.5694 27.7027 25.0482 15.2153  2.3275 -8.2607-12.8480-11.1373 -5.9099 -1.0155  0.9407 -0.2058 -2.6528
 -4.2131 -3.8220 -2.0160 -0.2472  0.3038 -0.4799 -1.7408 -2.4172 -2.0433 -1.0003 -0.1141  0.0160 -0.5698 -1.3066 -1.5941
 -1.2486 -0.5867 -0.1235 -0.1604 -0.5852 -1.0097 -1.0977 -0.8126 -0.4049 -0.1843 -0.2763 -0.5527 -0.7661 -0.7559 -0.5576
 -0.3436 -0.2673 -0.3479 -0.4811 -0.5464 -0.5062 -0.4175 -0.3602 -0.3605 -0.3807
 ... eave ... 
  0.1033 -0.1357 -0.1101  0.0459 -0.0025  0.0409  0.0386 -0.0270  0.0049 -0.0181 -0.0292  0.0146  0.0059  0.0118  0.0088
 -0.0086  0.0070 -0.0085 -0.0141  0.0019 -0.0023  0.0141  0.0096 -0.0089  0.0040 -0.0055 -0.0111  0.0029  0.0012  0.0070

 ... generation ...    6
   1   1   4   4   9   3   4
 -0.5000 -0.3079  0.4123  0.5000
       2       6       2    ****
  0.0000  0.0000  0.0000  0.0000  0.0000  0.0000  0.0000  0.0000  0.0000  0.0000  0.0000  0.0000  0.0000  0.0000  0.0000
 -0.5000 -0.3660 -0.3441 -0.1280 -0.0887  0.0990  0.2460  0.3815  0.5000
       3       6       3       6       2       3       7       6    ****
  0.1307 -0.1654 -0.0974 -0.0102 -0.1036  0.1485  0.1354 -0.0791 -0.0090 -0.0454 -0.0672  0.0576  0.0312 -0.0068  0.0030
 -0.5000  0.2460  0.5000
       0      -1    ****
 -0.2274  0.3136  0.2531 -0.1339 -0.0195 -0.0513 -0.0661  0.0372 -0.0078  0.0412  0.0474 -0.0278  0.0026 -0.0258 -0.0302
 -0.5000  0.2460  0.3815  0.5000
       0       1       0    ****
  0.1307 -0.1654 -0.0974 -0.0102 -0.1036  0.1485  0.1354 -0.0791 -0.0090 -0.0454 -0.0672  0.0576  0.0312 -0.0068  0.0030
   2   3   3   8   9   4   4
 -0.5000 -0.4822 -0.4486 -0.4299 -0.2489  0.0028  0.3558  0.5000
       7       6       5       6       2       6       2    ****
  0.0134  0.0211 -0.0237 -0.0246  0.0249  0.0250 -0.0249 -0.0248  0.0247  0.0245 -0.0243 -0.0240  0.0237  0.0234 -0.0231
 -0.5000 -0.4822 -0.4486 -0.4299 -0.3381 -0.1092 -0.0198  0.2460  0.5000
       7       6       5       6       3       2       3       7    ****
  0.2408 -0.2926 -0.2768  0.1093  0.0444  0.0763  0.0411 -0.0621  0.0325 -0.0167 -0.0717  0.0038  0.0211  0.0493  0.0071
 -0.5000 -0.4822  0.2460  0.5000
       1       0      -1    ****
 -0.2141  0.3347  0.2295 -0.1585  0.0054 -0.0264 -0.0910  0.0124  0.0169  0.0657  0.0231 -0.0519  0.0264 -0.0024 -0.0533
 -0.5000 -0.4822  0.2460  0.5000
       1       0       1    ****
  0.2408 -0.2926 -0.2768  0.1093  0.0444  0.0763  0.0411 -0.0621  0.0325 -0.0167 -0.0717  0.0038  0.0211  0.0493  0.0071
   3   3   1   8   4   4   3
 -0.5000 -0.4822 -0.4486 -0.4299 -0.2489  0.0028  0.3558  0.5000
       7       6       5       6       2       6       2    ****
  0.0134  0.0211 -0.0237 -0.0246  0.0249  0.0250 -0.0249 -0.0248  0.0247  0.0245 -0.0243 -0.0240  0.0237  0.0234 -0.0231
 -0.5000 -0.3079  0.4123  0.5000
       2       6       2    ****
  0.0000  0.0000  0.0000  0.0000  0.0000  0.0000  0.0000  0.0000  0.0000  0.0000  0.0000  0.0000  0.0000  0.0000  0.0000
 -0.5000 -0.4822  0.2460  0.5000
       1       0      -1    ****
 -0.2141  0.3347  0.2295 -0.1585  0.0054 -0.0264 -0.0910  0.0124  0.0169  0.0657  0.0231 -0.0519  0.0264 -0.0024 -0.0533
 -0.5000  0.2460  0.5000
       0      -1    ****
 -0.2274  0.3136  0.2531 -0.1339 -0.0195 -0.0513 -0.0661  0.0372 -0.0078  0.0412  0.0474 -0.0278  0.0026 -0.0258 -0.0302
   4   2   1   3   6   3   3
 -0.5000  0.2460  0.5000
       3       7    ****
  0.2274 -0.3136 -0.2531  0.1339  0.0195  0.0513  0.0661 -0.0372  0.0078 -0.0412 -0.0474  0.0278 -0.0026  0.0258  0.0302
 -0.5000 -0.3982 -0.2508 -0.1562  0.2460  0.5000
       2       3       6       3       7    ****
  0.2274 -0.3136 -0.2531  0.1339  0.0195  0.0513  0.0661 -0.0372  0.0078 -0.0412 -0.0474  0.0278 -0.0026  0.0258  0.0302
 -0.5000  0.2460  0.5000
       0       1    ****
  0.2274 -0.3136 -0.2531  0.1339  0.0195  0.0513  0.0661 -0.0372  0.0078 -0.0412 -0.0474  0.0278 -0.0026  0.0258  0.0302
 -0.5000  0.2460  0.5000
       0       1    ****
  0.2274 -0.3136 -0.2531  0.1339  0.0195  0.0513  0.0661 -0.0372  0.0078 -0.0412 -0.0474  0.0278 -0.0026  0.0258  0.0302
 ... pnet ... 
  0.3750  0.3750  0.0000  0.0000  0.0000  0.0000  0.0000  0.0000  0.0000  0.0000  0.0000  0.0000  0.0000  0.0000  0.0000
  0.0000  0.0000  0.0000  0.0000  0.0000  0.0000  0.0000  0.0000  0.0000  0.0000  0.0000  0.0000  0.0000  0.0000  0.0000
  0.0000  0.0000  0.0000  0.0000  0.0000  0.0000  0.0000  0.0000  0.0000  0.0000  0.0000  0.0000  0.0000  0.0000  0.0000
  0.0000  0.0000  0.0000  0.0000  0.0000  0.0000  0.0000  0.0000  0.0000  0.0000  0.0000  0.0000  0.0000  0.0000  0.0000
  0.0000  0.0000  0.0000  0.0000  0.0000  0.0000  0.0000  0.0000  0.0000  0.0000  0.0000  0.0000  0.0000  0.0000  0.0000
  0.5000  0.5000  0.5000  0.5000  0.5000  0.5000  0.5000  0.5000  0.5000  0.5000  0.5000  0.5000  0.5000  0.3750  0.3750
  0.3750  0.3750  0.3750  0.3750  0.3750  0.3750  0.3750  0.3750  0.3750  0.3750
 ... fnet ... 
  1.8898  0.9076 -0.3030 -0.7644 -0.0931  1.1917  2.0773  1.8624  0.7206 -0.4289 -0.6484  0.2679  1.6176  2.3378  1.8515
  0.5414 -0.5364 -0.4847  0.7080  2.1329  2.6654  1.8653  0.3567 -0.6349 -0.2495  1.2955  2.8309  3.1362  1.9278  0.1443
 -0.7404  0.1194  2.2071  3.9613  3.9642  2.1145 -0.1584 -0.8987  0.8394  4.0924  6.5119  6.0733  2.7909 -0.8708 -1.3745
  3.4991 12.8211 22.5694 27.7027 25.0482 15.2153  2.3275 -8.2607-12.8480-11.1373 -5.9099 -1.0155  0.9407 -0.2058 -2.6528
 -4.2131 -3.8220 -2.0160 -0.2472  0.3038 -0.4799 -1.7408 -2.4172 -2.0433 -1.0003 -0.1141  0.0160 -0.5698 -1.3066 -1.5941
 -1.2486 -0.5867 -0.1235 -0.1604 -0.5852 -1.0097 -1.0977 -0.8126 -0.4049 -0.1843 -0.2763 -0.5527 -0.7661 -0.7559 -0.5576
 -0.3436 -0.2673 -0.3479 -0.4811 -0.5464 -0.5062 -0.4175 -0.3602 -0.3605 -0.3807
 ... eave ... 
  0.1066 -0.1304 -0.1160  0.0397  0.0037  0.0472  0.0324 -0.0332  0.0111 -0.0119 -0.0353  0.0086  0.0118  0.0176  0.0031
 -0.0142  0.0125 -0.0030 -0.0194 -0.0033  0.0029  0.0192  0.0047 -0.0137  0.0087 -0.0010 -0.0155 -0.0013  0.0053  0.0110

 ... generation ...    7
   1   3   4   8   3   3   2
 -0.5000 -0.4822 -0.4486 -0.4299 -0.2489 -0.2094  0.4123  0.5000
       7       6       5       6       2       6       2    ****
  0.0134  0.0211 -0.0237 -0.0246  0.0249  0.0250 -0.0249 -0.0248  0.0247  0.0245 -0.0243 -0.0240  0.0237  0.0234 -0.0231
 -0.5000  0.2460  0.5000
       3       7    ****
  0.2274 -0.3136 -0.2531  0.1339  0.0195  0.0513  0.0661 -0.0372  0.0078 -0.0412 -0.0474  0.0278 -0.0026  0.0258  0.0302
 -0.5000 -0.4822  0.5000
       1       0    ****
  0.0134  0.0211 -0.0237 -0.0246  0.0249  0.0250 -0.0249 -0.0248  0.0247  0.0245 -0.0243 -0.0240  0.0237  0.0234 -0.0231
 -0.5000  0.5000
       0    ****
  0.0000  0.0000  0.0000  0.0000  0.0000  0.0000  0.0000  0.0000  0.0000  0.0000  0.0000  0.0000  0.0000  0.0000  0.0000
   2   4   3   6   8   2   3
 -0.5000 -0.3982 -0.2508 -0.1822  0.2460  0.5000
       2       3       6       3       7    ****
  0.2274 -0.3136 -0.2531  0.1339  0.0195  0.0513  0.0661 -0.0372  0.0078 -0.0412 -0.0474  0.0278 -0.0026  0.0258  0.0302
 -0.5000 -0.4822 -0.4486 -0.4299 -0.2489  0.0028  0.3558  0.5000
       7       6       5       6       2       6       2    ****
  0.0134  0.0211 -0.0237 -0.0246  0.0249  0.0250 -0.0249 -0.0248  0.0247  0.0245 -0.0243 -0.0240  0.0237  0.0234 -0.0231
 -0.5000  0.5000
       0    ****
  0.0000  0.0000  0.0000  0.0000  0.0000  0.0000  0.0000  0.0000  0.0000  0.0000  0.0000  0.0000  0.0000  0.0000  0.0000
 -0.5000 -0.4822  0.5000
       1       0    ****
  0.0134  0.0211 -0.0237 -0.0246  0.0249  0.0250 -0.0249 -0.0248  0.0247  0.0245 -0.0243 -0.0240  0.0237  0.0234 -0.0231
   3   3   3   8   4   3   3
 -0.5000 -0.4822 -0.4486 -0.4299 -0.2489  0.0028  0.3558  0.5000
       7       6       5       6       2       6       2    ****
  0.0134  0.0211 -0.0237 -0.0246  0.0249  0.0250 -0.0249 -0.0248  0.0247  0.0245 -0.0243 -0.0240  0.0237  0.0234 -0.0231
 -0.5000 -0.3079  0.4123  0.5000
       2       6       2    ****
  0.0000  0.0000  0.0000  0.0000  0.0000  0.0000  0.0000  0.0000  0.0000  0.0000  0.0000  0.0000  0.0000  0.0000  0.0000
 -0.5000 -0.4822  0.5000
       1       0    ****
  0.0134  0.0211 -0.0237 -0.0246  0.0249  0.0250 -0.0249 -0.0248  0.0247  0.0245 -0.0243 -0.0240  0.0237  0.0234 -0.0231
 -0.5000 -0.4822  0.5000
      -1       0    ****
 -0.0134 -0.0211  0.0237  0.0246 -0.0249 -0.0250  0.0249  0.0248 -0.0247 -0.0245  0.0243  0.0240 -0.0237 -0.0234  0.0231
   4   4   4   3   5   2   2
 -0.5000  0.2460  0.5000
       3       7    ****
  0.2274 -0.3136 -0.2531  0.1339  0.0195  0.0513  0.0661 -0.0372  0.0078 -0.0412 -0.0474  0.0278 -0.0026  0.0258  0.0302
 -0.5000 -0.2508 -0.1562  0.2460  0.5000
       3       6       3       7    ****
  0.2274 -0.3136 -0.2531  0.1339  0.0195  0.0513  0.0661 -0.0372  0.0078 -0.0412 -0.0474  0.0278 -0.0026  0.0258  0.0302
 -0.5000  0.5000
       0    ****
  0.0000  0.0000  0.0000  0.0000  0.0000  0.0000  0.0000  0.0000  0.0000  0.0000  0.0000  0.0000  0.0000  0.0000  0.0000
 -0.5000  0.5000
       0    ****
  0.0000  0.0000  0.0000  0.0000  0.0000  0.0000  0.0000  0.0000  0.0000  0.0000  0.0000  0.0000  0.0000  0.0000  0.0000
 ... pnet ... 
  0.3750  0.3750  0.0000  0.0000  0.0000  0.0000  0.0000  0.0000  0.0000  0.0000  0.0000  0.0000  0.0000  0.0000  0.0000
  0.0000  0.0000  0.0000  0.0000  0.0000  0.0000  0.0000  0.0000  0.0000  0.0000  0.0000  0.0000  0.0000  0.0000  0.0000
  0.0000  0.0000  0.0000  0.0000  0.0000  0.0000  0.0000  0.0000  0.0000  0.0000  0.0000  0.0000  0.0000  0.0000  0.0000
  0.0000  0.0000  0.0000  0.0000  0.0000  0.0000  0.0000  0.0000  0.0000  0.0000  0.0000  0.0000  0.0000  0.0000  0.0000
  0.0000  0.0000  0.0000  0.0000  0.0000  0.0000  0.0000  0.0000  0.0000  0.0000  0.0000  0.0000  0.0000  0.0000  0.0000
  0.5000  0.5000  0.5000  0.5000  0.5000  0.5000  0.5000  0.5000  0.5000  0.5000  0.5000  0.5000  0.5000  0.5000  0.5000
  0.5000  0.5000  0.5000  0.5000  0.5000  0.5000  0.5000  0.5000  0.5000  0.5000
 ... fnet ... 
  1.8898  0.9076 -0.3030 -0.7644 -0.0931  1.1917  2.0773  1.8624  0.7206 -0.4289 -0.6484  0.2679  1.6176  2.3378  1.8515
  0.5414 -0.5364 -0.4847  0.7080  2.1329  2.6654  1.8653  0.3567 -0.6349 -0.2495  1.2955  2.8309  3.1362  1.9278  0.1443
 -0.7404  0.1194  2.2071  3.9613  3.9642  2.1145 -0.1584 -0.8987  0.8394  4.0924  6.5119  6.0733  2.7909 -0.8708 -1.3745
  3.4991 12.8211 22.5694 27.7027 25.0482 15.2153  2.3275 -8.2607-12.8480-11.1373 -5.9099 -1.0155  0.9407 -0.2058 -2.6528
 -4.2131 -3.8220 -2.0160 -0.2472  0.3038 -0.4799 -1.7408 -2.4172 -2.0433 -1.0003 -0.1141  0.0160 -0.5698 -1.3066 -1.5941
 -1.2486 -0.5867 -0.1235 -0.1604 -0.5852 -1.0097 -1.0977 -0.8126 -0.4049 -0.1843 -0.2763 -0.5527 -0.7661 -0.7559 -0.5576
 -0.3436 -0.2673 -0.3479 -0.4811 -0.5464 -0.5062 -0.4175 -0.3602 -0.3605 -0.3807
 ... eave ... 
  0.1187 -0.1489 -0.1355  0.0577  0.0191  0.0350  0.0237 -0.0279  0.0132 -0.0114 -0.0328  0.0049  0.0076  0.0217  0.0065
 -0.0166  0.0115 -0.0032 -0.0207 -0.0012  0.0055  0.0164  0.0022 -0.0117  0.0099 -0.0014 -0.0150 -0.0025  0.0037  0.0128

 ... generation ...    8
   1   1   3   6  10   4   3
 -0.5000 -0.1776 -0.1643 -0.0901  0.4123  0.5000
       3       6       3       6       2    ****
  0.0000  0.0000  0.0000  0.0000  0.0000  0.0000  0.0000  0.0000  0.0000  0.0000  0.0000  0.0000  0.0000  0.0000  0.0000
 -0.5000 -0.4822 -0.4486 -0.4299 -0.2489  0.0028  0.3558  0.4062  0.4123  0.5000
       7       6       5       6       2       6       2       6       2    ****
  0.0134  0.0211 -0.0237 -0.0246  0.0249  0.0250 -0.0249 -0.0248  0.0247  0.0245 -0.0243 -0.0240  0.0237  0.0234 -0.0231
 -0.5000 -0.4822  0.2460  0.5000
      -1       0      -1    ****
 -0.2408  0.2926  0.2768 -0.1093 -0.0444 -0.0763 -0.0411  0.0621 -0.0325  0.0167  0.0717 -0.0038 -0.0211 -0.0493 -0.0071
 -0.5000 -0.4822  0.5000
       1       0    ****
  0.0134  0.0211 -0.0237 -0.0246  0.0249  0.0250 -0.0249 -0.0248  0.0247  0.0245 -0.0243 -0.0240  0.0237  0.0234 -0.0231
   2   4   2   3   8   2   6
 -0.5000  0.2460  0.5000
       3       7    ****
  0.2274 -0.3136 -0.2531  0.1339  0.0195  0.0513  0.0661 -0.0372  0.0078 -0.0412 -0.0474  0.0278 -0.0026  0.0258  0.0302
 -0.5000 -0.3982 -0.2508 -0.1822  0.2460  0.2563  0.3485  0.5000
       2       3       6       3       7       6       7    ****
  0.1374 -0.2021 -0.1939  0.1548  0.1082 -0.0659 -0.0325  0.0071 -0.0131  0.0297  0.0409 -0.0432 -0.0338  0.0137 -0.0113
 -0.5000  0.5000
       0    ****
  0.0000  0.0000  0.0000  0.0000  0.0000  0.0000  0.0000  0.0000  0.0000  0.0000  0.0000  0.0000  0.0000  0.0000  0.0000
 -0.5000 -0.4822  0.2460  0.2563  0.3485  0.5000
      -1       0       1      -1       1    ****
  0.0340 -0.1115 -0.1109  0.2002  0.1720 -0.2081 -0.1062  0.0763 -0.0588  0.0761  0.1535 -0.0902 -0.0887 -0.0219 -0.0298
   3   3   2   8  10   3   4
 -0.5000 -0.4822 -0.4486 -0.4299 -0.2489  0.0028  0.3558  0.5000
       7       6       5       6       2       6       2    ****
  0.0134  0.0211 -0.0237 -0.0246  0.0249  0.0250 -0.0249 -0.0248  0.0247  0.0245 -0.0243 -0.0240  0.0237  0.0234 -0.0231
 -0.5000 -0.4822 -0.4486 -0.4299 -0.4034 -0.3982 -0.2508 -0.1822  0.2460  0.5000
       7       6       5       6       2       3       6       3       7    ****
  0.2408 -0.2926 -0.2768  0.1093  0.0444  0.0763  0.0411 -0.0621  0.0325 -0.0167 -0.0717  0.0038  0.0211  0.0493  0.0071
 -0.5000 -0.4822  0.5000
       1       0    ****
  0.0134  0.0211 -0.0237 -0.0246  0.0249  0.0250 -0.0249 -0.0248  0.0247  0.0245 -0.0243 -0.0240  0.0237  0.0234 -0.0231
 -0.5000 -0.4822  0.2460  0.5000
       1       0       1    ****
  0.2408 -0.2926 -0.2768  0.1093  0.0444  0.0763  0.0411 -0.0621  0.0325 -0.0167 -0.0717  0.0038  0.0211  0.0493  0.0071
   4   3   4   4   3   3   2
 -0.5000 -0.3079  0.4123  0.5000
       2       6       2    ****
  0.0000  0.0000  0.0000  0.0000  0.0000  0.0000  0.0000  0.0000  0.0000  0.0000  0.0000  0.0000  0.0000  0.0000  0.0000
 -0.5000  0.2460  0.5000
       3       7    ****
  0.2274 -0.3136 -0.2531  0.1339  0.0195  0.0513  0.0661 -0.0372  0.0078 -0.0412 -0.0474  0.0278 -0.0026  0.0258  0.0302
 -0.5000 -0.4822  0.5000
      -1       0    ****
 -0.0134 -0.0211  0.0237  0.0246 -0.0249 -0.0250  0.0249  0.0248 -0.0247 -0.0245  0.0243  0.0240 -0.0237 -0.0234  0.0231
 -0.5000  0.5000
       0    ****
  0.0000  0.0000  0.0000  0.0000  0.0000  0.0000  0.0000  0.0000  0.0000  0.0000  0.0000  0.0000  0.0000  0.0000  0.0000
 ... pnet ... 
  0.3750  0.3750  0.0000  0.0000  0.0000  0.0000  0.0000  0.0000  0.0000  0.0000  0.0000  0.0000  0.0000  0.0000  0.0000
  0.0000  0.0000  0.0000  0.0000  0.0000  0.0000  0.0000  0.0000  0.0000  0.0000  0.0000  0.0000  0.0000  0.0000  0.0000
  0.0000  0.0000  0.0000  0.0000  0.0000  0.0000  0.0000  0.0000  0.0000  0.0000  0.0000  0.0000  0.0000  0.0000  0.0000
  0.0000  0.0000  0.0000  0.0000  0.0000  0.0000  0.0000  0.0000  0.0000  0.0000  0.0000  0.0000  0.0000  0.0000  0.0000
  0.0000  0.0000  0.0000  0.0000  0.0000  0.0000  0.0000  0.0000  0.0000  0.0000  0.0000  0.0000  0.0000  0.0000  0.0000
  0.5000  0.3750  0.3750  0.3750  0.3750  0.3750  0.3750  0.3750  0.3750  0.3750  0.5000  0.5000  0.5000  0.5000  0.5000
  0.5000  0.5000  0.5000  0.5000  0.5000  0.5000  0.5000  0.5000  0.5000  0.5000
 ... fnet ... 
  1.8898  0.9076 -0.3030 -0.7644 -0.0931  1.1917  2.0773  1.8624  0.7206 -0.4289 -0.6484  0.2679  1.6176  2.3378  1.8515
  0.5414 -0.5364 -0.4847  0.7080  2.1329  2.6654  1.8653  0.3567 -0.6349 -0.2495  1.2955  2.8309  3.1362  1.9278  0.1443
 -0.7404  0.1194  2.2071  3.9613  3.9642  2.1145 -0.1584 -0.8987  0.8394  4.0924  6.5119  6.0733  2.7909 -0.8708 -1.3745
  3.4991 12.8211 22.5694 27.7027 25.0482 15.2153  2.3275 -8.2607-12.8480-11.1373 -5.9099 -1.0155  0.9407 -0.2058 -2.6528
 -4.2131 -3.8220 -2.0160 -0.2472  0.3038 -0.4799 -1.7408 -2.4172 -2.0433 -1.0003 -0.1141  0.0160 -0.5698 -1.3066 -1.5941
 -1.2486 -0.5867 -0.1235 -0.1604 -0.5852 -1.0097 -1.0977 -0.8126 -0.4049 -0.1843 -0.2763 -0.5527 -0.7661 -0.7559 -0.5576
 -0.3436 -0.2673 -0.3479 -0.4811 -0.5464 -0.5062 -0.4175 -0.3602 -0.3605 -0.3807
 ... eave ... 
  0.1075 -0.1350 -0.1280  0.0603  0.0302  0.0204  0.0114 -0.0224  0.0105 -0.0026 -0.0218 -0.0040  0.0037  0.0202  0.0013
 -0.0105  0.0160 -0.0051 -0.0202 -0.0028  0.0042  0.0169  0.0021 -0.0118  0.0088  0.0006 -0.0127 -0.0040  0.0040  0.0106

 ... generation ...    9
   1   4   4   7   5   3   4
 -0.5000 -0.4975 -0.3749 -0.3188  0.1385  0.4123  0.5000
       2       3       2       3       6       2    ****
  0.0000  0.0000  0.0000  0.0000  0.0000  0.0000  0.0000  0.0000  0.0000  0.0000  0.0000  0.0000  0.0000  0.0000  0.0000
 -0.5000  0.2460  0.2880  0.4123  0.5000
       3       7       6       2    ****
  0.0424 -0.0479 -0.0146 -0.0286 -0.0554  0.0520  0.0211  0.0203  0.0503 -0.0538 -0.0296 -0.0090 -0.0417  0.0521  0.0357
 -0.5000  0.2460  0.5000
       0      -1    ****
 -0.2274  0.3136  0.2531 -0.1339 -0.0195 -0.0513 -0.0661  0.0372 -0.0078  0.0412  0.0474 -0.0278  0.0026 -0.0258 -0.0302
 -0.5000  0.2460  0.2880  0.5000
       0       1      -1    ****
 -0.1427  0.2179  0.2240 -0.1911 -0.1303  0.0526 -0.0239  0.0777  0.0928 -0.0663 -0.0118 -0.0458 -0.0809  0.0784  0.0412
   2   3   2  13   6   3   4
 -0.5000 -0.4822 -0.4486 -0.4299 -0.4034 -0.3982 -0.2508 -0.1822 -0.1295  0.0028  0.1848  0.2460  0.5000
       7       6       5       6       2       3       6       3       2       6       3       7    ****
  0.2408 -0.2926 -0.2768  0.1093  0.0444  0.0763  0.0411 -0.0621  0.0325 -0.0167 -0.0717  0.0038  0.0211  0.0493  0.0071
 -0.5000 -0.3982 -0.2508 -0.1822  0.2460  0.5000
       2       3       6       3       7    ****
  0.2274 -0.3136 -0.2531  0.1339  0.0195  0.0513  0.0661 -0.0372  0.0078 -0.0412 -0.0474  0.0278 -0.0026  0.0258  0.0302
 -0.5000  0.2460  0.5000
       0       1    ****
  0.2274 -0.3136 -0.2531  0.1339  0.0195  0.0513  0.0661 -0.0372  0.0078 -0.0412 -0.0474  0.0278 -0.0026  0.0258  0.0302
 -0.5000  0.2563  0.3485  0.5000
       0       1       0    ****
  0.0900 -0.1116 -0.0593 -0.0209 -0.0887  0.1172  0.0986 -0.0444  0.0209 -0.0709 -0.0883  0.0710  0.0312  0.0121  0.0416
   3   2   1   6   6   4   3
 -0.5000 -0.3982 -0.2508 -0.1822  0.2460  0.5000
       2       3       6       3       7    ****
  0.2274 -0.3136 -0.2531  0.1339  0.0195  0.0513  0.0661 -0.0372  0.0078 -0.0412 -0.0474  0.0278 -0.0026  0.0258  0.0302
 -0.5000 -0.1776 -0.1643 -0.0901  0.4123  0.5000
       3       6       3       6       2    ****
  0.0000  0.0000  0.0000  0.0000  0.0000  0.0000  0.0000  0.0000  0.0000  0.0000  0.0000  0.0000  0.0000  0.0000  0.0000
 -0.5000  0.2563  0.3485  0.5000
       0       1       0    ****
  0.0900 -0.1116 -0.0593 -0.0209 -0.0887  0.1172  0.0986 -0.0444  0.0209 -0.0709 -0.0883  0.0710  0.0312  0.0121  0.0416
 -0.5000 -0.4822  0.5000
      -1       0    ****
 -0.0134 -0.0211  0.0237  0.0246 -0.0249 -0.0250  0.0249  0.0248 -0.0247 -0.0245  0.0243  0.0240 -0.0237 -0.0234  0.0231
   4   1   3   8  11   3   3
 -0.5000 -0.4822 -0.4486 -0.4299 -0.2489  0.0028  0.4123  0.5000
       7       6       5       6       2       6       2    ****
  0.0134  0.0211 -0.0237 -0.0246  0.0249  0.0250 -0.0249 -0.0248  0.0247  0.0245 -0.0243 -0.0240  0.0237  0.0234 -0.0231
 -0.5000 -0.4822 -0.4486 -0.4299 -0.4034 -0.3982 -0.2508 -0.1822  0.0709  0.3558  0.5000
       7       6       5       6       2       3       6       3       6       2    ****
  0.0134  0.0211 -0.0237 -0.0246  0.0249  0.0250 -0.0249 -0.0248  0.0247  0.0245 -0.0243 -0.0240  0.0237  0.0234 -0.0231
 -0.5000 -0.4822  0.5000
       1       0    ****
  0.0134  0.0211 -0.0237 -0.0246  0.0249  0.0250 -0.0249 -0.0248  0.0247  0.0245 -0.0243 -0.0240  0.0237  0.0234 -0.0231
 -0.5000  0.2460  0.5000
       0      -1    ****
 -0.2274  0.3136  0.2531 -0.1339 -0.0195 -0.0513 -0.0661  0.0372 -0.0078  0.0412  0.0474 -0.0278  0.0026 -0.0258 -0.0302
 ... pnet ... 
  0.3750  0.3750  0.0000  0.0000  0.0000  0.0000  0.0000  0.0000  0.0000  0.0000  0.0000  0.0000  0.0000  0.0000  0.0000
  0.0000  0.0000  0.0000  0.0000  0.0000  0.0000  0.0000  0.0000  0.0000  0.0000  0.0000  0.0000  0.0000  0.0000  0.0000
  0.0000  0.0000  0.0000  0.0000  0.0000  0.0000  0.0000  0.0000  0.0000  0.0000  0.0000  0.0000  0.0000  0.0000  0.0000
  0.0000  0.0000  0.0000  0.0000  0.0000  0.0000  0.0000  0.0000  0.0000  0.0000  0.0000  0.0000  0.0000  0.0000  0.0000
  0.0000  0.0000  0.0000  0.0000  0.0000  0.0000  0.0000  0.0000  0.0000  0.0000  0.0000  0.0000  0.0000  0.0000  0.0000
  0.5000  0.5000  0.5000  0.5000  0.3750  0.3750  0.3750  0.3750  0.3750  0.3750  0.3750  0.3750  0.3750  0.3750  0.3750
  0.3750  0.3750  0.3750  0.3750  0.3750  0.3750  0.3750  0.3750  0.3750  0.3750
 ... fnet ... 
  1.8898  0.9076 -0.3030 -0.7644 -0.0931  1.1917  2.0773  1.8624  0.7206 -0.4289 -0.6484  0.2679  1.6176  2.3378  1.8515
  0.5414 -0.5364 -0.4847  0.7080  2.1329  2.6654  1.8653  0.3567 -0.6349 -0.2495  1.2955  2.8309  3.1362  1.9278  0.1443
 -0.7404  0.1194  2.2071  3.9613  3.9642  2.1145 -0.1584 -0.8987  0.8394  4.0924  6.5119  6.0733  2.7909 -0.8708 -1.3745
  3.4991 12.8211 22.5694 27.7027 25.0482 15.2153  2.3275 -8.2607-12.8480-11.1373 -5.9099 -1.0155  0.9407 -0.2058 -2.6528
 -4.2131 -3.8220 -2.0160 -0.2472  0.3038 -0.4799 -1.7408 -2.4172 -2.0433 -1.0003 -0.1141  0.0160 -0.5698 -1.3066 -1.5941
 -1.2486 -0.5867 -0.1235 -0.1604 -0.5852 -1.0097 -1.0977 -0.8126 -0.4049 -0.1843 -0.2763 -0.5527 -0.7661 -0.7559 -0.5576
 -0.3436 -0.2673 -0.3479 -0.4811 -0.5464 -0.5062 -0.4175 -0.3602 -0.3605 -0.3807
 ... eave ... 
  0.0956 -0.1157 -0.1056  0.0374  0.0097  0.0351  0.0181 -0.0207  0.0185 -0.0130 -0.0306  0.0003  0.0027  0.0250  0.0071
 -0.0148  0.0146 -0.0062 -0.0224 -0.0015  0.0035  0.0191  0.0045 -0.0127  0.0104 -0.0031 -0.0171 -0.0009  0.0041  0.0137

 ... generation ...   10
   1   1   1   5   4   4   4
 -0.5000  0.2460  0.2880  0.4123  0.5000
       3       7       6       2    ****
  0.0424 -0.0479 -0.0146 -0.0286 -0.0554  0.0520  0.0211  0.0203  0.0503 -0.0538 -0.0296 -0.0090 -0.0417  0.0521  0.0357
 -0.5000  0.1385  0.4123  0.5000
       3       6       2    ****
  0.0000  0.0000  0.0000  0.0000  0.0000  0.0000  0.0000  0.0000  0.0000  0.0000  0.0000  0.0000  0.0000  0.0000  0.0000
 -0.5000  0.2460  0.2880  0.5000
       0       1       0    ****
  0.0424 -0.0479 -0.0146 -0.0286 -0.0554  0.0520  0.0211  0.0203  0.0503 -0.0538 -0.0296 -0.0090 -0.0417  0.0521  0.0357
 -0.5000  0.2460  0.2880  0.5000
       0      -1       0    ****
 -0.0424  0.0479  0.0146  0.0286  0.0554 -0.0520 -0.0211 -0.0203 -0.0503  0.0538  0.0296  0.0090  0.0417 -0.0521 -0.0357
   2   1   3   7   8   4   3
 -0.5000 -0.4975 -0.3749 -0.3188  0.1385  0.4123  0.5000
       2       3       2       3       6       2    ****
  0.0000  0.0000  0.0000  0.0000  0.0000  0.0000  0.0000  0.0000  0.0000  0.0000  0.0000  0.0000  0.0000  0.0000  0.0000
 -0.5000 -0.3982 -0.2508 -0.1822  0.1253  0.1266  0.2460  0.5000
       2       3       6       3       6       3       7    ****
  0.2274 -0.3136 -0.2531  0.1339  0.0195  0.0513  0.0661 -0.0372  0.0078 -0.0412 -0.0474  0.0278 -0.0026  0.0258  0.0302
 -0.5000  0.2460  0.2880  0.5000
       0      -1       0    ****
 -0.0424  0.0479  0.0146  0.0286  0.0554 -0.0520 -0.0211 -0.0203 -0.0503  0.0538  0.0296  0.0090  0.0417 -0.0521 -0.0357
 -0.5000  0.2460  0.5000
       0       1    ****
  0.2274 -0.3136 -0.2531  0.1339  0.0195  0.0513  0.0661 -0.0372  0.0078 -0.0412 -0.0474  0.0278 -0.0026  0.0258  0.0302
   3   4   4  11  12   2   2
 -0.5000 -0.4822 -0.4486 -0.4299 -0.4034 -0.3982 -0.2508 -0.1822  0.0709  0.4029  0.5000
       7       6       5       6       2       3       6       3       6       2    ****
  0.0134  0.0211 -0.0237 -0.0246  0.0249  0.0250 -0.0249 -0.0248  0.0247  0.0245 -0.0243 -0.0240  0.0237  0.0234 -0.0231
 -0.5000 -0.4822 -0.4486 -0.4299 -0.4034 -0.3982 -0.2508 -0.1845 -0.1528  0.0709  0.4123  0.5000
       7       6       5       6       2       3       6       2       3       6       2    ****
  0.0134  0.0211 -0.0237 -0.0246  0.0249  0.0250 -0.0249 -0.0248  0.0247  0.0245 -0.0243 -0.0240  0.0237  0.0234 -0.0231
 -0.5000  0.5000
       0    ****
  0.0000  0.0000  0.0000  0.0000  0.0000  0.0000  0.0000  0.0000  0.0000  0.0000  0.0000  0.0000  0.0000  0.0000  0.0000
 -0.5000  0.5000
       0    ****
  0.0000  0.0000  0.0000  0.0000  0.0000  0.0000  0.0000  0.0000  0.0000  0.0000  0.0000  0.0000  0.0000  0.0000  0.0000
   4   1   1   5   4   4   4
 -0.5000  0.2460  0.2880  0.4123  0.5000
       3       7       6       2    ****
  0.0424 -0.0479 -0.0146 -0.0286 -0.0554  0.0520  0.0211  0.0203  0.0503 -0.0538 -0.0296 -0.0090 -0.0417  0.0521  0.0357
 -0.5000  0.1385  0.4123  0.5000
       3       6       2    ****
  0.0000  0.0000  0.0000  0.0000  0.0000  0.0000  0.0000  0.0000  0.0000  0.0000  0.0000  0.0000  0.0000  0.0000  0.0000
 -0.5000  0.2460  0.2880  0.5000
       0       1       0    ****
  0.0424 -0.0479 -0.0146 -0.0286 -0.0554  0.0520  0.0211  0.0203  0.0503 -0.0538 -0.0296 -0.0090 -0.0417  0.0521  0.0357
 -0.5000  0.2460  0.2880  0.5000
       0      -1       0    ****
 -0.0424  0.0479  0.0146  0.0286  0.0554 -0.0520 -0.0211 -0.0203 -0.0503  0.0538  0.0296  0.0090  0.0417 -0.0521 -0.0357
 ... pnet ... 
  0.2500  0.2500  0.0000  0.0000  0.0000  0.0000  0.0000  0.0000  0.0000  0.0000  0.0000  0.0000  0.0000  0.0000  0.0000
  0.0000  0.0000  0.0000  0.0000  0.0000  0.0000  0.0000  0.0000  0.0000  0.0000  0.0000  0.0000  0.0000  0.0000  0.0000
  0.0000  0.0000  0.0000  0.0000  0.0000  0.0000  0.0000  0.0000  0.0000  0.0000  0.0000  0.0000  0.0000  0.0000  0.0000
  0.0000  0.0000  0.0000  0.0000  0.0000  0.0000  0.0000  0.0000  0.0000  0.0000  0.0000  0.0000  0.0000  0.0000  0.0000
  0.0000  0.0000  0.0000  0.0000  0.0000  0.0000  0.0000  0.0000  0.0000  0.0000  0.0000  0.0000  0.0000  0.0000  0.0000
  0.3750  0.3750  0.3750  0.3750  0.1250  0.1250  0.1250  0.1250  0.1250  0.1250  0.1250  0.1250  0.1250  0.1250  0.1250
  0.1250  0.1250  0.1250  0.1250  0.1250  0.1250  0.1250  0.1250  0.1250  0.1250
 ... fnet ... 
  1.8898  0.9076 -0.3030 -0.7644 -0.0931  1.1917  2.0773  1.8624  0.7206 -0.4289 -0.6484  0.2679  1.6176  2.3378  1.8515
  0.5414 -0.5364 -0.4847  0.7080  2.1329  2.6654  1.8653  0.3567 -0.6349 -0.2495  1.2955  2.8309  3.1362  1.9278  0.1443
 -0.7404  0.1194  2.2071  3.9613  3.9642  2.1145 -0.1584 -0.8987  0.8394  4.0924  6.5119  6.0733  2.7909 -0.8708 -1.3745
  3.4991 12.8211 22.5694 27.7027 25.0482 15.2153  2.3275 -8.2607-12.8480-11.1373 -5.9099 -1.0155  0.9407 -0.2058 -2.6528
 -4.2131 -3.8220 -2.0160 -0.2472  0.3038 -0.4799 -1.7408 -2.4172 -2.0433 -1.0003 -0.1141  0.0160 -0.5698 -1.3066 -1.5941
 -1.2486 -0.5867 -0.1235 -0.1604 -0.5852 -1.0097 -1.0977 -0.8126 -0.4049 -0.1843 -0.2763 -0.5527 -0.7661 -0.7559 -0.5576
 -0.3436 -0.2673 -0.3479 -0.4811 -0.5464 -0.5062 -0.4175 -0.3602 -0.3605 -0.3807
 ... eave ... 
  0.0424 -0.0459 -0.0412  0.0034 -0.0052  0.0256  0.0073 -0.0058  0.0197 -0.0125 -0.0194 -0.0048 -0.0048  0.0221  0.0069
 -0.0082  0.0142 -0.0092 -0.0182 -0.0008 -0.0005  0.0171  0.0069 -0.0102  0.0079 -0.0051 -0.0149  0.0018  0.0030  0.0109
