
 ... generation ...    0
   1   0   0   2   2   2   2
 -0.5000  0.5000
       1    ****
  0.0000  0.0000  0.0000  0.0000  0.0000  0.0000  0.0000  0.0000  0.0000  0.0000  0.0000  0.0000  0.0000  0.0000  0.0000
 -0.5000  0.5000
       2    ****
  0.0000  0.0000  0.0000  0.0000  0.0000  0.0000  0.0000  0.0000  0.0000  0.0000  0.0000  0.0000  0.0000  0.0000  0.0000
 -0.5000  0.5000
       0    ****
  0.0000  0.0000  0.0000  0.0000  0.0000  0.0000  0.0000  0.0000  0.0000  0.0000  0.0000  0.0000  0.0000  0.0000  0.0000
 -0.5000  0.5000
       0    ****
  0.0000  0.0000  0.0000  0.0000  0.0000  0.0000  0.0000  0.0000  0.0000  0.0000  0.0000  0.0000  0.0000  0.0000  0.0000
   2   0   0   2   2   2   2
 -0.5000  0.5000
       3    ****
  0.0000  0.0000  0.0000  0.0000  0.0000  0.0000  0.0000  0.0000  0.0000  0.0000  0.0000  0.0000  0.0000  0.0000  0.0000
 -0.5000  0.5000
       4    ****
  0.0000  0.0000  0.0000  0.0000  0.0000  0.0000  0.0000  0.0000  0.0000  0.0000  0.0000  0.0000  0.0000  0.0000  0.0000
 -0.5000  0.5000
       0    ****
  0.0000  0.0000  0.0000  0.0000  0.0000  0.0000  0.0000  0.0000  0.0000  0.0000  0.0000  0.0000  0.0000  0.0000  0.0000
 -0.5000  0.5000
       0    ****
  0.0000  0.0000  0.0000  0.0000  0.0000  0.0000  0.0000  0.0000  0.0000  0.0000  0.0000  0.0000  0.0000  0.0000  0.0000
   3   0   0   2   2   2   2
 -0.5000  0.5000
       5    ****
  0.0000  0.0000  0.0000  0.0000  0.0000  0.0000  0.0000  0.0000  0.0000  0.0000  0.0000  0.0000  0.0000  0.0000  0.0000
 -0.5000  0.5000
       6    ****
  0.0000  0.0000  0.0000  0.0000  0.0000  0.0000  0.0000  0.0000  0.0000  0.0000  0.0000  0.0000  0.0000  0.0000  0.0000
 -0.5000  0.5000
       0    ****
  0.0000  0.0000  0.0000  0.0000  0.0000  0.0000  0.0000  0.0000  0.0000  0.0000  0.0000  0.0000  0.0000  0.0000  0.0000
 -0.5000  0.5000
       0    ****
  0.0000  0.0000  0.0000  0.0000  0.0000  0.0000  0.0000  0.0000  0.0000  0.0000  0.0000  0.0000  0.0000  0.0000  0.0000
   4   0   0   2   2   2   2
 -0.5000  0.5000
       7    ****
  0.0000  0.0000  0.0000  0.0000  0.0000  0.0000  0.0000  0.0000  0.0000  0.0000  0.0000  0.0000  0.0000  0.0000  0.0000
 -0.5000  0.5000
       8    ****
  0.9930  0.0000 -0.1114 -0.0000  0.0333  0.0000 -0.0154 -0.0000  0.0088  0.0000 -0.0057 -0.0000  0.0039 -0.0000 -0.0029
 -0.5000  0.5000
       0    ****
  0.0000  0.0000  0.0000  0.0000  0.0000  0.0000  0.0000  0.0000  0.0000  0.0000  0.0000  0.0000  0.0000  0.0000  0.0000
 -0.5000  0.5000
       0    ****
  0.0000  0.0000  0.0000  0.0000  0.0000  0.0000  0.0000  0.0000  0.0000  0.0000  0.0000  0.0000  0.0000  0.0000  0.0000
 ... pnet ... 
  0.1250  0.1250  0.1250  0.1250  0.1250  0.1250  0.1250  0.1250  0.1250  0.1250  0.1250  0.1250  0.1250  0.1250  0.1250
  0.1250  0.1250  0.1250  0.1250  0.1250  0.1250  0.1250  0.1250  0.1250  0.1250  0.1250  0.1250  0.1250  0.1250  0.1250
  0.1250  0.1250  0.1250  0.1250  0.1250  0.1250  0.1250  0.1250  0.1250  0.1250  0.1250  0.1250  0.1250  0.1250  0.1250
  0.1250  0.1250  0.1250  0.1250  0.1250  0.1250  0.1250  0.1250  0.1250  0.1250  0.1250  0.1250  0.1250  0.1250  0.1250
  0.1250  0.1250  0.1250  0.1250  0.1250  0.1250  0.1250  0.1250  0.1250  0.1250  0.1250  0.1250  0.1250  0.1250  0.1250
  0.1250  0.1250  0.1250  0.1250  0.1250  0.1250  0.1250  0.1250  0.1250  0.1250  0.1250  0.1250  0.1250  0.1250  0.1250
  0.1250  0.1250  0.1250  0.1250  0.1250  0.1250  0.1250  0.1250  0.1250  0.1250
 ... fnet ... 
  0.1243  0.1254  0.1256  0.1252  0.1248  0.1247  0.1248  0.1251  0.1252  0.1252  0.1250  0.1249  0.1249  0.1249  0.1251
  0.1251  0.1251  0.1250  0.1249  0.1249  0.1250  0.1251  0.1251  0.1251  0.1250  0.1249  0.1249  0.1250  0.1251  0.1251
  0.1250  0.1250  0.1249  0.1249  0.1250  0.1251  0.1251  0.1250  0.1250  0.1249  0.1250  0.1250  0.1251  0.1251  0.1250
  0.1250  0.1249  0.1250  0.1250  0.1251  0.1251  0.1250  0.1250  0.1249  0.1250  0.1250  0.1251  0.1251  0.1250  0.1250
  0.1249  0.1250  0.1250  0.1251  0.1251  0.1250  0.1249  0.1249  0.1250  0.1250  0.1251  0.1251  0.1250  0.1249  0.1249
  0.1250  0.1251  0.1251  0.1251  0.1250  0.1249  0.1249  0.1250  0.1251  0.1251  0.1251  0.1249  0.1249  0.1249  0.1250
  0.1252  0.1252  0.1251  0.1248  0.1247  0.1248  0.1252  0.1256  0.1254  0.1243
 ... eave ... 
  0.1241  0.0000 -0.0139 -0.0000  0.0042  0.0000 -0.0019 -0.0000  0.0011  0.0000 -0.0007 -0.0000  0.0005 -0.0000 -0.0004
  0.0000  0.0003 -0.0000 -0.0002 -0.0000  0.0002 -0.0000 -0.0001  0.0000  0.0001 -0.0000 -0.0001  0.0000  0.0001 -0.0000

 ... generation ...    1
   1   1   2   3   5   2   2
 -0.5000  0.1792  0.5000
       1       2    ****
  0.0000  0.0000  0.0000  0.0000  0.0000  0.0000  0.0000  0.0000  0.0000  0.0000  0.0000  0.0000  0.0000  0.0000  0.0000
 -0.5000 -0.4738 -0.0738  0.1545  0.5000
       3       4       3       4    ****
  0.0000  0.0000  0.0000  0.0000  0.0000  0.0000  0.0000  0.0000  0.0000  0.0000  0.0000  0.0000  0.0000  0.0000  0.0000
 -0.5000  0.5000
       0    ****
  0.0000  0.0000  0.0000  0.0000  0.0000  0.0000  0.0000  0.0000  0.0000  0.0000  0.0000  0.0000  0.0000  0.0000  0.0000
 -0.5000  0.5000
       0    ****
  0.0000  0.0000  0.0000  0.0000  0.0000  0.0000  0.0000  0.0000  0.0000  0.0000  0.0000  0.0000  0.0000  0.0000  0.0000
   2   1   4   3   6   2   6
 -0.5000  0.1956  0.5000
       1       2    ****
  0.0000  0.0000  0.0000  0.0000  0.0000  0.0000  0.0000  0.0000  0.0000  0.0000  0.0000  0.0000  0.0000  0.0000  0.0000
 -0.5000 -0.3630 -0.2937 -0.0875  0.3468  0.5000
       8       7       8       7       8    ****
  0.4608  0.1601 -0.3026  0.2363  0.0842  0.0307 -0.2030 -0.1075 -0.0325 -0.0020  0.0697 -0.0051 -0.0806 -0.0815  0.0259
 -0.5000  0.5000
       0    ****
  0.0000  0.0000  0.0000  0.0000  0.0000  0.0000  0.0000  0.0000  0.0000  0.0000  0.0000  0.0000  0.0000  0.0000  0.0000
 -0.5000 -0.3630 -0.2937 -0.0875  0.3468  0.5000
       1      -1       1      -1       1    ****
 -0.0714  0.3203 -0.4937  0.4726  0.1351  0.0614 -0.3907 -0.2150 -0.0738 -0.0040  0.1450 -0.0102 -0.1651 -0.1631  0.0548
   3   3   2   2   5   2   2
 -0.5000  0.5000
       6    ****
  0.0000  0.0000  0.0000  0.0000  0.0000  0.0000  0.0000  0.0000  0.0000  0.0000  0.0000  0.0000  0.0000  0.0000  0.0000
 -0.5000 -0.2575  0.2079  0.3837  0.5000
       3       4       3       4    ****
  0.0000  0.0000  0.0000  0.0000  0.0000  0.0000  0.0000  0.0000  0.0000  0.0000  0.0000  0.0000  0.0000  0.0000  0.0000
 -0.5000  0.5000
       0    ****
  0.0000  0.0000  0.0000  0.0000  0.0000  0.0000  0.0000  0.0000  0.0000  0.0000  0.0000  0.0000  0.0000  0.0000  0.0000
 -0.5000  0.5000
       0    ****
  0.0000  0.0000  0.0000  0.0000  0.0000  0.0000  0.0000  0.0000  0.0000  0.0000  0.0000  0.0000  0.0000  0.0000  0.0000
   4   1   4   3   3   2   3
 -0.5000 -0.3434  0.5000
       2       1    ****
  0.0000  0.0000  0.0000  0.0000  0.0000  0.0000  0.0000  0.0000  0.0000  0.0000  0.0000  0.0000  0.0000  0.0000  0.0000
 -0.5000  0.0875  0.5000
       7       8    ****
  0.3982 -0.4398 -0.1679 -0.0639 -0.0814 -0.0262 -0.0812  0.0287 -0.0402  0.0359 -0.0194  0.0428  0.0082  0.0295  0.0196
 -0.5000  0.5000
       0    ****
  0.0000  0.0000  0.0000  0.0000  0.0000  0.0000  0.0000  0.0000  0.0000  0.0000  0.0000  0.0000  0.0000  0.0000  0.0000
 -0.5000  0.0875  0.5000
      -1       1    ****
 -0.1966 -0.8796 -0.2244 -0.1278 -0.1961 -0.0523 -0.1469  0.0574 -0.0892  0.0718 -0.0332  0.0857  0.0125  0.0590  0.0421
 ... pnet ... 
  0.1250  0.1250  0.1250  0.1250  0.1250  0.1250  0.1250  0.1250  0.1250  0.1250  0.1250  0.1250  0.1250  0.1250  0.0000
  0.0000  0.0000  0.0000  0.0000  0.0000  0.0000  0.1250  0.1250  0.1250  0.1250  0.1250  0.1250  0.1250  0.1250  0.1250
  0.1250  0.1250  0.1250  0.1250  0.1250  0.1250  0.1250  0.1250  0.1250  0.1250  0.1250  0.0000  0.0000  0.0000  0.0000
  0.0000  0.0000  0.0000  0.0000  0.0000  0.0000  0.0000  0.0000  0.0000  0.0000  0.0000  0.0000  0.0000  0.0000  0.1250
  0.1250  0.1250  0.1250  0.1250  0.1250  0.1250  0.1250  0.1250  0.1250  0.1250  0.1250  0.1250  0.1250  0.1250  0.1250
  0.1250  0.1250  0.1250  0.1250  0.1250  0.1250  0.1250  0.1250  0.1250  0.1250  0.2500  0.2500  0.2500  0.2500  0.2500
  0.2500  0.2500  0.2500  0.2500  0.2500  0.2500  0.2500  0.2500  0.2500  0.2500
 ... fnet ... 
  0.1186  0.1242  0.1299  0.1318  0.1284  0.1220  0.1174  0.1187  0.1259  0.1343  0.1366  0.1270  0.1038  0.0707  0.0350
  0.0048 -0.0135 -0.0163 -0.0030  0.0237  0.0584  0.0936  0.1213  0.1359  0.1369  0.1287  0.1193  0.1155  0.1193  0.1275
  0.1336  0.1329  0.1257  0.1172  0.1143  0.1202  0.1317  0.1403  0.1370  0.1175  0.0851  0.0488  0.0186  0.0005 -0.0057
 -0.0047 -0.0018 -0.0003  0.0000  0.0007  0.0024  0.0038  0.0024 -0.0024 -0.0081 -0.0092 -0.0003  0.0213  0.0527  0.0869
  0.1155  0.1326  0.1371  0.1323  0.1244  0.1188  0.1182  0.1220  0.1273  0.1306  0.1300  0.1262  0.1215  0.1191  0.1206
  0.1255  0.1306  0.1324  0.1288  0.1210  0.1139  0.1138  0.1256  0.1500  0.1826  0.2157  0.2419  0.2565  0.2598  0.2558
  0.2498  0.2459  0.2454  0.2476  0.2506  0.2527  0.2533  0.2522  0.2498  0.2461
 ... eave ... 
  0.1074 -0.0350 -0.0588  0.0215  0.0004  0.0006 -0.0355 -0.0099 -0.0091  0.0042  0.0063  0.0047 -0.0090 -0.0065  0.0057
  0.0016  0.0153  0.0028 -0.0021 -0.0026  0.0048  0.0003  0.0059  0.0005 -0.0055 -0.0000 -0.0031  0.0006 -0.0020 -0.0020

 ... generation ...    2
   1   2   2   4   3   6   6
 -0.5000  0.1738  0.3468  0.5000
       1       7       8    ****
  0.1285 -0.1929 -0.1934  0.1643  0.1219 -0.0753 -0.0314 -0.0047 -0.0295  0.0417  0.0418 -0.0325 -0.0174  0.0004 -0.0146
 -0.5000  0.1956  0.5000
       1       2    ****
  0.0000  0.0000  0.0000  0.0000  0.0000  0.0000  0.0000  0.0000  0.0000  0.0000  0.0000  0.0000  0.0000  0.0000  0.0000
 -0.5000 -0.3630 -0.2937 -0.0875  0.3468  0.5000
      -1       0      -1       0       1    ****
 -0.2039 -0.5459 -0.0843  0.0924  0.1596 -0.1814  0.1403  0.0980 -0.0266  0.0853  0.0140 -0.0600  0.0458  0.0823 -0.0552
 -0.5000 -0.3630 -0.2937 -0.0875  0.3468  0.5000
      -1       0      -1       0      -1    ****
 -0.4608 -0.1601  0.3026 -0.2363 -0.0842 -0.0307  0.2030  0.1075  0.0325  0.0020 -0.0697  0.0051  0.0806  0.0815 -0.0259
   2   2   3   7   2   7   2
 -0.5000 -0.4271 -0.3630 -0.2937 -0.0875  0.3468  0.5000
       1       8       7       8       7       8    ****
  0.4035  0.0707 -0.2044  0.3340 -0.0091 -0.0560 -0.1245 -0.0383 -0.0916 -0.0506  0.1077  0.0226 -0.0984 -0.0903  0.0265
 -0.5000  0.5000
       6    ****
  0.0000  0.0000  0.0000  0.0000  0.0000  0.0000  0.0000  0.0000  0.0000  0.0000  0.0000  0.0000  0.0000  0.0000  0.0000
 -0.5000 -0.4271 -0.3630 -0.2937 -0.0875  0.3468  0.5000
      -1       1       0       1       0       1    ****
  0.3461 -0.0188 -0.1061  0.4318 -0.1025 -0.1428 -0.0460  0.0309 -0.1507 -0.0992  0.1457  0.0502 -0.1162 -0.0990  0.0271
 -0.5000  0.5000
       0    ****
  0.0000  0.0000  0.0000  0.0000  0.0000  0.0000  0.0000  0.0000  0.0000  0.0000  0.0000  0.0000  0.0000  0.0000  0.0000
   3   3   1   2   6   2   2
 -0.5000  0.5000
       6    ****
  0.0000  0.0000  0.0000  0.0000  0.0000  0.0000  0.0000  0.0000  0.0000  0.0000  0.0000  0.0000  0.0000  0.0000  0.0000
 -0.5000  0.0003  0.0617  0.1792  0.4096  0.5000
       1       3       1       2       4    ****
  0.0000  0.0000  0.0000  0.0000  0.0000  0.0000  0.0000  0.0000  0.0000  0.0000  0.0000  0.0000  0.0000  0.0000  0.0000
 -0.5000  0.5000
       0    ****
  0.0000  0.0000  0.0000  0.0000  0.0000  0.0000  0.0000  0.0000  0.0000  0.0000  0.0000  0.0000  0.0000  0.0000  0.0000
 -0.5000  0.5000
       0    ****
  0.0000  0.0000  0.0000  0.0000  0.0000  0.0000  0.0000  0.0000  0.0000  0.0000  0.0000  0.0000  0.0000  0.0000  0.0000
   4   1   3   7   4   2   2
 -0.5000 -0.4738 -0.0738  0.1545  0.3959  0.4192  0.5000
       3       4       3       4       2       4    ****
  0.0000  0.0000  0.0000  0.0000  0.0000  0.0000  0.0000  0.0000  0.0000  0.0000  0.0000  0.0000  0.0000  0.0000  0.0000
 -0.5000  0.2318  0.3837  0.5000
       6       3       4    ****
  0.0000  0.0000  0.0000  0.0000  0.0000  0.0000  0.0000  0.0000  0.0000  0.0000  0.0000  0.0000  0.0000  0.0000  0.0000
 -0.5000  0.5000
       0    ****
  0.0000  0.0000  0.0000  0.0000  0.0000  0.0000  0.0000  0.0000  0.0000  0.0000  0.0000  0.0000  0.0000  0.0000  0.0000
 -0.5000  0.5000
       0    ****
  0.0000  0.0000  0.0000  0.0000  0.0000  0.0000  0.0000  0.0000  0.0000  0.0000  0.0000  0.0000  0.0000  0.0000  0.0000
 ... pnet ... 
  0.0000  0.0000  0.0000  0.0000  0.0000  0.0000  0.0000  0.1250  0.1250  0.1250  0.1250  0.1250  0.1250  0.1250  0.0000
  0.0000  0.0000  0.0000  0.0000  0.0000  0.0000  0.1250  0.1250  0.1250  0.1250  0.1250  0.1250  0.1250  0.1250  0.1250
  0.1250  0.1250  0.1250  0.1250  0.1250  0.1250  0.1250  0.1250  0.1250  0.1250  0.1250  0.0000  0.0000  0.0000  0.0000
  0.0000  0.0000  0.0000  0.0000  0.0000  0.0000  0.0000  0.0000  0.0000  0.0000  0.0000  0.0000  0.0000  0.0000  0.0000
  0.0000  0.0000  0.0000  0.0000  0.0000  0.0000  0.0000  0.0000  0.0000  0.0000  0.0000  0.0000  0.0000  0.0000  0.0000
  0.0000  0.0000  0.0000  0.0000  0.0000  0.0000  0.0000  0.0000  0.0000  0.0000  0.2500  0.2500  0.2500  0.2500  0.2500
  0.2500  0.2500  0.2500  0.2500  0.2500  0.2500  0.2500  0.2500  0.2500  0.2500
 ... fnet ... 
  0.0037  0.0013 -0.0029 -0.0067 -0.0059  0.0050  0.0292  0.0649  0.1038  0.1344  0.1462  0.1354  0.1058  0.0670  0.0298
  0.0021 -0.0123 -0.0129 -0.0003  0.0238  0.0563  0.0912  0.1204  0.1370  0.1388  0.1299  0.1189  0.1141  0.1182  0.1275
  0.1346  0.1340  0.1260  0.1166  0.1135  0.1199  0.1321  0.1409  0.1371  0.1171  0.0846  0.0489  0.0193  0.0010 -0.0060
 -0.0058 -0.0028  0.0001  0.0019  0.0026  0.0022  0.0007 -0.0014 -0.0029 -0.0026 -0.0002  0.0027  0.0038  0.0021 -0.0016
 -0.0043 -0.0039 -0.0002  0.0041  0.0054  0.0024 -0.0030 -0.0064 -0.0049  0.0010  0.0068  0.0075  0.0019 -0.0062 -0.0103
 -0.0060  0.0045  0.0134  0.0121 -0.0012 -0.0186 -0.0244 -0.0047  0.0448  0.1146  0.1859  0.2395  0.2657  0.2673  0.2562
  0.2453  0.2418  0.2452  0.2506  0.2534  0.2528  0.2509  0.2499  0.2498  0.2482
 ... eave ... 
  0.0665 -0.0153 -0.0497  0.0623  0.0141 -0.0164 -0.0195 -0.0054 -0.0151 -0.0011  0.0187 -0.0012 -0.0145 -0.0112  0.0015
  0.0017  0.0169  0.0016 -0.0097 -0.0029  0.0050  0.0069  0.0052 -0.0016 -0.0051  0.0042 -0.0020  0.0021  0.0013 -0.0048

 ... generation ...    3
   1   4   1   6   3   2   3
 -0.5000  0.2318  0.2800  0.3959  0.4192  0.5000
       6       3       4       2       4    ****
  0.0000  0.0000  0.0000  0.0000  0.0000  0.0000  0.0000  0.0000  0.0000  0.0000  0.0000  0.0000  0.0000  0.0000  0.0000
 -0.5000  0.1956  0.5000
       1       2    ****
  0.0000  0.0000  0.0000  0.0000  0.0000  0.0000  0.0000  0.0000  0.0000  0.0000  0.0000  0.0000  0.0000  0.0000  0.0000
 -0.5000  0.5000
       0    ****
  0.0000  0.0000  0.0000  0.0000  0.0000  0.0000  0.0000  0.0000  0.0000  0.0000  0.0000  0.0000  0.0000  0.0000  0.0000
 -0.5000  0.3468  0.5000
       0      -1    ****
 -0.1285  0.1929  0.1934 -0.1643 -0.1219  0.0753  0.0314  0.0047  0.0295 -0.0417 -0.0418  0.0325  0.0174 -0.0004  0.0146
   2   2   4   2   8   7   2
 -0.5000  0.5000
       6    ****
  0.0000  0.0000  0.0000  0.0000  0.0000  0.0000  0.0000  0.0000  0.0000  0.0000  0.0000  0.0000  0.0000  0.0000  0.0000
 -0.5000 -0.1675 -0.0738 -0.0086  0.1957  0.3959  0.4192  0.5000
       6       4       3       6       4       2       4    ****
  0.0000  0.0000  0.0000  0.0000  0.0000  0.0000  0.0000  0.0000  0.0000  0.0000  0.0000  0.0000  0.0000  0.0000  0.0000
 -0.5000 -0.4271 -0.3630 -0.2937 -0.0875  0.3468  0.5000
       0      -1       0      -1       0      -1    ****
 -0.4035 -0.0707  0.2044 -0.3340  0.0091  0.0560  0.1245  0.0383  0.0916  0.0506 -0.1077 -0.0226  0.0984  0.0903 -0.0265
 -0.5000  0.5000
       0    ****
  0.0000  0.0000  0.0000  0.0000  0.0000  0.0000  0.0000  0.0000  0.0000  0.0000  0.0000  0.0000  0.0000  0.0000  0.0000
   3   3   2   8   7   2   7
 -0.5000 -0.4161 -0.2146  0.0003  0.0617  0.1792  0.4096  0.5000
       1       6       1       3       1       2       4    ****
  0.0000  0.0000  0.0000  0.0000  0.0000  0.0000  0.0000  0.0000  0.0000  0.0000  0.0000  0.0000  0.0000  0.0000  0.0000
 -0.5000 -0.4271 -0.3630 -0.2937 -0.0875  0.3468  0.5000
       1       8       7       8       7       8    ****
  0.4035  0.0707 -0.2044  0.3340 -0.0091 -0.0560 -0.1245 -0.0383 -0.0916 -0.0506  0.1077  0.0226 -0.0984 -0.0903  0.0265
 -0.5000  0.5000
       0    ****
  0.0000  0.0000  0.0000  0.0000  0.0000  0.0000  0.0000  0.0000  0.0000  0.0000  0.0000  0.0000  0.0000  0.0000  0.0000
 -0.5000 -0.4271 -0.3630 -0.2937 -0.0875  0.3468  0.5000
       0       1       0       1       0       1    ****
  0.4035  0.0707 -0.2044  0.3340 -0.0091 -0.0560 -0.1245 -0.0383 -0.0916 -0.0506  0.1077  0.0226 -0.0984 -0.0903  0.0265
   4   2   2   7   2   7   7
 -0.5000 -0.4271 -0.3630 -0.2937 -0.0875  0.3468  0.5000
       1       8       7       8       7       8    ****
  0.4035  0.0707 -0.2044  0.3340 -0.0091 -0.0560 -0.1245 -0.0383 -0.0916 -0.0506  0.1077  0.0226 -0.0984 -0.0903  0.0265
 -0.5000  0.5000
       6    ****
  0.0000  0.0000  0.0000  0.0000  0.0000  0.0000  0.0000  0.0000  0.0000  0.0000  0.0000  0.0000  0.0000  0.0000  0.0000
 -0.5000 -0.4271 -0.3630 -0.2937 -0.0875  0.3468  0.5000
       0       1       0       1       0       1    ****
  0.4035  0.0707 -0.2044  0.3340 -0.0091 -0.0560 -0.1245 -0.0383 -0.0916 -0.0506  0.1077  0.0226 -0.0984 -0.0903  0.0265
 -0.5000 -0.4271 -0.3630 -0.2937 -0.0875  0.3468  0.5000
       0      -1       0      -1       0      -1    ****
 -0.4035 -0.0707  0.2044 -0.3340  0.0091  0.0560  0.1245  0.0383  0.0916  0.0506 -0.1077 -0.0226  0.0984  0.0903 -0.0265
 ... pnet ... 
  0.0000  0.0000  0.0000  0.0000  0.0000  0.0000  0.0000  0.2500  0.2500  0.2500  0.2500  0.2500  0.2500  0.2500  0.0000
  0.0000  0.0000  0.0000  0.0000  0.0000  0.0000  0.2500  0.2500  0.2500  0.2500  0.2500  0.2500  0.2500  0.2500  0.2500
  0.2500  0.2500  0.2500  0.2500  0.2500  0.2500  0.2500  0.2500  0.2500  0.2500  0.2500  0.0000  0.0000  0.0000  0.0000
  0.0000  0.0000  0.0000  0.0000  0.0000  0.0000  0.0000  0.0000  0.0000  0.0000  0.0000  0.0000  0.0000  0.0000  0.0000
  0.0000  0.0000  0.0000  0.0000  0.0000  0.0000  0.0000  0.0000  0.0000  0.0000  0.0000  0.0000  0.0000  0.0000  0.0000
  0.0000  0.0000  0.0000  0.0000  0.0000  0.0000  0.0000  0.0000  0.0000  0.0000  0.2500  0.2500  0.2500  0.2500  0.2500
  0.2500  0.2500  0.2500  0.2500  0.2500  0.2500  0.2500  0.2500  0.2500  0.2500
 ... fnet ... 
  0.0099  0.0032 -0.0076 -0.0163 -0.0133  0.0110  0.0612  0.1320  0.2077  0.2664  0.2897  0.2698  0.2132  0.1370  0.0615
  0.0036 -0.0274 -0.0284 -0.0011  0.0498  0.1157  0.1838  0.2395  0.2710  0.2752  0.2600  0.2405  0.2311  0.2372  0.2530
  0.2660  0.2660  0.2529  0.2364  0.2298  0.2400  0.2615  0.2783  0.2727  0.2359  0.1729  0.1004  0.0380 -0.0013 -0.0155
 -0.0124 -0.0030  0.0042  0.0060  0.0037  0.0003 -0.0021 -0.0029 -0.0022 -0.0007  0.0012  0.0027  0.0026  0.0008 -0.0020
 -0.0037 -0.0028  0.0004  0.0038  0.0046  0.0017 -0.0030 -0.0059 -0.0043  0.0012  0.0065  0.0070  0.0016 -0.0061 -0.0099
 -0.0056  0.0046  0.0132  0.0118 -0.0014 -0.0184 -0.0242 -0.0045  0.0448  0.1144  0.1856  0.2394  0.2658  0.2675  0.2564
  0.2453  0.2417  0.2451  0.2505  0.2534  0.2529  0.2510  0.2499  0.2497  0.2482
 ... eave ... 
  0.1009  0.0177 -0.0511  0.0835 -0.0023 -0.0140 -0.0311 -0.0096 -0.0229 -0.0127  0.0269  0.0056 -0.0246 -0.0226  0.0066
 -0.0029  0.0266  0.0098 -0.0148 -0.0078  0.0108  0.0107  0.0060  0.0016 -0.0064  0.0061 -0.0042  0.0024 -0.0006 -0.0058

 ... generation ...    4
   1   2   1   5   6   2   2
 -0.5000 -0.1488 -0.0738 -0.0086  0.5000
       6       4       3       6    ****
  0.0000  0.0000  0.0000  0.0000  0.0000  0.0000  0.0000  0.0000  0.0000  0.0000  0.0000  0.0000  0.0000  0.0000  0.0000
 -0.5000  0.2318  0.2800  0.3959  0.4192  0.5000
       6       3       4       2       4    ****
  0.0000  0.0000  0.0000  0.0000  0.0000  0.0000  0.0000  0.0000  0.0000  0.0000  0.0000  0.0000  0.0000  0.0000  0.0000
 -0.5000  0.5000
       0    ****
  0.0000  0.0000  0.0000  0.0000  0.0000  0.0000  0.0000  0.0000  0.0000  0.0000  0.0000  0.0000  0.0000  0.0000  0.0000
 -0.5000  0.5000
       0    ****
  0.0000  0.0000  0.0000  0.0000  0.0000  0.0000  0.0000  0.0000  0.0000  0.0000  0.0000  0.0000  0.0000  0.0000  0.0000
   2   1   1   8   6   2   2
 -0.5000  0.1956  0.2468  0.2800  0.3959  0.4192  0.4926  0.5000
       1       2       3       4       2       4       2    ****
  0.0000  0.0000  0.0000  0.0000  0.0000  0.0000  0.0000  0.0000  0.0000  0.0000  0.0000  0.0000  0.0000  0.0000  0.0000
 -0.5000  0.2318  0.2800  0.3959  0.4192  0.5000
       6       3       4       2       4    ****
  0.0000  0.0000  0.0000  0.0000  0.0000  0.0000  0.0000  0.0000  0.0000  0.0000  0.0000  0.0000  0.0000  0.0000  0.0000
 -0.5000  0.5000
       0    ****
  0.0000  0.0000  0.0000  0.0000  0.0000  0.0000  0.0000  0.0000  0.0000  0.0000  0.0000  0.0000  0.0000  0.0000  0.0000
 -0.5000  0.5000
       0    ****
  0.0000  0.0000  0.0000  0.0000  0.0000  0.0000  0.0000  0.0000  0.0000  0.0000  0.0000  0.0000  0.0000  0.0000  0.0000
   3   4   1   8   6   7   2
 -0.5000 -0.3040 -0.2937 -0.0875  0.1345  0.3061  0.3468  0.5000
       6       7       8       7       6       7       8    ****
  0.3473 -0.0119 -0.1259  0.3930 -0.0409 -0.0578 -0.1515 -0.0895 -0.0234  0.0257  0.0323 -0.0435 -0.0483 -0.0604  0.0182
 -0.5000 -0.2072  0.2318  0.2800  0.3959  0.5000
       1       6       3       4       2    ****
  0.0000  0.0000  0.0000  0.0000  0.0000  0.0000  0.0000  0.0000  0.0000  0.0000  0.0000  0.0000  0.0000  0.0000  0.0000
 -0.5000 -0.4271 -0.3630 -0.2937 -0.0875  0.3468  0.5000
       0      -1       0       1       0       1    ****
  0.2912 -0.0945 -0.0474  0.4519 -0.0727 -0.0596 -0.1786 -0.1407  0.0448  0.1021 -0.0431 -0.1095  0.0017 -0.0305  0.0099
 -0.5000  0.5000
       0    ****
  0.0000  0.0000  0.0000  0.0000  0.0000  0.0000  0.0000  0.0000  0.0000  0.0000  0.0000  0.0000  0.0000  0.0000  0.0000
   4   3   3  14   9  10   7
 -0.5000 -0.4271 -0.3630 -0.2937 -0.2885 -0.2146  0.0003  0.0617  0.1746  0.3468  0.4000  0.4096  0.4364  0.5000
       1       8       7       8       6       1       3       1       7       8       2       4       8    ****
  0.1589 -0.0573 -0.2273  0.0660  0.1163 -0.0618  0.0070  0.0553 -0.0740 -0.0590  0.0706  0.0739 -0.0201 -0.0802 -0.0413
 -0.5000 -0.4271 -0.3630 -0.2937 -0.0875  0.2363  0.2802  0.3468  0.5000
       1       8       7       8       7       2       7       8    ****
  0.4035  0.0707 -0.2044  0.3340 -0.0091 -0.0560 -0.1245 -0.0383 -0.0916 -0.0506  0.1077  0.0226 -0.0984 -0.0903  0.0265
 -0.5000 -0.4271 -0.3630 -0.2937 -0.2885 -0.0875  0.3468  0.4000  0.4364  0.5000
       0       1       0       1      -1       0       1      -1       1    ****
 -0.0856 -0.1852 -0.2502 -0.2020  0.2417 -0.0675  0.1384  0.1490 -0.0564 -0.0673  0.0334  0.1252  0.0582 -0.0702 -0.1091
 -0.5000 -0.4271 -0.3630 -0.2937 -0.0875  0.3468  0.5000
       0       1       0       1       0       1    ****
  0.4035  0.0707 -0.2044  0.3340 -0.0091 -0.0560 -0.1245 -0.0383 -0.0916 -0.0506  0.1077  0.0226 -0.0984 -0.0903  0.0265
 ... pnet ... 
  0.0000  0.0000  0.0000  0.0000  0.0000  0.0000  0.0000  0.2500  0.2500  0.2500  0.2500  0.2500  0.2500  0.2500  0.0000
  0.0000  0.0000  0.0000  0.0000  0.0000  0.0000  0.2500  0.2500  0.2500  0.2500  0.2500  0.2500  0.2500  0.2500  0.2500
  0.2500  0.2500  0.2500  0.2500  0.2500  0.2500  0.2500  0.2500  0.2500  0.2500  0.2500  0.0000  0.0000  0.0000  0.0000
  0.0000  0.0000  0.0000  0.0000  0.0000  0.0000  0.0000  0.0000  0.0000  0.0000  0.0000  0.0000  0.0000  0.0000  0.0000
  0.0000  0.0000  0.0000  0.0000  0.0000  0.0000  0.0000  0.0000  0.0000  0.0000  0.0000  0.0000  0.0000  0.0000  0.0000
  0.0000  0.0000  0.0000  0.0000  0.0000  0.0000  0.0000  0.0000  0.0000  0.0000  0.3750  0.3750  0.3750  0.3750  0.3750
  0.2500  0.2500  0.2500  0.2500  0.3750  0.3750  0.3750  0.3750  0.3750  0.3750
 ... fnet ... 
  0.0102  0.0032 -0.0080 -0.0166 -0.0132  0.0116  0.0617  0.1319  0.2068  0.2654  0.2895  0.2709  0.2151  0.1381  0.0605
  0.0004 -0.0306 -0.0282  0.0056  0.0636  0.1342  0.2022  0.2530  0.2769  0.2743  0.2556  0.2367  0.2302  0.2392  0.2559
  0.2676  0.2654  0.2508  0.2345  0.2294  0.2413  0.2634  0.2793  0.2723  0.2344  0.1715  0.1002  0.0390  0.0002 -0.0148
 -0.0128 -0.0042  0.0031  0.0058  0.0046  0.0016 -0.0014 -0.0033 -0.0035 -0.0019  0.0010  0.0036  0.0040  0.0017 -0.0023
 -0.0051 -0.0042  0.0001  0.0049  0.0064  0.0029 -0.0034 -0.0078 -0.0063  0.0007  0.0081  0.0098  0.0034 -0.0070 -0.0133
 -0.0091  0.0042  0.0170  0.0175  0.0011 -0.0234 -0.0348 -0.0105  0.0603  0.1677  0.2832  0.3718  0.4085  0.3902  0.3366
  0.2794  0.2474  0.2537  0.2918  0.3421  0.3825  0.3995  0.3927  0.3730  0.3547
 ... eave ... 
  0.1137  0.0002 -0.0697  0.0991  0.0083 -0.0219 -0.0336 -0.0091 -0.0236 -0.0105  0.0263  0.0066 -0.0209 -0.0289  0.0004
  0.0055  0.0330  0.0046 -0.0184 -0.0085  0.0092  0.0157  0.0124 -0.0044 -0.0138  0.0110  0.0001 -0.0005 -0.0007 -0.0053

 ... generation ...    5
   1   1   4   9  13   2   7
 -0.5000 -0.1488 -0.0738 -0.0086  0.2318  0.2800  0.3959  0.4192  0.5000
       6       4       3       6       3       4       2       4    ****
  0.0000  0.0000  0.0000  0.0000  0.0000  0.0000  0.0000  0.0000  0.0000  0.0000  0.0000  0.0000  0.0000  0.0000  0.0000
 -0.5000 -0.4271 -0.3630 -0.2937 -0.1375  0.0003  0.0617  0.1746  0.3468  0.4000  0.4096  0.4364  0.5000
       1       8       7       8       1       3       1       7       8       2       4       8    ****
  0.3173  0.0889 -0.2053  0.2313 -0.0489 -0.1035 -0.0820 -0.0710 -0.0084 -0.0781  0.1265  0.1102 -0.0243 -0.0779 -0.0295
 -0.5000  0.5000
       0    ****
  0.0000  0.0000  0.0000  0.0000  0.0000  0.0000  0.0000  0.0000  0.0000  0.0000  0.0000  0.0000  0.0000  0.0000  0.0000
 -0.5000 -0.2885 -0.1375 -0.0875  0.4000  0.4364  0.5000
       0       1      -1       0      -1       0    ****
  0.0722  0.1645  0.0209  0.0626 -0.2050 -0.0892 -0.0464 -0.1591  0.1488 -0.0467  0.0748  0.1240  0.0700  0.0146 -0.0442
   2   3   3  11   8   7   5
 -0.5000 -0.2072 -0.1462 -0.0875 -0.0223  0.0966  0.1345  0.3061  0.3468  0.4084  0.5000
       1       6       8       7       6       7       6       7       8       2    ****
  0.1201 -0.0448 -0.0154  0.1186  0.0177  0.0972  0.0021 -0.0294 -0.1518  0.0604 -0.0027 -0.0905 -0.0288 -0.0805 -0.0111
 -0.5000 -0.3040 -0.2937 -0.0875  0.1345  0.3061  0.3468  0.5000
       6       7       8       7       6       7       8    ****
  0.3473 -0.0119 -0.1259  0.3930 -0.0409 -0.0578 -0.1515 -0.0895 -0.0234  0.0257  0.0323 -0.0435 -0.0483 -0.0604  0.0182
 -0.5000 -0.2937 -0.1462 -0.0875  0.3468  0.4084  0.5000
       0      -1       1       0       1      -1    ****
 -0.1072 -0.0776  0.0950 -0.1559  0.0764  0.2522  0.1558  0.0308 -0.2802  0.0951 -0.0377 -0.1376 -0.0093 -0.1006 -0.0405
 -0.5000 -0.2937 -0.0875  0.3468  0.5000
       0       1       0       1    ****
  0.3473 -0.0119 -0.1259  0.3930 -0.0409 -0.0578 -0.1515 -0.0895 -0.0234  0.0257  0.0323 -0.0435 -0.0483 -0.0604  0.0182
   3   4   3   9   8   6   6
 -0.5000 -0.4271 -0.3630 -0.2937 -0.0875  0.2363  0.2802  0.3468  0.5000
       1       8       7       8       7       2       7       8    ****
  0.4035  0.0707 -0.2044  0.3340 -0.0091 -0.0560 -0.1245 -0.0383 -0.0916 -0.0506  0.1077  0.0226 -0.0984 -0.0903  0.0265
 -0.5000 -0.3646 -0.2072  0.2318  0.2800  0.3959  0.4307  0.5000
       6       1       6       3       4       2       8    ****
  0.0544 -0.0849 -0.0934  0.0934  0.0898 -0.0841 -0.0769  0.0688  0.0598 -0.0505 -0.0409  0.0314  0.0222 -0.0136 -0.0056
 -0.5000 -0.2885 -0.0875  0.4000  0.4364  0.5000
       0       1       0       1       0    ****
  0.2446  0.1279  0.0229  0.2680 -0.1254  0.0057 -0.1315 -0.0937 -0.0176  0.0084  0.0371 -0.0513 -0.0783 -0.0100  0.0678
 -0.5000 -0.2937 -0.0875  0.3468  0.4307  0.5000
       0      -1       0      -1       1    ****
 -0.2386 -0.1579 -0.0610 -0.2062  0.2204 -0.1103 -0.0023  0.2270  0.1431 -0.1267 -0.1141  0.1063  0.0928  0.0332 -0.0295
   4   1   3   2   8   2   6
 -0.5000  0.5000
       6    ****
  0.0000  0.0000  0.0000  0.0000  0.0000  0.0000  0.0000  0.0000  0.0000  0.0000  0.0000  0.0000  0.0000  0.0000  0.0000
 -0.5000 -0.3040 -0.2937 -0.2058  0.2318  0.2800  0.3959  0.5000
       6       7       8       6       3       4       2    ****
  0.0899  0.0959 -0.0165  0.0749 -0.1161 -0.0848  0.0052 -0.0713  0.0999  0.0685 -0.0021  0.0563 -0.0744 -0.0482  0.0008
 -0.5000  0.5000
       0    ****
  0.0000  0.0000  0.0000  0.0000  0.0000  0.0000  0.0000  0.0000  0.0000  0.0000  0.0000  0.0000  0.0000  0.0000  0.0000
 -0.5000 -0.2937 -0.2058 -0.0875  0.3468  0.5000
       0       1      -1       0      -1    ****
 -0.1674  0.2038  0.0929 -0.2431 -0.1912 -0.1118  0.1620 -0.0531  0.2231  0.1112 -0.0366  0.1561 -0.1005 -0.0361 -0.0167
 ... pnet ... 
  0.0000  0.0000  0.0000  0.0000  0.0000  0.0000  0.0000  0.2500  0.2500  0.2500  0.2500  0.2500  0.2500  0.2500  0.0000
  0.0000  0.0000  0.0000  0.0000  0.0000  0.0000  0.5000  0.5000  0.5000  0.5000  0.5000  0.5000  0.5000  0.5000  0.3750
  0.3750  0.3750  0.3750  0.3750  0.3750  0.5000  0.3750  0.3750  0.3750  0.3750  0.3750  0.0000  0.0000  0.0000  0.0000
  0.0000  0.0000  0.0000  0.0000  0.0000  0.0000  0.0000  0.0000  0.0000  0.0000  0.0000  0.0000  0.0000  0.0000  0.0000
  0.0000  0.0000  0.0000  0.0000  0.0000  0.0000  0.0000  0.0000  0.0000  0.0000  0.0000  0.0000  0.0000  0.0000  0.0000
  0.0000  0.0000  0.0000  0.0000  0.0000  0.0000  0.0000  0.0000  0.0000  0.0000  0.5000  0.5000  0.5000  0.5000  0.5000
  0.3750  0.2500  0.2500  0.3750  0.5000  0.5000  0.5000  0.5000  0.5000  0.5000
 ... fnet ... 
  0.0177  0.0049 -0.0135 -0.0251 -0.0180  0.0145  0.0705  0.1397  0.2072  0.2573  0.2787  0.2661  0.2212  0.1519  0.0716
 -0.0021 -0.0490 -0.0515  0.0002  0.1017  0.2342  0.3683  0.4745  0.5344  0.5469  0.5266  0.4947  0.4679  0.4509  0.4379
  0.4201  0.3949  0.3694  0.3568  0.3665  0.3960  0.4287  0.4413  0.4155  0.3472  0.2494  0.1456  0.0593  0.0042 -0.0187
 -0.0186 -0.0082  0.0023  0.0077  0.0076  0.0037 -0.0012 -0.0049 -0.0057 -0.0032  0.0014  0.0054  0.0059  0.0023 -0.0033
 -0.0070 -0.0057  0.0001  0.0064  0.0083  0.0038 -0.0043 -0.0098 -0.0080  0.0006  0.0099  0.0123  0.0047 -0.0083 -0.0164
 -0.0118  0.0044  0.0208  0.0224  0.0025 -0.0284 -0.0442 -0.0147  0.0766  0.2194  0.3771  0.5011  0.5535  0.5251  0.4410
  0.3476  0.2913  0.2969  0.3581  0.4436  0.5147  0.5452  0.5326  0.4961  0.4637
 ... eave ... 
  0.1666  0.0142 -0.0826  0.1557 -0.0134 -0.0361 -0.0535 -0.0288 -0.0144 -0.0031  0.0276  0.0108 -0.0315 -0.0464 -0.0001
  0.0038  0.0522  0.0076 -0.0205 -0.0029  0.0044  0.0181  0.0187 -0.0074 -0.0206  0.0167  0.0005 -0.0057  0.0012 -0.0039

 ... generation ...    6
   1   1   1  10  13   9   9
 -0.5000 -0.1488 -0.0738 -0.0086  0.2147  0.3468  0.4000  0.4096  0.4364  0.5000
       6       4       3       6       7       8       2       4       8    ****
  0.0976 -0.1462 -0.1458  0.1229  0.0905 -0.0562 -0.0255  0.0029 -0.0093  0.0106  0.0024  0.0124  0.0299 -0.0458 -0.0568
 -0.5000 -0.4271 -0.3630 -0.2937 -0.1375  0.0003  0.0617  0.1746  0.3468  0.4000  0.4096  0.4364  0.5000
       1       8       7       8       1       3       1       7       8       2       4       8    ****
  0.3173  0.0889 -0.2053  0.2313 -0.0489 -0.1035 -0.0820 -0.0710 -0.0084 -0.0781  0.1265  0.1102 -0.0243 -0.0779 -0.0295
 -0.5000 -0.4271 -0.3630 -0.2937 -0.1375  0.3468  0.4000  0.4364  0.5000
       0      -1       0      -1       0       1       0       1    ****
 -0.1221 -0.3812 -0.0863  0.0145  0.2300 -0.0089  0.0309  0.0768 -0.0103  0.0993 -0.1218 -0.0854  0.0840 -0.0138 -0.0840
 -0.5000 -0.4271 -0.3630 -0.2937 -0.1375  0.3468  0.4000  0.4364  0.5000
       0       1       0       1       0       1       0       1    ****
  0.3173  0.0889 -0.2053  0.2313 -0.0489 -0.1035 -0.0820 -0.0710 -0.0084 -0.0781  0.1265  0.1102 -0.0243 -0.0779 -0.0295
   2   2   3  11   9   5   8
 -0.5000 -0.2072 -0.1462 -0.0875 -0.0223  0.0966  0.1345  0.3061  0.3468  0.4084  0.5000
       1       6       8       7       6       7       6       7       8       2    ****
  0.1201 -0.0448 -0.0154  0.1186  0.0177  0.0972  0.0021 -0.0294 -0.1518  0.0604 -0.0027 -0.0905 -0.0288 -0.0805 -0.0111
 -0.5000 -0.4271 -0.3630 -0.2937 -0.0875  0.2363  0.2802  0.3468  0.5000
       1       8       7       8       7       2       7       8    ****
  0.4035  0.0707 -0.2044  0.3340 -0.0091 -0.0560 -0.1245 -0.0383 -0.0916 -0.0506  0.1077  0.0226 -0.0984 -0.0903  0.0265
 -0.5000 -0.2937 -0.1462  0.4084  0.5000
       0      -1       0      -1    ****
 -0.2273 -0.0328  0.1104 -0.2744  0.0587  0.1550  0.1537  0.0602 -0.1284  0.0347 -0.0350 -0.0471  0.0195 -0.0201 -0.0293
 -0.5000 -0.4271 -0.3630 -0.2937 -0.0875  0.3468  0.4307  0.5000
       0       1       0       1       0       1       0    ****
  0.3491  0.1556 -0.1109  0.2407 -0.0989  0.0280 -0.0476 -0.1071 -0.1514 -0.0002  0.1486 -0.0089 -0.1206 -0.0767  0.0322
   3   3   3   9   8   8   8
 -0.5000 -0.4271 -0.3630 -0.2937 -0.0875  0.2363  0.2802  0.3468  0.5000
       1       8       7       8       7       2       7       8    ****
  0.4035  0.0707 -0.2044  0.3340 -0.0091 -0.0560 -0.1245 -0.0383 -0.0916 -0.0506  0.1077  0.0226 -0.0984 -0.0903  0.0265
 -0.5000 -0.3646 -0.2072  0.2318  0.2800  0.3041  0.3468  0.5000
       6       1       6       3       4       7       8    ****
  0.1285 -0.1929 -0.1934  0.1643  0.1219 -0.0753 -0.0314 -0.0047 -0.0295  0.0417  0.0418 -0.0325 -0.0174  0.0004 -0.0146
 -0.5000 -0.4271 -0.3630 -0.2937 -0.0875  0.3468  0.4307  0.5000
       0       1       0       1       0       1       0    ****
  0.3491  0.1556 -0.1109  0.2407 -0.0989  0.0280 -0.0476 -0.1071 -0.1514 -0.0002  0.1486 -0.0089 -0.1206 -0.0767  0.0322
 -0.5000 -0.4271 -0.3630 -0.2937 -0.0875  0.3468  0.4307  0.5000
       0      -1       0      -1       0       1       0    ****
 -0.2009 -0.3715 -0.0891 -0.0988  0.1632 -0.0106  0.1387 -0.0399 -0.0273  0.1844  0.0169 -0.1190  0.0414  0.1046 -0.0502
   4   4   1   5  15   5  12
 -0.5000 -0.3040 -0.2937 -0.2085  0.5000
       6       7       8       6    ****
  0.0871  0.0934 -0.0170  0.0716 -0.1127 -0.0842  0.0079 -0.0676  0.0980  0.0699 -0.0058  0.0533 -0.0745 -0.0513  0.0044
 -0.5000 -0.4200 -0.3630 -0.2937 -0.1944 -0.1938 -0.1375  0.0003  0.0617  0.1746  0.3468  0.4000  0.4096  0.4364  0.5000
       6       8       7       8       6       8       1       3       1       7       8       2       4       8    ****
  0.3107  0.0793 -0.1961  0.2390 -0.0550 -0.1081 -0.0792 -0.0707 -0.0057 -0.0725  0.1187  0.1013 -0.0151 -0.0687 -0.0388
 -0.5000 -0.2937 -0.2085 -0.2058  0.5000
       0       1      -1       0    ****
  0.0843  0.0908 -0.0176  0.0683 -0.1094 -0.0836  0.0105 -0.0638  0.0961  0.0714 -0.0095  0.0504 -0.0746 -0.0544  0.0080
 -0.5000 -0.4271 -0.4200 -0.3630 -0.2937 -0.1944 -0.1938 -0.1375  0.3468  0.4000  0.4364  0.5000
       0      -1       1       0       1      -1       1       0       1       0       1    ****
  0.3042  0.0697 -0.1869  0.2467 -0.0611 -0.1126 -0.0764 -0.0703 -0.0031 -0.0669  0.1109  0.0925 -0.0059 -0.0595 -0.0481
 ... pnet ... 
  0.0000  0.0000  0.0000  0.0000  0.0000  0.0000  0.0000  0.3750  0.5000  0.5000  0.5000  0.5000  0.5000  0.5000  0.0000
  0.0000  0.0000  0.0000  0.0000  0.0000  0.0000  0.6250  0.6250  0.6250  0.6250  0.6250  0.6250  0.6250  0.6250  0.5000
  0.5000  0.5000  0.5000  0.5000  0.5000  0.6250  0.3750  0.3750  0.3750  0.3750  0.3750  0.0000  0.0000  0.0000  0.0000
  0.0000  0.0000  0.0000  0.0000  0.0000  0.0000  0.0000  0.0000  0.0000  0.0000  0.0000  0.0000  0.0000  0.0000  0.0000
  0.0000  0.0000  0.0000  0.0000  0.0000  0.0000  0.0000  0.0000  0.0000  0.0000  0.0000  0.0000  0.0000  0.0000  0.0000
  0.0000  0.0000  0.0000  0.0000  0.0000  0.0000  0.0000  0.0000  0.0000  0.0000  0.8750  0.8750  0.8750  0.8750  0.8750
  0.5000  0.3750  0.3750  0.3750  0.7500  0.7500  0.7500  0.7500  0.7500  0.7500
 ... fnet ... 
  0.0239  0.0082 -0.0165 -0.0359 -0.0312  0.0149  0.1098  0.2439  0.3896  0.5087  0.5656  0.5413  0.4405  0.2899  0.1291
 -0.0023 -0.0745 -0.0725  0.0024  0.1346  0.2974  0.4586  0.5876  0.6643  0.6851  0.6631  0.6212  0.5815  0.5561  0.5438
  0.5356  0.5233  0.5061  0.4902  0.4825  0.4830  0.4819  0.4636  0.4158  0.3372  0.2395  0.1419  0.0625  0.0109 -0.0135
 -0.0182 -0.0124 -0.0032  0.0049  0.0094  0.0087  0.0031 -0.0045 -0.0096 -0.0084 -0.0011  0.0075  0.0112  0.0067 -0.0034
 -0.0117 -0.0115 -0.0022  0.0098  0.0150  0.0086 -0.0055 -0.0166 -0.0153 -0.0011  0.0159  0.0218  0.0100 -0.0124 -0.0280
 -0.0220  0.0053  0.0346  0.0396  0.0069 -0.0471 -0.0769 -0.0282  0.1303  0.3823  0.6629  0.8834  0.9719  0.9087  0.7368
  0.5419  0.4123  0.3982  0.4923  0.6392  0.7673  0.8257  0.8069  0.7445  0.6889
 ... eave ... 
  0.2335  0.0024 -0.1477  0.2020 -0.0006 -0.0553 -0.0571 -0.0396 -0.0362 -0.0087  0.0620  0.0249 -0.0409 -0.0630 -0.0117
  0.0208  0.0796  0.0084 -0.0484 -0.0121  0.0078  0.0282  0.0294 -0.0229 -0.0328  0.0250  0.0120 -0.0050 -0.0003 -0.0071

 ... generation ...    7
   1   2   4   9  10   7  12
 -0.5000 -0.4271 -0.3630 -0.2937 -0.0875  0.2363  0.2802  0.3468  0.5000
       1       8       7       8       7       2       7       8    ****
  0.4035  0.0707 -0.2044  0.3340 -0.0091 -0.0560 -0.1245 -0.0383 -0.0916 -0.0506  0.1077  0.0226 -0.0984 -0.0903  0.0265
 -0.5000 -0.4200 -0.3630 -0.2937 -0.1944 -0.1938 -0.1375 -0.0250  0.4571  0.5000
       6       8       7       8       6       8       1       6       8    ****
  0.2460  0.1738 -0.1080  0.1751 -0.0868 -0.1095 -0.1096 -0.0197  0.0551 -0.1319  0.0705  0.1316 -0.0056 -0.0587 -0.0144
 -0.5000 -0.4271 -0.3630 -0.2937 -0.1462  0.4084  0.5000
       0       1       0       1       0       1    ****
  0.2834  0.1154 -0.1889  0.2155 -0.0269 -0.1532 -0.1267 -0.0090  0.0602 -0.1110  0.1104  0.1131 -0.0695 -0.0098  0.0377
 -0.5000 -0.4200 -0.3630 -0.2085 -0.1944 -0.1938 -0.1375  0.3468  0.4000  0.4364  0.4571  0.5000
       0       1       0       1       0       1       0      -1       0      -1       1    ****
  0.0942  0.1750 -0.0027  0.0396 -0.0058 -0.0268 -0.1479  0.0989  0.0179 -0.2612  0.0282  0.1085  0.0783  0.0026  0.0057
   2   2   1  11  11   7   6
 -0.5000 -0.2072 -0.1462 -0.0875 -0.0223  0.0966  0.1345  0.3061  0.3468  0.4084  0.5000
       1       6       8       7       6       7       6       7       8       2    ****
  0.1201 -0.0448 -0.0154  0.1186  0.0177  0.0972  0.0021 -0.0294 -0.1518  0.0604 -0.0027 -0.0905 -0.0288 -0.0805 -0.0111
 -0.5000 -0.4568 -0.1488 -0.0738 -0.0086  0.2147  0.3468  0.4000  0.4096  0.4364  0.5000
       1       6       4       3       6       7       8       2       4       8    ****
  0.0976 -0.1462 -0.1458  0.1229  0.0905 -0.0562 -0.0255  0.0029 -0.0093  0.0106  0.0024  0.0124  0.0299 -0.0458 -0.0568
 -0.5000 -0.4271 -0.3630 -0.2937 -0.1462  0.4084  0.5000
       0      -1       0      -1       0      -1    ****
 -0.2834 -0.1154  0.1889 -0.2155  0.0269  0.1532  0.1267  0.0090 -0.0602  0.1110 -0.1104 -0.1131  0.0695  0.0098 -0.0377
 -0.5000 -0.4271 -0.3630 -0.2937 -0.1375  0.5000
       0      -1       0      -1       0    ****
 -0.2197 -0.2351  0.0595 -0.1084  0.1395  0.0473  0.0565  0.0739 -0.0009  0.0887 -0.1242 -0.0978  0.0541  0.0321 -0.0273
   3   2   4   9  15   7  11
 -0.5000 -0.4271 -0.3630 -0.2937 -0.0875  0.2363  0.2802  0.3468  0.5000
       1       8       7       8       7       2       7       8    ****
  0.4035  0.0707 -0.2044  0.3340 -0.0091 -0.0560 -0.1245 -0.0383 -0.0916 -0.0506  0.1077  0.0226 -0.0984 -0.0903  0.0265
 -0.5000 -0.4200 -0.3630 -0.2937 -0.1944 -0.1938 -0.1375 -0.0461  0.0693  0.1746  0.3468  0.4000  0.4096  0.4364  0.5000
       6       8       7       8       6       8       1       6       1       7       8       2       4       8    ****
  0.3107  0.0793 -0.1961  0.2390 -0.0550 -0.1081 -0.0792 -0.0707 -0.0057 -0.0725  0.1187  0.1013 -0.0151 -0.0687 -0.0388
 -0.5000 -0.4271 -0.3630 -0.2937 -0.1462  0.4084  0.5000
       0       1       0       1       0       1    ****
  0.2834  0.1154 -0.1889  0.2155 -0.0269 -0.1532 -0.1267 -0.0090  0.0602 -0.1110  0.1104  0.1131 -0.0695 -0.0098  0.0377
 -0.5000 -0.4200 -0.3630 -0.2085 -0.1944 -0.1938 -0.1375  0.3468  0.4000  0.4364  0.5000
       0       1       0       1       0       1       0       1       0       1    ****
  0.2236 -0.0140 -0.1791  0.1674  0.0577 -0.0239 -0.0870 -0.0031 -0.1037 -0.1424  0.1245  0.0480  0.0594 -0.0174 -0.0432
   4   1   4  10  15   6  11
 -0.5000 -0.1488 -0.0738 -0.0086  0.2147  0.3468  0.4000  0.4096  0.4364  0.5000
       6       4       3       6       7       8       2       4       8    ****
  0.0976 -0.1462 -0.1458  0.1229  0.0905 -0.0562 -0.0255  0.0029 -0.0093  0.0106  0.0024  0.0124  0.0299 -0.0458 -0.0568
 -0.5000 -0.4200 -0.3630 -0.2937 -0.1944 -0.1938 -0.1375  0.0003  0.0617  0.1746  0.3468  0.4000  0.4096  0.4364  0.5000
       6       8       7       8       6       8       1       3       1       7       8       2       4       8    ****
  0.3107  0.0793 -0.1961  0.2390 -0.0550 -0.1081 -0.0792 -0.0707 -0.0057 -0.0725  0.1187  0.1013 -0.0151 -0.0687 -0.0388
 -0.5000 -0.4271 -0.3630 -0.2937 -0.1375  0.5000
       0      -1       0      -1       0    ****
 -0.2197 -0.2351  0.0595 -0.1084  0.1395  0.0473  0.0565  0.0739 -0.0009  0.0887 -0.1242 -0.0978  0.0541  0.0321 -0.0273
 -0.5000 -0.4200 -0.3630 -0.2085 -0.1944 -0.1938 -0.1375  0.3468  0.4000  0.4364  0.5000
       0       1       0       1       0       1       0       1       0       1    ****
  0.2236 -0.0140 -0.1791  0.1674  0.0577 -0.0239 -0.0870 -0.0031 -0.1037 -0.1424  0.1245  0.0480  0.0594 -0.0174 -0.0432
 ... pnet ... 
  0.0000  0.0000  0.0000  0.0000  0.0000  0.0000  0.0000  0.2500  0.6250  0.6250  0.6250  0.6250  0.6250  0.6250  0.0000
  0.0000  0.0000  0.0000  0.0000  0.0000  0.0000  0.6250  0.6250  0.6250  0.6250  0.6250  0.6250  0.6250  0.6250  0.6250
  0.6250  0.6250  0.6250  0.6250  0.6250  0.7500  0.3750  0.3750  0.3750  0.3750  0.3750  0.0000  0.0000  0.0000  0.0000
  0.0000  0.0000  0.0000  0.0000  0.0000  0.0000  0.0000  0.0000  0.0000  0.0000  0.0000  0.0000  0.0000  0.0000  0.0000
  0.0000  0.0000  0.0000  0.0000  0.0000  0.0000  0.0000  0.0000  0.0000  0.0000  0.0000  0.0000  0.0000  0.0000  0.0000
  0.0000  0.0000  0.0000  0.0000  0.0000  0.0000  0.0000  0.0000  0.0000  0.0000  0.8750  0.8750  0.8750  0.8750  0.8750
  0.3750  0.2500  0.2500  0.2500  0.7500  0.7500  0.8750  0.8750  0.8750  0.8750
 ... fnet ... 
  0.0212  0.0101 -0.0108 -0.0331 -0.0384 -0.0016  0.0967  0.2552  0.4443  0.6119  0.7032  0.6845  0.5583  0.3628  0.1560
 -0.0063 -0.0885 -0.0807  0.0048  0.1431  0.3044  0.4595  0.5831  0.6582  0.6806  0.6615  0.6239  0.5934  0.5865  0.6041
  0.6328  0.6540  0.6552  0.6350  0.6018  0.5646  0.5258  0.4796  0.4170  0.3341  0.2370  0.1407  0.0616  0.0101 -0.0135
 -0.0168 -0.0102 -0.0019  0.0042  0.0068  0.0062  0.0028 -0.0023 -0.0064 -0.0068 -0.0025  0.0041  0.0084  0.0067 -0.0004
 -0.0080 -0.0101 -0.0043  0.0057  0.0121  0.0093 -0.0016 -0.0125 -0.0143 -0.0043  0.0109  0.0190  0.0120 -0.0070 -0.0234
 -0.0221  0.0001  0.0282  0.0374  0.0114 -0.0390 -0.0718 -0.0314  0.1202  0.3736  0.6648  0.8976  0.9872  0.9035  0.6905
  0.4481  0.2868  0.2756  0.4116  0.6263  0.8245  0.9335  0.9369  0.8747  0.8121
 ... eave ... 
  0.2487  0.0171 -0.1520  0.2107 -0.0020 -0.0566 -0.0707 -0.0327 -0.0387 -0.0371  0.0657  0.0392 -0.0252 -0.0686 -0.0204
  0.0321  0.0866  0.0115 -0.0631 -0.0209  0.0112  0.0297  0.0341 -0.0266 -0.0378  0.0277  0.0207 -0.0048 -0.0075 -0.0068

 ... generation ...    8
   1   3   2  12  13  10   7
 -0.5000 -0.4271 -0.3630 -0.2937 -0.0875  0.2363  0.2802  0.3468  0.4000  0.4096  0.4364  0.5000
       1       8       7       8       7       2       7       8       2       4       8    ****
  0.3726  0.1174 -0.1567  0.2927 -0.0405 -0.0369 -0.1187 -0.0307 -0.0714 -0.0817  0.0682  0.0675 -0.0511 -0.1365 -0.0156
 -0.5000 -0.4568 -0.3886 -0.2072 -0.1462 -0.0875 -0.0223  0.0966  0.1345  0.3061  0.3468  0.4084  0.5000
       1       6       1       6       8       7       6       7       6       7       8       2    ****
  0.1201 -0.0448 -0.0154  0.1186  0.0177  0.0972  0.0021 -0.0294 -0.1518  0.0604 -0.0027 -0.0905 -0.0288 -0.0805 -0.0111
 -0.5000 -0.4271 -0.4200 -0.1944 -0.1938 -0.1375 -0.0875  0.4000  0.4364  0.5000
       0       1       0       1       0       1       0      -1       0    ****
  0.0310  0.0848  0.0870  0.0123 -0.0169  0.0904 -0.0337  0.0476 -0.0455 -0.0402 -0.0900  0.0111  0.0112 -0.1140 -0.0189
 -0.5000 -0.1462 -0.0875  0.4000  0.4084  0.4364  0.5000
       0       1       0       1       0      -1    ****
  0.0225  0.1014  0.1304 -0.0044 -0.0728  0.1534  0.0277 -0.0322 -0.1425  0.0498 -0.0050 -0.1030 -0.0587 -0.0346  0.0456
   2   3   4   9  10  10   8
 -0.5000 -0.4271 -0.3630 -0.2937 -0.0875  0.2363  0.2802  0.3468  0.5000
       1       8       7       8       7       2       7       8    ****
  0.4035  0.0707 -0.2044  0.3340 -0.0091 -0.0560 -0.1245 -0.0383 -0.0916 -0.0506  0.1077  0.0226 -0.0984 -0.0903  0.0265
 -0.5000 -0.1488 -0.0738 -0.0086  0.2147  0.3468  0.4000  0.4096  0.4364  0.5000
       6       4       3       6       7       8       2       4       8    ****
  0.0976 -0.1462 -0.1458  0.1229  0.0905 -0.0562 -0.0255  0.0029 -0.0093  0.0106  0.0024  0.0124  0.0299 -0.0458 -0.0568
 -0.5000 -0.4271 -0.4200 -0.1944 -0.1938 -0.1375 -0.0875  0.4000  0.4364  0.5000
       0       1       0       1       0       1       0       1       0    ****
  0.0927 -0.0087 -0.0082  0.0951  0.0459  0.0520 -0.0453  0.0324 -0.0858  0.0219 -0.0110 -0.0788 -0.0833 -0.0216  0.0653
 -0.5000 -0.4200 -0.3630 -0.2937 -0.1944 -0.1938 -0.1375  0.5000
       0      -1       0      -1       0      -1       0    ****
 -0.2132 -0.2255  0.0503 -0.1161  0.1456  0.0519  0.0536  0.0736 -0.0036  0.0831 -0.1164 -0.0889  0.0450  0.0229 -0.0180
   3   4   4  15  10   8   8
 -0.5000 -0.4200 -0.3630 -0.2937 -0.1944 -0.1938 -0.1375  0.0003  0.0617  0.1746  0.3468  0.4000  0.4096  0.4364  0.5000
       6       8       7       8       6       8       1       3       1       7       8       2       4       8    ****
  0.3107  0.0793 -0.1961  0.2390 -0.0550 -0.1081 -0.0792 -0.0707 -0.0057 -0.0725  0.1187  0.1013 -0.0151 -0.0687 -0.0388
 -0.5000 -0.1488 -0.0738 -0.0086  0.2147  0.3468  0.4000  0.4096  0.4364  0.5000
       6       4       3       6       7       8       2       4       8    ****
  0.0976 -0.1462 -0.1458  0.1229  0.0905 -0.0562 -0.0255  0.0029 -0.0093  0.0106  0.0024  0.0124  0.0299 -0.0458 -0.0568
 -0.5000 -0.4200 -0.3630 -0.2937 -0.1944 -0.1938 -0.1375  0.5000
       0       1       0       1       0       1       0    ****
  0.2132  0.2255 -0.0503  0.1161 -0.1456 -0.0519 -0.0536 -0.0736  0.0036 -0.0831  0.1164  0.0889 -0.0450 -0.0229  0.0180
 -0.5000 -0.4200 -0.3630 -0.2937 -0.1944 -0.1938 -0.1375  0.5000
       0      -1       0      -1       0      -1       0    ****
 -0.2132 -0.2255  0.0503 -0.1161  0.1456  0.0519  0.0536  0.0736 -0.0036  0.0831 -0.1164 -0.0889  0.0450  0.0229 -0.0180
   4   4   1  11   9   8  10
 -0.5000 -0.1488 -0.0738 -0.0086  0.0874  0.1746  0.3468  0.4000  0.4096  0.4364  0.5000
       6       4       3       6       1       7       8       2       4       8    ****
  0.0976 -0.1462 -0.1458  0.1229  0.0905 -0.0562 -0.0255  0.0029 -0.0093  0.0106  0.0024  0.0124  0.0299 -0.0458 -0.0568
 -0.5000 -0.4271 -0.3630 -0.2937 -0.0875  0.2363  0.2802  0.3468  0.5000
       1       8       7       8       7       2       7       8    ****
  0.4035  0.0707 -0.2044  0.3340 -0.0091 -0.0560 -0.1245 -0.0383 -0.0916 -0.0506  0.1077  0.0226 -0.0984 -0.0903  0.0265
 -0.5000 -0.4200 -0.3630 -0.2937 -0.1944 -0.1938 -0.1375  0.5000
       0      -1       0      -1       0      -1       0    ****
 -0.2132 -0.2255  0.0503 -0.1161  0.1456  0.0519  0.0536  0.0736 -0.0036  0.0831 -0.1164 -0.0889  0.0450  0.0229 -0.0180
 -0.5000 -0.4271 -0.4200 -0.1944 -0.1938 -0.1375 -0.0875  0.3468  0.4571  0.5000
       0       1       0       1       0       1       0       1       0    ****
  0.1574 -0.1032 -0.0964  0.1589  0.0777  0.0535 -0.0149 -0.0187 -0.1467  0.0813  0.0372 -0.1090 -0.0927 -0.0315  0.0409
 ... pnet ... 
  0.0000  0.0000  0.0000  0.0000  0.0000  0.0000  0.0000  0.3750  0.5000  0.5000  0.5000  0.5000  0.5000  0.5000  0.0000
  0.0000  0.0000  0.0000  0.0000  0.0000  0.0000  0.5000  0.5000  0.5000  0.5000  0.5000  0.5000  0.5000  0.5000  0.5000
  0.5000  0.5000  0.5000  0.5000  0.5000  0.6250  0.5000  0.5000  0.5000  0.5000  0.5000  0.0000  0.0000  0.0000  0.0000
  0.0000  0.0000  0.0000  0.0000  0.0000  0.0000  0.0000  0.0000  0.0000  0.0000  0.0000  0.0000  0.0000  0.0000  0.0000
  0.0000  0.0000  0.0000  0.0000  0.0000  0.0000  0.0000  0.0000  0.0000  0.0000  0.0000  0.0000  0.0000  0.0000  0.0000
  0.0000  0.0000  0.0000  0.0000  0.0000  0.0000  0.0000  0.0000  0.0000  0.0000  1.0000  1.0000  1.0000  1.0000  1.0000
  0.3750  0.2500  0.2500  0.2500  0.8750  0.8750  0.8750  0.8750  0.8750  0.8750
 ... fnet ... 
  0.0165  0.0067 -0.0109 -0.0277 -0.0271  0.0114  0.1013  0.2372  0.3905  0.5168  0.5747  0.5437  0.4334  0.2782  0.1223
  0.0028 -0.0590 -0.0579  0.0004  0.1037  0.2338  0.3668  0.4755  0.5384  0.5495  0.5226  0.4856  0.4654  0.4733  0.5000
  0.5236  0.5263  0.5079  0.4859  0.4831  0.5095  0.5516  0.5779  0.5557  0.4714  0.3391  0.1937  0.0730 -0.0002 -0.0257
 -0.0204 -0.0055  0.0048  0.0071  0.0049  0.0023  0.0005 -0.0017 -0.0042 -0.0052 -0.0027  0.0029  0.0077  0.0071  0.0005
 -0.0078 -0.0110 -0.0054  0.0056  0.0135  0.0111 -0.0011 -0.0142 -0.0171 -0.0057  0.0125  0.0228  0.0149 -0.0077 -0.0280
 -0.0271 -0.0008  0.0334  0.0454  0.0152 -0.0450 -0.0853 -0.0398  0.1360  0.4302  0.7664  1.0311  1.1264  1.0200  0.7667
  0.4851  0.3024  0.2946  0.4522  0.6909  0.8988  0.9945  0.9656  0.8666  0.7803
 ... eave ... 
  0.2379 -0.0182 -0.1518  0.2109  0.0219 -0.0410 -0.0652 -0.0248 -0.0550 -0.0204  0.0509  0.0201 -0.0253 -0.0755 -0.0228
  0.0314  0.0894 -0.0044 -0.0455 -0.0123  0.0098  0.0420  0.0396 -0.0292 -0.0462  0.0380  0.0162 -0.0101 -0.0089 -0.0101

 ... generation ...    9
   1   1   2  16  14   9   9
 -0.5000 -0.4271 -0.3630 -0.3094 -0.2072 -0.1462 -0.0875 -0.0223  0.0966  0.1345  0.3061  0.3468  0.4084  0.4328  0.4364
       1       8       7       1       6       8       7       6       7       6       7       8       2       4       8
  0.5000
    ****
  0.2258 -0.0398 -0.1797  0.1459  0.1332  0.0197 -0.0446  0.0891 -0.1599 -0.0684  0.0282  0.0120 -0.0504 -0.1311 -0.0163
 -0.5000 -0.4537 -0.4271 -0.3630 -0.2937 -0.2812 -0.1488 -0.0738 -0.0086  0.2062  0.2363  0.2802  0.3468  0.5000
       6       1       8       7       8       6       4       3       6       7       2       7       8    ****
  0.1970 -0.0954 -0.2785  0.1108  0.1389 -0.0910  0.0079  0.0480 -0.0880 -0.0180  0.1008  0.0244 -0.0697 -0.0420  0.0111
 -0.5000 -0.4271 -0.3630 -0.2937 -0.1462  0.4000  0.4084  0.4364  0.5000
       0       1       0      -1       0       1       0       1    ****
 -0.0410 -0.1522 -0.1871 -0.1195  0.2891 -0.0210  0.0274  0.2383 -0.0966 -0.1155 -0.0092  0.0470 -0.0207 -0.0453 -0.0058
 -0.5000 -0.4271 -0.3630 -0.2937 -0.2812 -0.0875  0.4000  0.4364  0.5000
       0       1       0       1      -1       0       1       0    ****
 -0.1070 -0.1153 -0.2069 -0.2354  0.1964 -0.0698  0.1658  0.1315 -0.0751  0.0041  0.0915  0.0139 -0.0708  0.0520  0.0524
   2   4   2  11  11   8   9
 -0.5000 -0.1488 -0.0738 -0.0086  0.0874  0.1746  0.3468  0.4000  0.4096  0.4364  0.5000
       6       4       3       6       1       7       8       2       4       8    ****
  0.0976 -0.1462 -0.1458  0.1229  0.0905 -0.0562 -0.0255  0.0029 -0.0093  0.0106  0.0024  0.0124  0.0299 -0.0458 -0.0568
 -0.5000 -0.2899 -0.0875 -0.0377 -0.0086  0.2147  0.3468  0.4000  0.4096  0.4364  0.5000
       6       8       7       3       6       7       8       2       4       8    ****
  0.3127  0.0302 -0.0761  0.3502 -0.0680 -0.0333 -0.1498 -0.0829 -0.0057 -0.0102 -0.0019  0.0049 -0.0013 -0.1035 -0.0291
 -0.5000 -0.4271 -0.3630 -0.2937 -0.0875  0.4000  0.4364  0.5000
       0      -1       0      -1       0      -1       0    ****
 -0.3059 -0.2168  0.0585 -0.2111  0.0997 -0.0002  0.0990  0.0412  0.0822  0.0612 -0.1053 -0.0101  0.1282  0.0444 -0.0833
 -0.5000 -0.4271 -0.3630 -0.2937 -0.2899 -0.0875  0.4000  0.4364  0.5000
       0      -1       0      -1       1       0      -1       0    ****
  0.1243  0.1359  0.1980  0.2434 -0.2173  0.0456 -0.1494 -0.1304  0.0896  0.0196 -0.1139 -0.0251  0.0659 -0.0709 -0.0279
   3   4   3   9  13   8   9
 -0.5000 -0.4271 -0.3630 -0.2937 -0.0875  0.2363  0.2802  0.3468  0.5000
       1       8       7       8       7       2       7       8    ****
  0.4035  0.0707 -0.2044  0.3340 -0.0091 -0.0560 -0.1245 -0.0383 -0.0916 -0.0506  0.1077  0.0226 -0.0984 -0.0903  0.0265
 -0.5000 -0.2009 -0.1944 -0.1938 -0.1375  0.0003  0.0617  0.1746  0.3468  0.4000  0.4096  0.4364  0.5000
       6       8       6       8       1       3       1       7       8       2       4       8    ****
  0.1654 -0.0949 -0.1117  0.2083  0.0420 -0.0198 -0.1084 -0.0434 -0.0432 -0.0663  0.0456 -0.0173  0.0986 -0.0068 -0.0318
 -0.5000 -0.4271 -0.3630 -0.2937 -0.0875  0.4000  0.4364  0.5000
       0       1       0       1       0       1       0    ****
  0.3059  0.2168 -0.0585  0.2111 -0.0997  0.0002 -0.0990 -0.0412 -0.0822 -0.0612  0.1053  0.0101 -0.1282 -0.0444  0.0833
 -0.5000 -0.4200 -0.3630 -0.2937 -0.2009 -0.1944 -0.1938 -0.1375  0.5000
       0      -1       0      -1       1       0       1       0    ****
 -0.0776 -0.1229  0.1185  0.0547  0.0485  0.1247 -0.1121 -0.0190 -0.0713 -0.0707 -0.0300 -0.1484  0.1825  0.1009  0.0320
   4   4   1  10  12   8   9
 -0.5000 -0.1488 -0.0738 -0.0086  0.0874  0.1244  0.2363  0.2802  0.3468  0.5000
       6       4       3       6       1       7       2       7       8    ****
  0.1285 -0.1929 -0.1934  0.1643  0.1219 -0.0753 -0.0314 -0.0047 -0.0295  0.0417  0.0418 -0.0325 -0.0174  0.0004 -0.0146
 -0.5000 -0.4271 -0.3630 -0.2937 -0.0875  0.2363  0.2802  0.3468  0.4000  0.4096  0.4364  0.5000
       1       8       7       8       7       2       7       8       2       4       8    ****
  0.3726  0.1174 -0.1567  0.2927 -0.0405 -0.0369 -0.1187 -0.0307 -0.0714 -0.0817  0.0682  0.0675 -0.0511 -0.1365 -0.0156
 -0.5000 -0.4271 -0.3630 -0.2937 -0.0875  0.4000  0.4364  0.5000
       0      -1       0      -1       0       1       0    ****
 -0.2441 -0.3102 -0.0367 -0.1283  0.1625 -0.0385  0.0873  0.0260  0.0419  0.1233 -0.0264 -0.1001  0.0338  0.1369  0.0010
 -0.5000 -0.4271 -0.3630 -0.2937 -0.1462  0.4000  0.4084  0.4364  0.5000
       0       1       0       1       0      -1       0       1    ****
  0.2525  0.1621 -0.1413  0.1741 -0.0583 -0.1341 -0.1208 -0.0013  0.0804 -0.1421  0.0709  0.1580 -0.0223 -0.0560 -0.0045
 ... pnet ... 
  0.0000  0.0000  0.0000  0.0000  0.0000  0.0000  0.0000  0.5000  0.5000  0.5000  0.5000  0.5000  0.5000  0.5000  0.0000
  0.0000  0.0000  0.0000  0.0000  0.0000  0.0000  0.5000  0.3750  0.3750  0.3750  0.3750  0.3750  0.3750  0.3750  0.3750
  0.5000  0.5000  0.5000  0.5000  0.5000  0.6250  0.5000  0.5000  0.5000  0.5000  0.5000  0.0000  0.0000  0.0000  0.0000
  0.0000  0.0000  0.0000  0.0000  0.0000  0.0000  0.0000  0.0000  0.0000  0.0000  0.0000  0.0000  0.0000  0.0000  0.0000
  0.0000  0.0000  0.0000  0.0000  0.0000  0.0000  0.0000  0.0000  0.0000  0.0000  0.0000  0.0000  0.0000  0.0000  0.0000
  0.0000  0.0000  0.0000  0.0000  0.0000  0.0000  0.0000  0.0000  0.0000  0.0000  1.0000  1.0000  1.0000  1.0000  1.0000
  0.5000  0.3750  0.3750  0.3750  1.0000  1.0000  1.0000  1.0000  1.0000  1.0000
 ... fnet ... 
  0.0173  0.0058 -0.0134 -0.0297 -0.0248  0.0212  0.1195  0.2612  0.4146  0.5352  0.5831  0.5420  0.4253  0.2696  0.1186
  0.0064 -0.0499 -0.0489  0.0019  0.0900  0.1991  0.3071  0.3896  0.4278  0.4191  0.3808  0.3439  0.3367  0.3691  0.4274
  0.4832  0.5125  0.5106  0.4946  0.4899  0.5109  0.5486  0.5735  0.5531  0.4718  0.3416  0.1963  0.0740 -0.0012 -0.0278
 -0.0220 -0.0056  0.0061  0.0088  0.0058  0.0019 -0.0010 -0.0030 -0.0045 -0.0043 -0.0012  0.0039  0.0074  0.0058 -0.0009
 -0.0082 -0.0101 -0.0038  0.0067  0.0133  0.0097 -0.0027 -0.0147 -0.0160 -0.0038  0.0137  0.0223  0.0129 -0.0097 -0.0284
 -0.0254  0.0019  0.0349  0.0442  0.0118 -0.0480 -0.0852 -0.0358  0.1413  0.4319  0.7612  1.0210  1.1204  1.0321  0.8098
  0.5652  0.4154  0.4276  0.5897  0.8218  1.0203  1.1114  1.0853  0.9931  0.9112
 ... eave ... 
  0.2379 -0.0439 -0.1683  0.2161  0.0511 -0.0436 -0.0744 -0.0075 -0.0623 -0.0304  0.0491  0.0117 -0.0200 -0.0695 -0.0158
  0.0349  0.0798 -0.0044 -0.0449 -0.0161  0.0121  0.0418  0.0383 -0.0275 -0.0426  0.0374  0.0130 -0.0082 -0.0082 -0.0104

 ... generation ...   10
   1   2   2  11  11   4   4
 -0.5000 -0.1488 -0.0738 -0.0086  0.0874  0.1746  0.3468  0.4000  0.4096  0.4364  0.5000
       6       4       3       6       1       7       8       2       4       8    ****
  0.0976 -0.1462 -0.1458  0.1229  0.0905 -0.0562 -0.0255  0.0029 -0.0093  0.0106  0.0024  0.0124  0.0299 -0.0458 -0.0568
 -0.5000 -0.2899 -0.0875 -0.0377 -0.0086  0.2147  0.3468  0.4000  0.4096  0.4364  0.5000
       6       8       7       3       6       7       8       2       4       8    ****
  0.3127  0.0302 -0.0761  0.3502 -0.0680 -0.0333 -0.1498 -0.0829 -0.0057 -0.0102 -0.0019  0.0049 -0.0013 -0.1035 -0.0291
 -0.5000 -0.2899 -0.0875  0.5000
       0      -1       0    ****
 -0.2151 -0.1764 -0.0697 -0.2272  0.1585 -0.0229  0.1242  0.0858 -0.0037  0.0208  0.0043  0.0075  0.0312  0.0576 -0.0277
 -0.5000 -0.2899 -0.0875  0.5000
       0       1       0    ****
  0.2151  0.1764  0.0697  0.2272 -0.1585  0.0229 -0.1242 -0.0858  0.0037 -0.0208 -0.0043 -0.0075 -0.0312 -0.0576  0.0277
   2   4   1   9  14   8   8
 -0.5000 -0.4271 -0.3630 -0.2937 -0.0875  0.2363  0.2802  0.3468  0.5000
       1       8       7       8       7       2       7       8    ****
  0.4035  0.0707 -0.2044  0.3340 -0.0091 -0.0560 -0.1245 -0.0383 -0.0916 -0.0506  0.1077  0.0226 -0.0984 -0.0903  0.0265
 -0.5000 -0.4537 -0.4271 -0.3630 -0.2937 -0.2812 -0.1488 -0.0738 -0.0086  0.2062  0.2363  0.2802  0.3468  0.5000
       6       1       8       7       8       6       4       3       6       7       2       7       8    ****
  0.1970 -0.0954 -0.2785  0.1108  0.1389 -0.0910  0.0079  0.0480 -0.0880 -0.0180  0.1008  0.0244 -0.0697 -0.0420  0.0111
 -0.5000 -0.4271 -0.3630 -0.2937 -0.0875  0.4000  0.4364  0.5000
       0       1       0       1       0       1       0    ****
  0.3059  0.2168 -0.0585  0.2111 -0.0997  0.0002 -0.0990 -0.0412 -0.0822 -0.0612  0.1053  0.0101 -0.1282 -0.0444  0.0833
 -0.5000 -0.2937 -0.2812 -0.1462 -0.0875  0.4084  0.4364  0.5000
       0       1       0      -1       0       1       0    ****
 -0.0288 -0.0556 -0.0989 -0.0351  0.0057 -0.1107  0.0524 -0.0411  0.0719  0.0504  0.0726  0.0125 -0.0193  0.0891  0.0274
   3   1   4  14  16   8   9
 -0.5000 -0.4271 -0.3630 -0.3094 -0.2072 -0.1462 -0.0875 -0.0524 -0.0086  0.2062  0.2363  0.2802  0.3468  0.5000
       1       8       7       1       6       8       7       3       6       7       2       7       8    ****
  0.2494 -0.0757 -0.2166  0.1786  0.1590  0.0025 -0.0522  0.0868 -0.1718 -0.0478  0.0560 -0.0213 -0.0868 -0.0937  0.0199
 -0.5000 -0.4131 -0.3630 -0.2937 -0.0875 -0.0318 -0.0086  0.0874  0.1244  0.2363  0.2802  0.3468  0.4000  0.4096  0.4364
       6       8       7       8       7       3       6       1       7       2       7       8       2       4       8
  0.5000
    ****
  0.3607  0.0994 -0.1383  0.3088 -0.0531 -0.0449 -0.1157 -0.0329 -0.0643 -0.0701  0.0530  0.0497 -0.0319 -0.1170 -0.0340
 -0.5000 -0.2937 -0.2812 -0.1462 -0.0875  0.4084  0.4364  0.5000
       0      -1       0       1       0       1       0    ****
  0.0760 -0.0162  0.0250  0.1006  0.0460  0.0762 -0.0676  0.0364 -0.0957 -0.0092 -0.0169 -0.0789 -0.0537 -0.0142  0.0449
 -0.5000 -0.4271 -0.4131 -0.3630 -0.2937 -0.0875  0.4000  0.4364  0.5000
       0      -1       1       0       1       0      -1       0    ****
  0.2204  0.2743  0.0735  0.1607 -0.1875  0.0225 -0.0814 -0.0303 -0.0276 -0.1002 -0.0040  0.0644  0.0047 -0.0980 -0.0377
   4   4   4  11  10   8   8
 -0.5000 -0.4271 -0.3630 -0.2937 -0.0875  0.1103  0.1244  0.2363  0.2802  0.3468  0.5000
       1       8       7       8       7       1       7       2       7       8    ****
  0.4035  0.0707 -0.2044  0.3340 -0.0091 -0.0560 -0.1245 -0.0383 -0.0916 -0.0506  0.1077  0.0226 -0.0984 -0.0903  0.0265
 -0.5000 -0.1488 -0.0738 -0.0086  0.0874  0.1244  0.2363  0.2802  0.3468  0.5000
       6       4       3       6       1       7       2       7       8    ****
  0.1285 -0.1929 -0.1934  0.1643  0.1219 -0.0753 -0.0314 -0.0047 -0.0295  0.0417  0.0418 -0.0325 -0.0174  0.0004 -0.0146
 -0.5000 -0.4271 -0.3630 -0.2937 -0.0875  0.4000  0.4364  0.5000
       0       1       0       1       0       1       0    ****
  0.3059  0.2168 -0.0585  0.2111 -0.0997  0.0002 -0.0990 -0.0412 -0.0822 -0.0612  0.1053  0.0101 -0.1282 -0.0444  0.0833
 -0.5000 -0.4271 -0.3630 -0.2937 -0.0875  0.4000  0.4364  0.5000
       0      -1       0      -1       0       1       0    ****
 -0.2441 -0.3102 -0.0367 -0.1283  0.1625 -0.0385  0.0873  0.0260  0.0419  0.1233 -0.0264 -0.1001  0.0338  0.1369  0.0010
 ... pnet ... 
  0.0000  0.0000  0.0000  0.0000  0.0000  0.0000  0.0000  0.5000  0.5000  0.6250  0.6250  0.6250  0.6250  0.6250  0.0000
  0.0000  0.0000  0.0000  0.0000  0.0000  0.0000  0.6250  0.5000  0.5000  0.5000  0.5000  0.5000  0.5000  0.5000  0.5000
  0.5000  0.5000  0.5000  0.5000  0.5000  0.6250  0.6250  0.6250  0.6250  0.6250  0.6250  0.0000  0.0000  0.0000  0.0000
  0.0000  0.0000  0.0000  0.0000  0.0000  0.0000  0.0000  0.0000  0.0000  0.0000  0.0000  0.0000  0.0000  0.0000  0.0000
  0.0000  0.0000  0.0000  0.0000  0.0000  0.0000  0.0000  0.0000  0.0000  0.0000  0.0000  0.0000  0.0000  0.0000  0.0000
  0.0000  0.0000  0.0000  0.0000  0.0000  0.0000  0.0000  0.0000  0.0000  0.0000  1.0000  1.0000  1.0000  1.0000  1.0000
  0.6250  0.6250  0.6250  0.6250  1.0000  1.0000  1.0000  1.0000  1.0000  1.0000
 ... fnet ... 
  0.0120  0.0063 -0.0072 -0.0240 -0.0272  0.0104  0.1115  0.2753  0.4685  0.6337  0.7141  0.6797  0.5415  0.3453  0.1497
  0.0033 -0.0691 -0.0649  0.0039  0.1195  0.2599  0.3981  0.5051  0.5588  0.5558  0.5156  0.4726  0.4566  0.4759  0.5129
  0.5376  0.5300  0.4968  0.4687  0.4798  0.5419  0.6312  0.6981  0.6938  0.5982  0.4318  0.2443  0.0886 -0.0042 -0.0344
 -0.0253 -0.0052  0.0076  0.0097  0.0060  0.0022 -0.0004 -0.0029 -0.0055 -0.0059 -0.0020  0.0049  0.0097  0.0076 -0.0014
 -0.0109 -0.0128 -0.0041  0.0094  0.0169  0.0111 -0.0050 -0.0191 -0.0188 -0.0023  0.0186  0.0267  0.0127 -0.0149 -0.0345
 -0.0270  0.0069  0.0430  0.0482  0.0072 -0.0585 -0.0927 -0.0321  0.1554  0.4452  0.7589  0.9988  1.0943  1.0359  0.8786
  0.7131  0.6214  0.6409  0.7532  0.9006  1.0193  1.0697  1.0510  0.9947  0.9430
 ... eave ... 
  0.2691 -0.0299 -0.1822  0.2380  0.0464 -0.0513 -0.0770 -0.0074 -0.0690 -0.0244  0.0584  0.0104 -0.0467 -0.0728 -0.0063
  0.0125  0.0886  0.0070 -0.0424 -0.0172  0.0217  0.0443  0.0318 -0.0134 -0.0411  0.0269  0.0044 -0.0006 -0.0051 -0.0172
