  0   1   2   2
  0.0000  0.5000
       1       0
  0.0000  0.5000
       2       0
  0   2   2   2
  0.0000  0.5000
       3       0
  0.0000  0.5000
       4       0
  0   3   2   2
  0.0000  0.5000
       5       0
  0.0000  0.5000
       6       0
  0   4   2   2
  0.0000  0.5000
       7       0
  0.0000  0.5000
       8       0
  0   5   2   2
  0.0000  0.5000
       9       0
  0.0000  0.5000
      10       0
  0   6   2   2
  0.0000  0.5000
      11       0
  0.0000  0.5000
      12       0
  0   7   2   2
  0.0000  0.5000
      13       0
  0.0000  0.5000
      14       0
  0   8   2   2
  0.0000  0.5000
      15       0
  0.0000  0.5000
      16       0
  0   9   2   2
  0.0000  0.5000
      17       0
  0.0000  0.5000
      18       0
  0  10   2   2
  0.0000  0.5000
      19       0
  0.0000  0.5000
      20       0
  1   1   2   3
  0.0000  0.5000
       3       0
  0.0000  0.2729  0.5000
      16      15       0
  1   2   3   2
  0.0000  0.2165  0.5000
       6       5       0
  0.0000  0.5000
       7       0
  1   3   4   2
  0.0000  0.2268  0.3750  0.5000
       5       6       5       0
  0.0000  0.5000
      12       0
  1   4   2   3
  0.0000  0.5000
      13       0
  0.0000  0.3941  0.5000
      10       9       0
  1   5   2   3
  0.0000  0.5000
      15       0
  0.0000  0.0357  0.5000
       4       3       0
  1   6   2   3
  0.0000  0.5000
      20       0
  0.0000  0.4358  0.5000
      13      14       0
  1   7   2   4
  0.0000  0.5000
      15       0
  0.0000  0.0470  0.2866  0.5000
      13      14      13       0
  1   8   2   4
  0.0000  0.5000
       8       0
  0.0000  0.0479  0.2915  0.5000
       3       4       3       0
  1   9   2   2
  0.0000  0.5000
       9       0
  0.0000  0.5000
       7       0
  1  10   2   2
  0.0000  0.5000
       5       0
  0.0000  0.5000
      16       0
  2   1   2   3
  0.0000  0.5000
      15       0
  0.0000  0.4676  0.5000
      13       9       0
  2   2   2   4
  0.0000  0.5000
      16       0
  0.0000  0.0479  0.0538  0.5000
       3       4       8       0
  2   3   4   2
  0.0000  0.0470  0.2866  0.5000
      13      14      13       0
  0.0000  0.5000
       5       0
  2   4   4   3
  0.0000  0.2268  0.3750  0.5000
       5       6       5       0
  0.0000  0.0357  0.5000
       4       3       0
  2   5   4   2
  0.0000  0.0470  0.2866  0.5000
      13      14      13       0
  0.0000  0.5000
       7       0
  2   6   3   4
  0.0000  0.2165  0.5000
       6       5       0
  0.0000  0.0041  0.2964  0.5000
      16       3      15       0
  2   7   4   3
  0.0000  0.3299  0.4452  0.5000
       9       7       9       0
  0.0000  0.4529  0.5000
      16       5       0
  2   8   4   2
  0.0000  0.2268  0.3750  0.5000
       5       6       5       0
  0.0000  0.5000
       8       0
  2   9   2   2
  0.0000  0.5000
       7       0
  0.0000  0.5000
       3       0
  2  10   3   4
  0.0000  0.3941  0.5000
      10       9       0
  0.0000  0.0479  0.2915  0.5000
       3       4       3       0
  3   1   2   4
  0.0000  0.5000
      15       0
  0.0000  0.0731  0.2866  0.5000
       5      14      13       0
  3   2   4   3
  0.0000  0.2541  0.2866  0.5000
       7      14      13       0
  0.0000  0.3104  0.5000
      13      15       0
  3   3   2   4
  0.0000  0.5000
      15       0
  0.0000  0.0479  0.0538  0.5000
       3       4       8       0
  3   4   2   5
  0.0000  0.5000
       7       0
  0.0000  0.1783  0.3281  0.4676  0.5000
      13      15      13       9       0
  3   5   3   5
  0.0000  0.0357  0.5000
       4       3       0
  0.0000  0.1385  0.3299  0.4452  0.5000
      16       9       7       9       0
  3   6   4   3
  0.0000  0.0479  0.2915  0.5000
       3       4       3       0
  0.0000  0.2165  0.5000
       6       5       0
  3   7   3   3
  0.0000  0.0357  0.5000
       4       3       0
  0.0000  0.0835  0.5000
       3       7       0
  3   8   4   2
  0.0000  0.0470  0.2866  0.5000
      13      14      13       0
  0.0000  0.5000
       7       0
  3   9   2   2
  0.0000  0.5000
       3       0
  0.0000  0.5000
       7       0
  3  10   5   4
  0.0000  0.0479  0.0538  0.2640  0.5000
       3       4       8      16       0
  0.0000  0.3166  0.4676  0.5000
      15      13       9       0
  4   1   2   7
  0.0000  0.5000
      15       0
  0.0000  0.0731  0.2866  0.3645  0.3937  0.4106  0.5000
       5      14      13      15      13      15       0
  4   2   5   4
  0.0000  0.1783  0.3281  0.4676  0.5000
      13      15      13       9       0
  0.0000  0.0554  0.3018  0.5000
       3       7       3       0
  4   3   7   2
  0.0000  0.0479  0.0538  0.1790  0.3166  0.4676  0.5000
       3       4       8      15      13       9       0
  0.0000  0.5000
      15       0
  4   4   3   3
  0.0000  0.2846  0.5000
       7       3       0
  0.0000  0.0142  0.5000
       7       3       0
  4   5   5   5
  0.0000  0.0835  0.2323  0.3605  0.5000
       3       7       3       7       0
  0.0000  0.2541  0.2866  0.3612  0.5000
       7      14      13      15       0
  4   6   4   3
  0.0000  0.0731  0.2866  0.5000
       5      14      13       0
  0.0000  0.3802  0.5000
       3       7       0
  4   7   4   5
  0.0000  0.3104  0.4788  0.5000
      13      15      13       0
  0.0000  0.0479  0.0538  0.2640  0.5000
       3       4       8      16       0
  4   8   4   5
  0.0000  0.2541  0.2866  0.5000
       7      14      13       0
  0.0000  0.1385  0.3299  0.4452  0.5000
      16       9       7       9       0
  4   9   2   4
  0.0000  0.5000
       7       0
  0.0000  0.2541  0.2866  0.5000
       7      14      13       0
  4  10   3   2
  0.0000  0.3104  0.5000
      13      15       0
  0.0000  0.5000
      15       0
  5   1   4   2
  0.0000  0.0731  0.2866  0.5000
       5      14      13       0
  0.0000  0.5000
      15       0
  5   2   3   4
  0.0000  0.2846  0.5000
       7       3       0
  0.0000  0.3507  0.4479  0.5000
       3      13       7       0
  5   3   4   4
  0.0000  0.3104  0.4788  0.5000
      13      15      13       0
  0.0000  0.3104  0.4788  0.5000
      13      15      13       0
  5   4   7   5
  0.0000  0.2190  0.2866  0.3645  0.3937  0.4106  0.5000
      15      14      13      15      13      15       0
  0.0000  0.1036  0.2541  0.2866  0.5000
      16       7      14      13       0
  5   5   5   2
  0.0000  0.0479  0.0538  0.1360  0.5000
       3       4       8      15       0
  0.0000  0.5000
      15       0
  5   6   5   5
  0.0000  0.2541  0.2866  0.3612  0.5000
       7      14      13      15       0
  0.0000  0.1385  0.3299  0.4452  0.5000
      16       9       7       9       0
  5   7   2   2
  0.0000  0.5000
       7       0
  0.0000  0.5000
      15       0
  5   8   7   3
  0.0000  0.0044  0.2541  0.2866  0.3101  0.3605  0.5000
       3       7      14      13       3       7       0
  0.0000  0.3838  0.5000
       7      13       0
  5   9   2   3
  0.0000  0.5000
       7       0
  0.0000  0.0845  0.5000
      13      15       0
  5  10   4   4
  0.0000  0.2754  0.3104  0.5000
      15      13      15       0
  0.0000  0.3104  0.4788  0.5000
      13      15      13       0
  6   1   5   2
  0.0000  0.1036  0.2541  0.2866  0.5000
      16       7      14      13       0
  0.0000  0.5000
      15       0
  6   2   3   3
  0.0000  0.0845  0.5000
      13      15       0
  0.0000  0.0845  0.5000
      13      15       0
  6   3   5   6
  0.0000  0.2541  0.2866  0.3612  0.5000
       7      14      13      15       0
  0.0000  0.1024  0.1385  0.3299  0.4452  0.5000
       7      16       9       7       9       0
  6   4   2   3
  0.0000  0.5000
      15       0
  0.0000  0.2846  0.5000
       7       3       0
  6   5   2   2
  0.0000  0.5000
       7       0
  0.0000  0.5000
      15       0
  6   6   5   4
  0.0000  0.0479  0.0538  0.1360  0.5000
       3       4       8      15       0
  0.0000  0.3104  0.4788  0.5000
      13      15      13       0
  6   7   5   3
  0.0000  0.1385  0.3299  0.4452  0.5000
      16       9       7       9       0
  0.0000  0.2846  0.5000
       7       3       0
  6   8   4   5
  0.0000  0.0044  0.3838  0.5000
       3       7      13       0
  0.0000  0.2846  0.4354  0.4479  0.5000
       7       3      13       7       0
  6   9   2   7
  0.0000  0.5000
       7       0
  0.0000  0.2190  0.2866  0.3645  0.3937  0.4106  0.5000
      15      14      13      15      13      15       0
  6  10   4   3
  0.0000  0.0044  0.3838  0.5000
       3       7      13       0
  0.0000  0.4235  0.5000
       7      15       0
  7   1   2   3
  0.0000  0.5000
      15       0
  0.0000  0.3838  0.5000
       7      13       0
  7   2   6   3
  0.0000  0.1024  0.1385  0.3299  0.4452  0.5000
       7      16       9       7       9       0
  0.0000  0.2846  0.5000
       7       3       0
  7   3   2   6
  0.0000  0.5000
      15       0
  0.0000  0.2541  0.2866  0.3318  0.4120  0.5000
       7      14      13       7      15       0
  7   4   3   2
  0.0000  0.3675  0.5000
      15       3       0
  0.0000  0.5000
      15       0
  7   5   4   5
  0.0000  0.0519  0.3679  0.5000
      15       7      15       0
  0.0000  0.2846  0.4354  0.4479  0.5000
       7       3      13       7       0
  7   6   6   3
  0.0000  0.1615  0.3299  0.4452  0.4878  0.5000
       7       9       7       9       3       0
  0.0000  0.0845  0.5000
      13      15       0
  7   7   3   5
  0.0000  0.3318  0.5000
      15      13       0
  0.0000  0.2380  0.3299  0.4452  0.5000
       7       9       7       9       0
  7   8   3   7
  0.0000  0.2846  0.5000
       7       3       0
  0.0000  0.2190  0.2866  0.3645  0.3937  0.4106  0.5000
      15      14      13      15      13      15       0
  7   9   5   3
  0.0000  0.0479  0.0538  0.1360  0.5000
       3       4       8      15       0
  0.0000  0.0845  0.5000
      13      15       0
  7  10   7   2
  0.0000  0.2190  0.2866  0.3645  0.3937  0.4106  0.5000
      15      14      13      15      13      15       0
  0.0000  0.5000
       7       0
  8   1   4   6
  0.0000  0.1503  0.3838  0.5000
      15       7      13       0
  0.0000  0.1347  0.1385  0.3299  0.4452  0.5000
       7      16       9       7       9       0
  8   2   5   3
  0.0000  0.2190  0.2866  0.3164  0.5000
      15      14      13       7       0
  0.0000  0.2846  0.5000
       7       3       0
  8   3   2   5
  0.0000  0.5000
      15       0
  0.0000  0.2380  0.3299  0.4452  0.5000
       7       9       7       9       0
  8   4   3   3
  0.0000  0.0845  0.5000
      13      15       0
  0.0000  0.0845  0.5000
      13      15       0
  8   5   2   4
  0.0000  0.5000
      15       0
  0.0000  0.3838  0.4617  0.5000
       7      13      15       0
  8   6   2   7
  0.0000  0.5000
      15       0
  0.0000  0.2190  0.2866  0.3645  0.3937  0.4106  0.5000
      15      14      13      15      13      15       0
  8   7   4   2
  0.0000  0.3998  0.4106  0.5000
       7      13      15       0
  0.0000  0.5000
       7       0
  8   8   3   5
  0.0000  0.2846  0.5000
       7       3       0
  0.0000  0.2871  0.3318  0.4120  0.5000
      15      13       7      15       0
  8   9   6   2
  0.0000  0.1024  0.1385  0.3299  0.4452  0.5000
       7      16       9       7       9       0
  0.0000  0.5000
      15       0
  8  10   3   5
  0.0000  0.2846  0.5000
       7       3       0
  0.0000  0.3275  0.3299  0.4452  0.5000
      15       9       7       9       0
  9   1   4   3
  0.0000  0.3838  0.4617  0.5000
       7      13      15       0
  0.0000  0.0845  0.5000
      13      15       0
  9   2   2   2
  0.0000  0.5000
      15       0
  0.0000  0.5000
      15       0
  9   3   2   3
  0.0000  0.5000
      15       0
  0.0000  0.2846  0.5000
       7       3       0
  9   4   5   4
  0.0000  0.2341  0.3838  0.4617  0.5000
      15       7      13      15       0
  0.0000  0.1503  0.3838  0.5000
      15       7      13       0
  9   5   6   2
  0.0000  0.2380  0.3299  0.4452  0.4516  0.5000
       7       9       7       9      15       0
  0.0000  0.5000
       7       0
  9   6   5   3
  0.0000  0.2190  0.2866  0.3164  0.5000
      15      14      13       7       0
  0.0000  0.0845  0.5000
      13      15       0
  9   7   6   6
  0.0000  0.1347  0.1385  0.3299  0.4452  0.5000
       7      16       9       7       9       0
  0.0000  0.2871  0.3318  0.4120  0.4396  0.5000
      15      13       7      15       3       0
  9   8   5   2
  0.0000  0.3275  0.3299  0.4452  0.5000
      15       9       7       9       0
  0.0000  0.5000
       7       0
  9   9   6   3
  0.0000  0.0080  0.2380  0.3299  0.4452  0.5000
      15       7       9       7       9       0
  0.0000  0.2846  0.5000
       7       3       0
  9  10   6   5
  0.0000  0.1347  0.1385  0.3299  0.4452  0.5000
       7      16       9       7       9       0
  0.0000  0.2380  0.3299  0.4452  0.5000
       7       9       7       9       0
 10   1   6   5
  0.0000  0.0276  0.2190  0.2866  0.3164  0.5000
      13      15      14      13       7       0
  0.0000  0.2380  0.3299  0.4452  0.5000
       7       9       7       9       0
 10   2   4   3
  0.0000  0.1503  0.3838  0.5000
      15       7      13       0
  0.0000  0.2846  0.5000
       7       3       0
 10   3   5   4
  0.0000  0.3275  0.3299  0.4452  0.5000
      15       9       7       9       0
  0.0000  0.1503  0.3838  0.5000
      15       7      13       0
 10   4   5   5
  0.0000  0.2341  0.3838  0.4617  0.5000
      15       7      13      15       0
  0.0000  0.3275  0.3299  0.4452  0.5000
      15       9       7       9       0
 10   5   6   3
  0.0000  0.2190  0.2866  0.3164  0.3849  0.5000
      15      14      13       7      15       0
  0.0000  0.0845  0.5000
      13      15       0
 10   6   6   4
  0.0000  0.2380  0.3299  0.4452  0.4516  0.5000
       7       9       7       9      15       0
  0.0000  0.1503  0.3838  0.5000
      15       7      13       0
 10   7   3   2
  0.0000  0.0845  0.5000
      13      15       0
  0.0000  0.5000
      15       0
 10   8   2   5
  0.0000  0.5000
      15       0
  0.0000  0.3275  0.3299  0.4452  0.5000
      15       9       7       9       0
 10   9   4   5
  0.0000  0.0562  0.0845  0.5000
       7      13      15       0
  0.0000  0.3275  0.3299  0.4452  0.5000
      15       9       7       9       0
 10  10   2   3
  0.0000  0.5000
       7       0
  0.0000  0.2683  0.5000
       7      15       0
 11   1   3   5
  0.0000  0.0845  0.5000
      13      15       0
  0.0000  0.3275  0.3299  0.4452  0.5000
      15       9       7       9       0
 11   2   2   5
  0.0000  0.5000
      15       0
  0.0000  0.2380  0.3299  0.4452  0.5000
       7       9       7       9       0
 11   3   5   6
  0.0000  0.3275  0.3299  0.4452  0.5000
      15       9       7       9       0
  0.0000  0.0276  0.2190  0.2866  0.3164  0.5000
      13      15      14      13       7       0
 11   4   7   7
  0.0000  0.0845  0.2190  0.2866  0.3164  0.3849  0.5000
      13      15      14      13       7      15       0
  0.0000  0.0276  0.2116  0.2380  0.3299  0.4452  0.5000
      13      15       7       9       7       9       0
 11   5   6   7
  0.0000  0.0276  0.2190  0.2866  0.3164  0.5000
      13      15      14      13       7       0
  0.0000  0.0562  0.0845  0.3275  0.3299  0.4452  0.5000
       7      13      15       9       7       9       0
 11   6   5   3
  0.0000  0.1503  0.3838  0.4949  0.5000
      15       7      13       9       0
  0.0000  0.0845  0.5000
      13      15       0
 11   7   7   3
  0.0000  0.2434  0.2465  0.3275  0.3299  0.4452  0.5000
      15       7      15       9       7       9       0
  0.0000  0.0845  0.5000
      13      15       0
 11   8   6   2
  0.0000  0.0276  0.2190  0.2866  0.3164  0.5000
      13      15      14      13       7       0
  0.0000  0.5000
      15       0
 11   9   5   2
  0.0000  0.3275  0.3299  0.4452  0.5000
      15       9       7       9       0
  0.0000  0.5000
       7       0
 11  10   2   3
  0.0000  0.5000
      15       0
  0.0000  0.0627  0.5000
      13      15       0
 12   1   2   7
  0.0000  0.5000
      15       0
  0.0000  0.2434  0.2465  0.3275  0.3299  0.4452  0.5000
      15       7      15       9       7       9       0
 12   2   3   6
  0.0000  0.0845  0.5000
      13      15       0
  0.0000  0.0276  0.3275  0.3299  0.4452  0.5000
      13      15       9       7       9       0
 12   3   2   3
  0.0000  0.5000
      15       0
  0.0000  0.0845  0.5000
      13      15       0
 12   4   7   6
  0.0000  0.0562  0.0845  0.3275  0.3299  0.4452  0.5000
       7      13      15       9       7       9       0
  0.0000  0.2693  0.3275  0.3299  0.4452  0.5000
       7      15       9       7       9       0
 12   5   7   8
  0.0000  0.0845  0.2190  0.2866  0.3164  0.3849  0.5000
      13      15      14      13       7      15       0
  0.0000  0.2190  0.2866  0.2903  0.3275  0.3299  0.4452  0.5000
      15      14      13      15       9       7       9       0
 12   6   3   5
  0.0000  0.4164  0.5000
      15       7       0
  0.0000  0.2380  0.3299  0.3936  0.5000
       7       9       7      15       0
 12   7   5   6
  0.0000  0.3275  0.3299  0.4452  0.5000
      15       9       7       9       0
  0.0000  0.0276  0.2190  0.2866  0.3164  0.5000
      13      15      14      13       7       0
 12   8   4   3
  0.0000  0.1503  0.3750  0.5000
      15       7      15       0
  0.0000  0.0845  0.5000
      13      15       0
 12   9   2   6
  0.0000  0.5000
      15       0
  0.0000  0.0276  0.2190  0.2866  0.3164  0.5000
      13      15      14      13       7       0
 12  10   7   5
  0.0000  0.0845  0.2190  0.2866  0.3164  0.3849  0.5000
      13      15      14      13       7      15       0
  0.0000  0.3275  0.3299  0.4452  0.5000
      15       9       7       9       0
 13   1   7   8
  0.0000  0.0845  0.2190  0.2866  0.3164  0.3849  0.5000
      13      15      14      13       7      15       0
  0.0000  0.2190  0.2866  0.2903  0.3275  0.3299  0.4452  0.5000
      15      14      13      15       9       7       9       0
 13   2   7   5
  0.0000  0.0562  0.0845  0.3275  0.3299  0.4452  0.5000
       7      13      15       9       7       9       0
  0.0000  0.3275  0.3299  0.4452  0.5000
      15       9       7       9       0
 13   3   2   6
  0.0000  0.5000
      15       0
  0.0000  0.0276  0.2190  0.2866  0.3164  0.5000
      13      15      14      13       7       0
 13   4   2   3
  0.0000  0.5000
      15       0
  0.0000  0.4164  0.5000
      15       7       0
 13   5   7   6
  0.0000  0.0845  0.2190  0.2866  0.3164  0.3849  0.5000
      13      15      14      13       7      15       0
  0.0000  0.0276  0.2190  0.2866  0.3164  0.5000
      13      15      14      13       7       0
 13   6   6   7
  0.0000  0.2693  0.3275  0.3299  0.4452  0.5000
       7      15       9       7       9       0
  0.0000  0.0845  0.2190  0.2866  0.3164  0.3849  0.5000
      13      15      14      13       7      15       0
 13   7   4   6
  0.0000  0.1503  0.3750  0.5000
      15       7      15       0
  0.0000  0.2693  0.3275  0.3299  0.4452  0.5000
       7      15       9       7       9       0
 13   8   5   3
  0.0000  0.3275  0.3299  0.4452  0.5000
      15       9       7       9       0
  0.0000  0.0845  0.5000
      13      15       0
 13   9   3   7
  0.0000  0.0845  0.5000
      13      15       0
  0.0000  0.0562  0.0845  0.3275  0.3299  0.4452  0.5000
       7      13      15       9       7       9       0
 13  10   3   7
  0.0000  0.0276  0.5000
      13      15       0
  0.0000  0.0845  0.2190  0.2866  0.3164  0.3849  0.5000
      13      15      14      13       7      15       0
 14   1   9   8
  0.0000  0.0845  0.2190  0.2866  0.2903  0.3275  0.3299  0.4452  0.5000
      13      15      14      13      15       9       7       9       0
  0.0000  0.0076  0.1503  0.2693  0.3275  0.3299  0.4452  0.5000
       7      15       7      15       9       7       9       0
 14   2   5   2
  0.0000  0.3275  0.3299  0.4452  0.5000
      15       9       7       9       0
  0.0000  0.5000
      15       0
 14   3   5   5
  0.0000  0.3275  0.3299  0.4452  0.5000
      15       9       7       9       0
  0.0000  0.0276  0.2190  0.2602  0.5000
      13      15      14      15       0
 14   4   7   7
  0.0000  0.0845  0.2190  0.2866  0.3164  0.4476  0.5000
      13      15      14      13       7      15       0
  0.0000  0.0276  0.2190  0.2866  0.3164  0.4886  0.5000
      13      15      14      13       7      15       0
 14   5   7   3
  0.0000  0.0845  0.2190  0.2866  0.3164  0.3849  0.5000
      13      15      14      13       7      15       0
  0.0000  0.0845  0.5000
      13      15       0
 14   6   8   6
  0.0000  0.2190  0.2866  0.2903  0.3275  0.3299  0.4452  0.5000
      15      14      13      15       9       7       9       0
  0.0000  0.2693  0.3275  0.3299  0.4452  0.5000
       7      15       9       7       9       0
 14   7   3   6
  0.0000  0.0845  0.5000
      13      15       0
  0.0000  0.2693  0.3275  0.3299  0.4452  0.5000
       7      15       9       7       9       0
 14   8   7   7
  0.0000  0.0562  0.0845  0.3275  0.3299  0.4452  0.5000
       7      13      15       9       7       9       0
  0.0000  0.0845  0.2190  0.2866  0.3164  0.3849  0.5000
      13      15      14      13       7      15       0
 14   9   6   7
  0.0000  0.0845  0.3275  0.3299  0.4452  0.5000
      13      15       9       7       9       0
  0.0000  0.0845  0.2190  0.2866  0.3164  0.3849  0.5000
      13      15      14      13       7      15       0
 14  10   6   7
  0.0000  0.2693  0.3275  0.3299  0.4452  0.5000
       7      15       9       7       9       0
  0.0000  0.0845  0.2190  0.2866  0.3164  0.3849  0.5000
      13      15      14      13       7      15       0
 15   1   6   6
  0.0000  0.0845  0.3275  0.3299  0.4452  0.5000
      13      15       9       7       9       0
  0.0000  0.2693  0.3275  0.3299  0.4452  0.5000
       7      15       9       7       9       0
 15   2   6   7
  0.0000  0.0845  0.3275  0.3299  0.4452  0.5000
      13      15       9       7       9       0
  0.0000  0.0276  0.2190  0.2866  0.3164  0.4476  0.5000
      13      15      14      13       7      15       0
 15   3   6   5
  0.0000  0.2693  0.3275  0.3299  0.4452  0.5000
       7      15       9       7       9       0
  0.0000  0.3275  0.3299  0.4452  0.5000
      15       9       7       9       0
 15   4   7   9
  0.0000  0.0845  0.2190  0.2866  0.3164  0.3849  0.5000
      13      15      14      13       7      15       0
  0.0000  0.0845  0.2190  0.2866  0.2903  0.3275  0.3299  0.4452  0.5000
      13      15      14      13      15       9       7       9       0
 15   5   6   6
  0.0000  0.2693  0.3275  0.3299  0.4452  0.5000
       7      15       9       7       9       0
  0.0000  0.2693  0.3275  0.3299  0.4452  0.5000
       7      15       9       7       9       0
 15   6   9   5
  0.0000  0.0845  0.2190  0.2866  0.2903  0.3275  0.3299  0.4452  0.5000
      13      15      14      13      15       9       7       9       0
  0.0000  0.0276  0.2190  0.2602  0.5000
      13      15      14      15       0
 15   7   9   8
  0.0000  0.0076  0.2190  0.2866  0.2903  0.3275  0.3299  0.4452  0.5000
       7      15      14      13      15       9       7       9       0
  0.0000  0.0845  0.2384  0.2693  0.3275  0.3299  0.4452  0.5000
      13      15       7      15       9       7       9       0
 15   8   6   8
  0.0000  0.0845  0.3275  0.3299  0.4452  0.5000
      13      15       9       7       9       0
  0.0000  0.0845  0.2190  0.2492  0.3275  0.3299  0.4452  0.5000
      13      15      14      15       9       7       9       0
 15   9   5   7
  0.0000  0.3275  0.3299  0.4452  0.5000
      15       9       7       9       0
  0.0000  0.0845  0.2190  0.2866  0.3164  0.4886  0.5000
      13      15      14      13       7      15       0
 15  10   7   6
  0.0000  0.0845  0.2190  0.2866  0.3164  0.3849  0.5000
      13      15      14      13       7      15       0
  0.0000  0.2693  0.3275  0.3299  0.4452  0.5000
       7      15       9       7       9       0
 16   1   5   7
  0.0000  0.0276  0.2190  0.2602  0.5000
      13      15      14      15       0
  0.0000  0.0845  0.2190  0.2866  0.3164  0.3849  0.5000
      13      15      14      13       7      15       0
 16   2   6   8
  0.0000  0.0845  0.3275  0.3299  0.4476  0.5000
      13      15       9       7      15       0
  0.0000  0.0596  0.2373  0.2693  0.3275  0.3299  0.4452  0.5000
       7      15       7      15       9       7       9       0
 16   3   9   6
  0.0000  0.0845  0.2190  0.2866  0.2903  0.3275  0.3299  0.4452  0.5000
      13      15      14      13      15       9       7       9       0
  0.0000  0.2693  0.3275  0.3299  0.4452  0.5000
       7      15       9       7       9       0
 16   4   6   7
  0.0000  0.1369  0.3275  0.3299  0.4452  0.5000
       7      15       9       7       9       0
  0.0000  0.0845  0.2190  0.2866  0.3164  0.4886  0.5000
      13      15      14      13       7      15       0
 16   5   8   7
  0.0000  0.0845  0.2384  0.2693  0.3275  0.3299  0.4452  0.5000
      13      15       7      15       9       7       9       0
  0.0000  0.0276  0.2190  0.2866  0.3164  0.4476  0.5000
      13      15      14      13       7      15       0
 16   6   6   6
  0.0000  0.0845  0.3275  0.3299  0.4452  0.5000
      13      15       9       7       9       0
  0.0000  0.0845  0.3275  0.3299  0.4452  0.5000
      13      15       9       7       9       0
 16   7   6   7
  0.0000  0.2693  0.3275  0.3299  0.4452  0.5000
       7      15       9       7       9       0
  0.0000  0.0845  0.2190  0.2866  0.3164  0.3849  0.5000
      13      15      14      13       7      15       0
 16   8   6   9
  0.0000  0.0845  0.3275  0.3299  0.4452  0.5000
      13      15       9       7       9       0
  0.0000  0.0276  0.2190  0.2866  0.2903  0.3275  0.3299  0.3633  0.5000
      13      15      14      13      15       9       7      15       0
 16   9   6   7
  0.0000  0.0845  0.3275  0.3299  0.4452  0.5000
      13      15       9       7       9       0
  0.0000  0.0276  0.2190  0.2866  0.3164  0.4476  0.5000
      13      15      14      13       7      15       0
 16  10   6   8
  0.0000  0.0845  0.3275  0.3299  0.4452  0.5000
      13      15       9       7       9       0
  0.0000  0.0845  0.2200  0.2492  0.3275  0.3299  0.4452  0.5000
      13      15      14      15       9       7       9       0
 17   1   6   6
  0.0000  0.2693  0.3275  0.3299  0.4452  0.5000
       7      15       9       7       9       0
  0.0000  0.0845  0.3275  0.3299  0.4476  0.5000
      13      15       9       7      15       0
 17   2   6   7
  0.0000  0.1369  0.3275  0.3299  0.4452  0.5000
       7      15       9       7       9       0
  0.0000  0.0276  0.2190  0.2866  0.3164  0.4476  0.5000
      13      15      14      13       7      15       0
 17   3   7   6
  0.0000  0.0276  0.2190  0.2602  0.3618  0.3849  0.5000
      13      15      14      15       7      15       0
  0.0000  0.0845  0.3275  0.3299  0.4476  0.5000
      13      15       9       7      15       0
 17   4   7   5
  0.0000  0.0845  0.2190  0.2866  0.3164  0.3849  0.5000
      13      15      14      13       7      15       0
  0.0000  0.0276  0.2190  0.2602  0.5000
      13      15      14      15       0
 17   5   6   7
  0.0000  0.0845  0.3275  0.3299  0.4452  0.5000
      13      15       9       7       9       0
  0.0000  0.0276  0.2190  0.2866  0.3164  0.3849  0.5000
      13      15      14      13       7      15       0
 17   6   6   6
  0.0000  0.0845  0.3275  0.3299  0.4452  0.5000
      13      15       9       7       9       0
  0.0000  0.0845  0.3275  0.3299  0.4452  0.5000
      13      15       9       7       9       0
 17   7   9   6
  0.0000  0.0276  0.2190  0.2866  0.2903  0.3275  0.3299  0.3633  0.5000
      13      15      14      13      15       9       7      15       0
  0.0000  0.0845  0.3275  0.3299  0.4452  0.5000
      13      15       9       7       9       0
 17   8   8   9
  0.0000  0.0276  0.0465  0.0845  0.3275  0.3299  0.4452  0.5000
      13      15      13      15       9       7       9       0
  0.0000  0.0845  0.2190  0.2866  0.2903  0.3275  0.3299  0.4452  0.5000
      13      15      14      13      15       9       7       9       0
 17   9   7   7
  0.0000  0.0845  0.2190  0.2866  0.3164  0.3849  0.5000
      13      15      14      13       7      15       0
  0.0000  0.0845  0.2190  0.2866  0.3164  0.4886  0.5000
      13      15      14      13       7      15       0
 17  10   6   6
  0.0000  0.0845  0.3275  0.3299  0.4452  0.5000
      13      15       9       7       9       0
  0.0000  0.0845  0.3275  0.3299  0.4452  0.5000
      13      15       9       7       9       0
 18   1   7   7
  0.0000  0.0845  0.2190  0.2866  0.3164  0.3849  0.5000
      13      15      14      13       7      15       0
  0.0000  0.0845  0.2190  0.2866  0.3164  0.3849  0.5000
      13      15      14      13       7      15       0
 18   2   6   8
  0.0000  0.2693  0.3275  0.3299  0.4476  0.5000
       7      15       9       7      15       0
  0.0000  0.0276  0.0465  0.0845  0.3275  0.3299  0.4452  0.5000
      13      15      13      15       9       7       9       0
 18   3   5   8
  0.0000  0.0276  0.2190  0.2602  0.5000
      13      15      14      15       0
  0.0000  0.0845  0.2553  0.2693  0.3275  0.3299  0.4452  0.5000
      13      15       7      15       9       7       9       0
 18   4   8   7
  0.0000  0.0276  0.2190  0.2535  0.3275  0.3299  0.4476  0.5000
      13      15      14      15       9       7      15       0
  0.0000  0.0276  0.2190  0.2602  0.3618  0.3849  0.5000
      13      15      14      15       7      15       0
 18   5   6   8
  0.0000  0.0845  0.3275  0.3299  0.4452  0.5000
      13      15       9       7       9       0
  0.0000  0.0276  0.0624  0.0845  0.3275  0.3299  0.4452  0.5000
      13      15      13      15       9       7       9       0
 18   6   7   9
  0.0000  0.0845  0.2190  0.2866  0.3164  0.3849  0.5000
      13      15      14      13       7      15       0
  0.0000  0.0845  0.2190  0.2866  0.2903  0.3275  0.3299  0.4452  0.5000
      13      15      14      13      15       9       7       9       0
 18   7   8   7
  0.0000  0.0276  0.2190  0.2426  0.3275  0.3299  0.4452  0.5000
      13      15      14      15       9       7       9       0
  0.0000  0.0276  0.2190  0.2866  0.3164  0.4476  0.5000
      13      15      14      13       7      15       0
 18   8   6   6
  0.0000  0.0845  0.3275  0.3299  0.4452  0.5000
      13      15       9       7       9       0
  0.0000  0.2693  0.3275  0.3299  0.4452  0.5000
       7      15       9       7       9       0
 18   9   6   6
  0.0000  0.0845  0.3275  0.3299  0.4452  0.5000
      13      15       9       7       9       0
  0.0000  0.0845  0.3275  0.3299  0.4452  0.5000
      13      15       9       7       9       0
 18  10   5   6
  0.0000  0.0276  0.2190  0.2602  0.5000
      13      15      14      15       0
  0.0000  0.1369  0.3275  0.3299  0.4452  0.5000
       7      15       9       7       9       0
 19   1   7   6
  0.0000  0.0276  0.2190  0.2426  0.3262  0.4476  0.5000
      13      15      14      15       7      15       0
  0.0000  0.0845  0.3275  0.3299  0.4452  0.5000
      13      15       9       7       9       0
 19   2   7   8
  0.0000  0.0845  0.2190  0.2866  0.3164  0.3849  0.5000
      13      15      14      13       7      15       0
  0.0000  0.0276  0.0465  0.0845  0.3275  0.3299  0.4452  0.5000
      13      15      13      15       9       7       9       0
 19   3   9   5
  0.0000  0.0845  0.2190  0.2866  0.2903  0.3275  0.3299  0.4452  0.5000
      13      15      14      13      15       9       7       9       0
  0.0000  0.0276  0.2190  0.2602  0.5000
      13      15      14      15       0
 19   4   6   9
  0.0000  0.2167  0.3275  0.3299  0.4452  0.5000
       7      15       9       7       9       0
  0.0000  0.0845  0.2190  0.2866  0.2903  0.3275  0.3299  0.4452  0.5000
      13      15      14      13      15       9       7       9       0
 19   5   8   6
  0.0000  0.0276  0.0624  0.0845  0.3275  0.3299  0.4452  0.5000
      13      15      13      15       9       7       9       0
  0.0000  0.0845  0.3275  0.3299  0.4452  0.5000
      13      15       9       7       9       0
 19   6   8   9
  0.0000  0.0276  0.2190  0.2535  0.3275  0.3299  0.4476  0.5000
      13      15      14      15       9       7      15       0
  0.0000  0.0845  0.2190  0.2866  0.2903  0.3275  0.3299  0.4452  0.5000
      13      15      14      13      15       9       7       9       0
 19   7   6   6
  0.0000  0.0276  0.2190  0.2602  0.4750  0.5000
      13      15      14      15       9       0
  0.0000  0.0845  0.3275  0.3299  0.4452  0.5000
      13      15       9       7       9       0
 19   8   6   8
  0.0000  0.2693  0.3275  0.3299  0.4452  0.5000
       7      15       9       7       9       0
  0.0000  0.0276  0.0465  0.0845  0.3275  0.3299  0.4452  0.5000
      13      15      13      15       9       7       9       0
 19   9   6   7
  0.0000  0.0845  0.3275  0.3299  0.4452  0.5000
      13      15       9       7       9       0
  0.0000  0.0845  0.2190  0.2866  0.3164  0.3849  0.5000
      13      15      14      13       7      15       0
 19  10   6   7
  0.0000  0.0845  0.3275  0.3299  0.4452  0.5000
      13      15       9       7       9       0
  0.0000  0.0146  0.0921  0.3275  0.3299  0.4452  0.5000
      13       7      15       9       7       9       0
 20   1   7   7
  0.0000  0.0146  0.0921  0.3275  0.3299  0.4452  0.5000
      13       7      15       9       7       9       0
  0.0000  0.0845  0.2190  0.2866  0.3164  0.3849  0.5000
      13      15      14      13       7      15       0
 20   2   9  11
  0.0000  0.0845  0.2190  0.2866  0.2903  0.3275  0.3299  0.4476  0.5000
      13      15      14      13      15       9       7      15       0
  0.0000  0.0276  0.0775  0.0845  0.2190  0.2866  0.2903  0.3275  0.3299  0.4452
      13      15      13      15      14      13      15       9       7       9
  0.5000
       0
 20   3   9   7
  0.0000  0.0845  0.2190  0.2866  0.2903  0.3275  0.3299  0.4452  0.5000
      13      15      14      13      15       9       7       9       0
  0.0000  0.0845  0.2190  0.2866  0.3164  0.3849  0.5000
      13      15      14      13       7      15       0
 20   4   6   6
  0.0000  0.0276  0.2190  0.2602  0.4750  0.5000
      13      15      14      15       9       0
  0.0000  0.0845  0.3275  0.3299  0.4452  0.5000
      13      15       9       7       9       0
 20   5   8   8
  0.0000  0.0276  0.0465  0.0845  0.3275  0.3299  0.4452  0.5000
      13      15      13      15       9       7       9       0
  0.0000  0.0276  0.2190  0.2535  0.3275  0.3299  0.4476  0.5000
      13      15      14      15       9       7      15       0
 20   6   8   6
  0.0000  0.0276  0.0624  0.0845  0.3275  0.3299  0.4452  0.5000
      13      15      13      15       9       7       9       0
  0.0000  0.0845  0.3275  0.3299  0.4452  0.5000
      13      15       9       7       9       0
 20   7   9   8
  0.0000  0.0845  0.2190  0.2866  0.2903  0.3275  0.3299  0.4452  0.5000
      13      15      14      13      15       9       7       9       0
  0.0000  0.0276  0.0465  0.0845  0.3275  0.3299  0.4452  0.5000
      13      15      13      15       9       7       9       0
 20   8   6   7
  0.0000  0.0845  0.3275  0.3299  0.4452  0.5000
      13      15       9       7       9       0
  0.0000  0.0146  0.0921  0.3275  0.3299  0.4452  0.5000
      13       7      15       9       7       9       0
 20   9   6   8
  0.0000  0.0845  0.3275  0.3299  0.4452  0.5000
      13      15       9       7       9       0
  0.0000  0.0845  0.2190  0.2866  0.3164  0.3849  0.4747  0.5000
      13      15      14      13       7      15       9       0
 20  10   6   7
  0.0000  0.0845  0.3275  0.3299  0.4452  0.5000
      13      15       9       7       9       0
  0.0000  0.0845  0.2190  0.2866  0.3164  0.3849  0.5000
      13      15      14      13       7      15       0
 21   1   6   6
  0.0000  0.0845  0.3275  0.3299  0.4452  0.5000
      13      15       9       7       9       0
  0.0000  0.0845  0.3275  0.3299  0.4452  0.5000
      13      15       9       7       9       0
 21   2   8   7
  0.0000  0.0276  0.2190  0.2535  0.3275  0.3299  0.4476  0.5000
      13      15      14      15       9       7      15       0
  0.0000  0.0845  0.2190  0.2866  0.3164  0.3849  0.5000
      13      15      14      13       7      15       0
 21   3   7   9
  0.0000  0.0146  0.0921  0.3275  0.3299  0.4452  0.5000
      13       7      15       9       7       9       0
  0.0000  0.0845  0.2190  0.2866  0.2903  0.3275  0.3299  0.4452  0.5000
      13      15      14      13      15       9       7       9       0
 21   4   9   7
  0.0000  0.0845  0.2190  0.2866  0.2903  0.3275  0.3299  0.4452  0.5000
      13      15      14      13      15       9       7       9       0
  0.0000  0.0845  0.2190  0.2866  0.3164  0.3849  0.5000
      13      15      14      13       7      15       0
 21   5   7   8
  0.0000  0.0845  0.2190  0.2866  0.3164  0.3849  0.5000
      13      15      14      13       7      15       0
  0.0000  0.0845  0.2190  0.2603  0.3275  0.3299  0.4452  0.5000
      13      15      14      15       9       7       9       0
 21   6   9   7
  0.0000  0.0845  0.2190  0.2866  0.2903  0.3275  0.3299  0.4452  0.5000
      13      15      14      13      15       9       7       9       0
  0.0000  0.0845  0.2190  0.2866  0.3164  0.3849  0.5000
      13      15      14      13       7      15       0
 21   7  11   6
  0.0000  0.0276  0.0775  0.0845  0.2190  0.2866  0.2903  0.3275  0.3299  0.4452
      13      15      13      15      14      13      15       9       7       9
  0.5000
       0
  0.0000  0.0276  0.0526  0.0845  0.4750  0.5000
      13      15      13      15       9       0
 21   8   7   8
  0.0000  0.0845  0.2190  0.2866  0.3164  0.3849  0.5000
      13      15      14      13       7      15       0
  0.0000  0.0845  0.2190  0.2866  0.3164  0.3849  0.4747  0.5000
      13      15      14      13       7      15       9       0
 21   9   8   6
  0.0000  0.0276  0.0465  0.0845  0.3275  0.3299  0.4452  0.5000
      13      15      13      15       9       7       9       0
  0.0000  0.0845  0.3275  0.3299  0.4452  0.5000
      13      15       9       7       9       0
 21  10   7   7
  0.0000  0.0146  0.0921  0.3275  0.3299  0.4452  0.5000
      13       7      15       9       7       9       0
  0.0000  0.0845  0.2190  0.2866  0.3164  0.4452  0.5000
      13      15      14      13       7       9       0
 22   1   8   6
  0.0000  0.0276  0.0465  0.0845  0.3275  0.3299  0.4452  0.5000
      13      15      13      15       9       7       9       0
  0.0000  0.0845  0.3275  0.3299  0.4452  0.5000
      13      15       9       7       9       0
 22   2  11   9
  0.0000  0.0276  0.0775  0.0845  0.2190  0.2866  0.2903  0.3275  0.3299  0.4452
      13      15      13      15      14      13      15       9       7       9
  0.5000
       0
  0.0000  0.0845  0.2190  0.2866  0.2903  0.3275  0.3299  0.4452  0.5000
      13      15      14      13      15       9       7       9       0
 22   3   9   8
  0.0000  0.0845  0.2190  0.2866  0.2903  0.3275  0.3299  0.4452  0.5000
      13      15      14      13      15       9       7       9       0
  0.0000  0.0845  0.2190  0.2866  0.3164  0.3849  0.4578  0.5000
      13      15      14      13       7      15       9       0
 22   4   7  11
  0.0000  0.0845  0.2190  0.2866  0.3164  0.3849  0.5000
      13      15      14      13       7      15       0
  0.0000  0.0845  0.2190  0.2866  0.2903  0.3275  0.3299  0.4293  0.4435  0.4452
      13      15      14      13      15       9       7      15       7       9
  0.5000
       0
 22   5   8   9
  0.0000  0.0276  0.2190  0.2535  0.3275  0.3299  0.4476  0.5000
      13      15      14      15       9       7      15       0
  0.0000  0.0146  0.0211  0.0845  0.2190  0.2866  0.3164  0.4452  0.5000
      13       7      13      15      14      13       7       9       0
 22   6   7   6
  0.0000  0.0845  0.2190  0.2866  0.3164  0.3849  0.5000
      13      15      14      13       7      15       0
  0.0000  0.0845  0.3275  0.3299  0.4452  0.5000
      13      15       9       7       9       0
 22   7   8   7
  0.0000  0.0276  0.0465  0.0845  0.3275  0.3299  0.4452  0.5000
      13      15      13      15       9       7       9       0
  0.0000  0.0146  0.0921  0.3275  0.3299  0.4452  0.5000
      13       7      15       9       7       9       0
 22   8   7  11
  0.0000  0.0845  0.2190  0.2866  0.3164  0.4452  0.5000
      13      15      14      13       7       9       0
  0.0000  0.0276  0.0775  0.0845  0.2190  0.2866  0.2903  0.3275  0.3299  0.4452
      13      15      13      15      14      13      15       9       7       9
  0.5000
       0
 22   9   7   8
  0.0000  0.0146  0.0921  0.3275  0.3299  0.4452  0.5000
      13       7      15       9       7       9       0
  0.0000  0.0276  0.0465  0.0845  0.3275  0.3299  0.4452  0.5000
      13      15      13      15       9       7       9       0
 22  10   9   6
  0.0000  0.0845  0.2190  0.2866  0.2903  0.3275  0.3299  0.4452  0.5000
      13      15      14      13      15       9       7       9       0
  0.0000  0.0845  0.3275  0.3299  0.4452  0.5000
      13      15       9       7       9       0
 23   1   7   7
  0.0000  0.0276  0.2190  0.2866  0.3164  0.4452  0.5000
      13      15      14      13       7       9       0
  0.0000  0.0276  0.2190  0.2866  0.3164  0.4452  0.5000
      13      15      14      13       7       9       0
 23   2  11   8
  0.0000  0.0276  0.0775  0.0845  0.2190  0.2866  0.2903  0.3275  0.3299  0.4452
      13      15      13      15      14      13      15       9       7       9
  0.5000
       0
  0.0000  0.0276  0.0465  0.0845  0.3275  0.3299  0.4452  0.5000
      13      15      13      15       9       7       9       0
 23   3   7  11
  0.0000  0.0146  0.0921  0.3275  0.3299  0.4452  0.5000
      13       7      15       9       7       9       0
  0.0000  0.0276  0.0775  0.0845  0.2190  0.2866  0.2903  0.3275  0.3299  0.4452
      13      15      13      15      14      13      15       9       7       9
  0.5000
       0
 23   4  10   8
  0.0000  0.0845  0.2190  0.2866  0.2903  0.3275  0.3299  0.4361  0.4578  0.5000
      13      15      14      13      15       9       7      15       9       0


  0.0000  0.0276  0.0465  0.0845  0.3275  0.3299  0.4452  0.5000
      13      15      13      15       9       7       9       0
 23   5   7   6
  0.0000  0.0845  0.2190  0.2866  0.3164  0.4452  0.5000
      13      15      14      13       7       9       0
  0.0000  0.0845  0.3275  0.3299  0.4452  0.5000
      13      15       9       7       9       0
 23   6   6   7
  0.0000  0.0845  0.3275  0.3299  0.4452  0.5000
      13      15       9       7       9       0
  0.0000  0.0845  0.2190  0.2866  0.3164  0.3849  0.5000
      13      15      14      13       7      15       0
 23   7   9   8
  0.0000  0.0845  0.2190  0.2866  0.2903  0.2984  0.3164  0.3849  0.5000
      13      15      14      13      15      13       7      15       0
  0.0000  0.0276  0.0465  0.0845  0.3275  0.3299  0.4452  0.5000
      13      15      13      15       9       7       9       0
 23   8   7   8
  0.0000  0.0845  0.2190  0.2866  0.3164  0.4452  0.5000
      13      15      14      13       7       9       0
  0.0000  0.0276  0.0465  0.0845  0.3275  0.3299  0.4452  0.5000
      13      15      13      15       9       7       9       0
 23   9   8  11
  0.0000  0.0276  0.2190  0.2535  0.3275  0.3299  0.4476  0.5000
      13      15      14      15       9       7      15       0
  0.0000  0.0276  0.0775  0.0845  0.2190  0.2866  0.2903  0.3275  0.3299  0.4452
      13      15      13      15      14      13      15       9       7       9
  0.5000
       0
 23  10   7   6
  0.0000  0.0146  0.0921  0.3275  0.3299  0.4452  0.5000
      13       7      15       9       7       9       0
  0.0000  0.0845  0.3275  0.3299  0.4452  0.5000
      13      15       9       7       9       0
 24   1   8   7
  0.0000  0.0276  0.0465  0.0845  0.3275  0.3299  0.4452  0.5000
      13      15      13      15       9       7       9       0
  0.0000  0.0845  0.2190  0.2866  0.3164  0.4452  0.5000
      13      15      14      13       7       9       0
 24   2  11  10
  0.0000  0.0276  0.0775  0.0845  0.2190  0.2866  0.2903  0.3275  0.3299  0.4452
      13      15      13      15      14      13      15       9       7       9
  0.5000
       0
  0.0000  0.0276  0.0775  0.0845  0.2190  0.2724  0.3275  0.3299  0.4476  0.5000
      13      15      13      15      14      15       9       7      15       0


 24   3   7   6
  0.0000  0.0146  0.0921  0.3275  0.3299  0.4452  0.5000
      13       7      15       9       7       9       0
  0.0000  0.0845  0.3275  0.3299  0.4452  0.5000
      13      15       9       7       9       0
 24   4   7   7
  0.0000  0.0845  0.2190  0.2866  0.3164  0.3849  0.5000
      13      15      14      13       7      15       0
  0.0000  0.0845  0.2555  0.2866  0.3164  0.4452  0.5000
      13      15      14      13       7       9       0
 24   5   7   8
  0.0000  0.0845  0.2190  0.2866  0.3164  0.4452  0.5000
      13      15      14      13       7       9       0
  0.0000  0.0276  0.0465  0.0845  0.3275  0.3299  0.4452  0.5000
      13      15      13      15       9       7       9       0
 24   6   7   7
  0.0000  0.0146  0.0921  0.3275  0.3299  0.4452  0.5000
      13       7      15       9       7       9       0
  0.0000  0.0276  0.2190  0.2866  0.3164  0.4452  0.5000
      13      15      14      13       7       9       0
 24   7   8   8
  0.0000  0.0146  0.0465  0.0845  0.3275  0.3299  0.4452  0.5000
      13       7      13      15       9       7       9       0
  0.0000  0.0276  0.0465  0.0845  0.3275  0.3299  0.4452  0.5000
      13      15      13      15       9       7       9       0
 24   8  10   6
  0.0000  0.0845  0.2190  0.2866  0.2903  0.3275  0.3299  0.4361  0.4463  0.5000
      13      15      14      13      15       9       7      15       9       0


  0.0000  0.0845  0.3275  0.3299  0.4452  0.5000
      13      15       9       7       9       0
 24   9   7   9
  0.0000  0.0845  0.2190  0.2866  0.3164  0.4452  0.5000
      13      15      14      13       7       9       0
  0.0000  0.0276  0.0465  0.0845  0.2190  0.2866  0.3164  0.4452  0.5000
      13      15      13      15      14      13       7       9       0
 24  10   7   8
  0.0000  0.0276  0.2190  0.2866  0.3164  0.4452  0.5000
      13      15      14      13       7       9       0
  0.0000  0.0276  0.2190  0.2535  0.3275  0.3299  0.4476  0.5000
      13      15      14      15       9       7      15       0
 25   1   9  11
  0.0000  0.0276  0.0465  0.0845  0.2190  0.2866  0.3164  0.4452  0.5000
      13      15      13      15      14      13       7       9       0
  0.0000  0.0276  0.0775  0.0845  0.2190  0.2866  0.2903  0.3275  0.3299  0.4452
      13      15      13      15      14      13      15       9       7       9
  0.5000
       0
 25   2   7   8
  0.0000  0.0845  0.2190  0.2866  0.3164  0.4452  0.5000
      13      15      14      13       7       9       0
  0.0000  0.0276  0.0465  0.0845  0.3275  0.3299  0.4452  0.5000
      13      15      13      15       9       7       9       0
 25   3   8   7
  0.0000  0.0276  0.0465  0.0845  0.3275  0.3299  0.4452  0.5000
      13      15      13      15       9       7       9       0
  0.0000  0.0146  0.0921  0.3275  0.3299  0.4452  0.5000
      13       7      15       9       7       9       0
 25   4   7   7
  0.0000  0.0845  0.2190  0.2866  0.3164  0.4452  0.5000
      13      15      14      13       7       9       0
  0.0000  0.0276  0.2190  0.2866  0.3164  0.4452  0.5000
      13      15      14      13       7       9       0
 25   5   7  10
  0.0000  0.0276  0.2190  0.2866  0.3164  0.4476  0.5000
      13      15      14      13       7      15       0
  0.0000  0.0276  0.0775  0.0845  0.2190  0.2724  0.3275  0.3299  0.4476  0.5000
      13      15      13      15      14      15       9       7      15       0


 25   6   7   8
  0.0000  0.0845  0.2190  0.2866  0.3164  0.4452  0.5000
      13      15      14      13       7       9       0
  0.0000  0.0276  0.2190  0.2535  0.3275  0.3299  0.4476  0.5000
      13      15      14      15       9       7      15       0
 25   7   7   8
  0.0000  0.0276  0.2190  0.2866  0.3164  0.4452  0.5000
      13      15      14      13       7       9       0
  0.0000  0.0276  0.0465  0.0845  0.3275  0.3299  0.4452  0.5000
      13      15      13      15       9       7       9       0
 25   8   7   9
  0.0000  0.0845  0.2190  0.2866  0.3164  0.4452  0.5000
      13      15      14      13       7       9       0
  0.0000  0.0276  0.0465  0.0845  0.2190  0.2866  0.3164  0.4452  0.5000
      13      15      13      15      14      13       7       9       0
 25   9   8  11
  0.0000  0.0845  0.2190  0.2570  0.3275  0.3299  0.4452  0.5000
      13      15      14      15       9       7       9       0
  0.0000  0.0276  0.0775  0.0845  0.2190  0.2866  0.2903  0.3275  0.3299  0.4452
      13      15      13      15      14      13      15       9       7       9
  0.5000
       0
 25  10   8   7
  0.0000  0.0276  0.0465  0.0845  0.3275  0.3299  0.4452  0.5000
      13      15      13      15       9       7       9       0
  0.0000  0.0845  0.2190  0.2866  0.3164  0.4452  0.5000
      13      15      14      13       7       9       0
 26   1   8   7
  0.0000  0.0276  0.0796  0.0845  0.3275  0.3299  0.4452  0.5000
      13      15      13      15       9       7       9       0
  0.0000  0.0276  0.2190  0.2866  0.3164  0.4476  0.5000
      13      15      14      13       7      15       0
 26   2   8   9
  0.0000  0.0276  0.0465  0.0845  0.3275  0.3299  0.4452  0.5000
      13      15      13      15       9       7       9       0
  0.0000  0.0276  0.0465  0.0845  0.2190  0.2866  0.3164  0.4452  0.5000
      13      15      13      15      14      13       7       9       0
 26   3   9   7
  0.0000  0.0276  0.0465  0.0845  0.2190  0.2866  0.3164  0.4452  0.5000
      13      15      13      15      14      13       7       9       0
  0.0000  0.0845  0.2190  0.2866  0.3164  0.4452  0.5000
      13      15      14      13       7       9       0
 26   4  11   7
  0.0000  0.0276  0.0775  0.0845  0.2190  0.2866  0.2903  0.3275  0.3299  0.4452
      13      15      13      15      14      13      15       9       7       9
  0.5000
       0
  0.0000  0.0845  0.2190  0.2866  0.3164  0.4452  0.5000
      13      15      14      13       7       9       0
 26   5   8   9
  0.0000  0.0276  0.0465  0.0845  0.3275  0.3299  0.4452  0.5000
      13      15      13      15       9       7       9       0
  0.0000  0.0276  0.0311  0.0845  0.2190  0.2866  0.3164  0.4452  0.5000
      13      15      13      15      14      13       7       9       0
 26   6   8   7
  0.0000  0.0276  0.0465  0.0845  0.3275  0.3299  0.4452  0.5000
      13      15      13      15       9       7       9       0
  0.0000  0.0276  0.2190  0.2866  0.3164  0.4452  0.5000
      13      15      14      13       7       9       0
 26   7   8   8
  0.0000  0.0845  0.2190  0.2570  0.3275  0.3299  0.4452  0.5000
      13      15      14      15       9       7       9       0
  0.0000  0.0276  0.0657  0.0845  0.3275  0.3299  0.4452  0.5000
      13      15      13      15       9       7       9       0
 26   8  11   7
  0.0000  0.0276  0.0775  0.0845  0.2190  0.2866  0.2903  0.3275  0.3299  0.4452
      13      15      13      15      14      13      15       9       7       9
  0.5000
       0
  0.0000  0.0845  0.2190  0.2866  0.3164  0.4452  0.5000
      13      15      14      13       7       9       0
 26   9   7  11
  0.0000  0.0276  0.2190  0.2866  0.3164  0.4452  0.5000
      13      15      14      13       7       9       0
  0.0000  0.0276  0.0775  0.0845  0.2190  0.2866  0.2903  0.3275  0.3299  0.4452
      13      15      13      15      14      13      15       9       7       9
  0.5000
       0
 26  10   9   8
  0.0000  0.0276  0.0705  0.0845  0.2190  0.2866  0.3164  0.4452  0.5000
      13      15      13      15      14      13       7       9       0
  0.0000  0.0276  0.0465  0.0845  0.3275  0.3299  0.4452  0.5000
      13      15      13      15       9       7       9       0
 27   1   8   7
  0.0000  0.0276  0.0657  0.0845  0.3275  0.3299  0.4452  0.5000
      13      15      13      15       9       7       9       0
  0.0000  0.0276  0.2190  0.2866  0.3164  0.4452  0.5000
      13      15      14      13       7       9       0
 27   2   8  11
  0.0000  0.0276  0.0796  0.0845  0.3275  0.3299  0.4452  0.5000
      13      15      13      15       9       7       9       0
  0.0000  0.0276  0.0775  0.0845  0.2190  0.2866  0.2903  0.3275  0.3299  0.4452
      13      15      13      15      14      13      15       9       7       9
  0.5000
       0
 27   3  11   9
  0.0000  0.0276  0.0775  0.0845  0.2190  0.2866  0.2903  0.3275  0.3299  0.4452
      13      15      13      15      14      13      15       9       7       9
  0.5000
       0
  0.0000  0.0276  0.0465  0.0845  0.2190  0.2866  0.3164  0.4452  0.5000
      13      15      13      15      14      13       7       9       0
 27   4   7   8
  0.0000  0.0276  0.2190  0.2866  0.3164  0.4476  0.5000
      13      15      14      13       7      15       0
  0.0000  0.0276  0.0311  0.0845  0.3275  0.3299  0.4452  0.5000
      13      15      13      15       9       7       9       0
 27   5   7   9
  0.0000  0.0845  0.2190  0.2866  0.3164  0.4452  0.5000
      13      15      14      13       7       9       0
  0.0000  0.0276  0.0705  0.0845  0.2190  0.2866  0.3164  0.4452  0.5000
      13      15      13      15      14      13       7       9       0
 27   6  11  11
  0.0000  0.0276  0.0775  0.0845  0.2190  0.2866  0.2903  0.3275  0.3299  0.4452
      13      15      13      15      14      13      15       9       7       9
  0.5000
       0
  0.0000  0.0276  0.0775  0.0845  0.2190  0.2866  0.2903  0.3275  0.3299  0.4452
      13      15      13      15      14      13      15       9       7       9
  0.5000
       0
 27   7   9   8
  0.0000  0.0276  0.0311  0.0845  0.2190  0.2866  0.3164  0.4452  0.5000
      13      15      13      15      14      13       7       9       0
  0.0000  0.0276  0.0465  0.0845  0.3275  0.3299  0.4452  0.5000
      13      15      13      15       9       7       9       0
 27   8   9   7
  0.0000  0.0276  0.0775  0.0845  0.2190  0.2866  0.3164  0.4452  0.5000
      13      15      13      15      14      13       7       9       0
  0.0000  0.0276  0.2190  0.2866  0.3164  0.4452  0.5000
      13      15      14      13       7       9       0
 27   9   7   7
  0.0000  0.0845  0.2190  0.2866  0.3164  0.4452  0.5000
      13      15      14      13       7       9       0
  0.0000  0.0276  0.2190  0.2866  0.3164  0.4476  0.5000
      13      15      14      13       7      15       0
 27  10  11   9
  0.0000  0.0276  0.0775  0.0845  0.2190  0.2866  0.2903  0.3275  0.3299  0.4452
      13      15      13      15      14      13      15       9       7       9
  0.5000
       0
  0.0000  0.0276  0.0465  0.0845  0.2190  0.2866  0.3164  0.4452  0.5000
      13      15      13      15      14      13       7       9       0
 28   1   9   8
  0.0000  0.0276  0.0465  0.0845  0.2190  0.2866  0.3164  0.4452  0.5000
      13      15      13      15      14      13       7       9       0
  0.0000  0.0276  0.0657  0.0845  0.3275  0.3299  0.4452  0.5000
      13      15      13      15       9       7       9       0
 28   2   7   9
  0.0000  0.0845  0.2190  0.2866  0.3164  0.4452  0.5000
      13      15      14      13       7       9       0
  0.0000  0.0276  0.0775  0.0845  0.2190  0.2866  0.3164  0.4452  0.5000
      13      15      13      15      14      13       7       9       0
 28   3  11   7
  0.0000  0.0276  0.0775  0.0845  0.2190  0.2866  0.2903  0.3275  0.3299  0.4452
      13      15      13      15      14      13      15       9       7       9
  0.5000
       0
  0.0000  0.0845  0.2190  0.2866  0.3164  0.4452  0.5000
      13      15      14      13       7       9       0
 28   4  10   7
  0.0000  0.0276  0.0311  0.0845  0.2190  0.2630  0.3275  0.3299  0.4452  0.5000
      13      15      13      15      14      15       9       7       9       0


  0.0000  0.0845  0.2190  0.2866  0.3164  0.4452  0.5000
      13      15      14      13       7       9       0
 28   5   7  11
  0.0000  0.0845  0.2190  0.2866  0.3164  0.4476  0.5000
      13      15      14      13       7      15       0
  0.0000  0.0276  0.0775  0.0845  0.2190  0.2866  0.2903  0.3275  0.3299  0.4452
      13      15      13      15      14      13      15       9       7       9
  0.5000
       0
 28   6  11   8
  0.0000  0.0276  0.0775  0.0845  0.2190  0.2866  0.2903  0.3275  0.3299  0.4452
      13      15      13      15      14      13      15       9       7       9
  0.5000
       0
  0.0000  0.0276  0.0311  0.0845  0.3275  0.3299  0.4452  0.5000
      13      15      13      15       9       7       9       0
 28   7   8   9
  0.0000  0.0276  0.2190  0.2654  0.3275  0.3299  0.4452  0.5000
      13      15      14      15       9       7       9       0
  0.0000  0.0276  0.0705  0.0845  0.2190  0.2866  0.3164  0.4452  0.5000
      13      15      13      15      14      13       7       9       0
 28   8   9   8
  0.0000  0.0276  0.0465  0.0845  0.2190  0.2866  0.3164  0.4452  0.5000
      13      15      13      15      14      13       7       9       0
  0.0000  0.0276  0.0465  0.0845  0.3275  0.3299  0.4452  0.5000
      13      15      13      15       9       7       9       0
 28   9  11  11
  0.0000  0.0276  0.0775  0.0845  0.2190  0.2866  0.2903  0.3275  0.3299  0.4452
      13      15      13      15      14      13      15       9       7       9
  0.5000
       0
  0.0000  0.0276  0.0775  0.0845  0.2190  0.2866  0.2903  0.3275  0.3299  0.4452
      13      15      13      15      14      13      15       9       7       9
  0.5000
       0
 28  10   7   7
  0.0000  0.0845  0.2190  0.2866  0.3164  0.4452  0.5000
      13      15      14      13       7       9       0
  0.0000  0.0845  0.2190  0.2866  0.3164  0.4452  0.5000
      13      15      14      13       7       9       0
 29   1   7   7
  0.0000  0.0845  0.2190  0.2866  0.3164  0.4452  0.5000
      13      15      14      13       7       9       0
  0.0000  0.0845  0.2190  0.2866  0.3164  0.4452  0.5000
      13      15      14      13       7       9       0
 29   2   7   8
  0.0000  0.0845  0.2190  0.2866  0.3164  0.4452  0.5000
      13      15      14      13       7       9       0
  0.0000  0.0276  0.0311  0.0845  0.3275  0.3299  0.4452  0.5000
      13      15      13      15       9       7       9       0
 29   3   7  11
  0.0000  0.0845  0.2190  0.2866  0.3164  0.4452  0.5000
      13      15      14      13       7       9       0
  0.0000  0.0276  0.0775  0.0845  0.2190  0.2866  0.2903  0.3275  0.3299  0.4452
      13      15      13      15      14      13      15       9       7       9
  0.5000
       0
 29   4   9   8
  0.0000  0.0276  0.0465  0.0845  0.2190  0.2866  0.3164  0.4452  0.5000
      13      15      13      15      14      13       7       9       0
  0.0000  0.0276  0.0465  0.0845  0.3275  0.3299  0.4452  0.5000
      13      15      13      15       9       7       9       0
 29   5   7   7
  0.0000  0.0845  0.2190  0.2866  0.3164  0.4452  0.5000
      13      15      14      13       7       9       0
  0.0000  0.0845  0.2190  0.2866  0.3164  0.4452  0.5000
      13      15      14      13       7       9       0
 29   6   8   9
  0.0000  0.0276  0.2190  0.2654  0.3275  0.3299  0.4452  0.5000
      13      15      14      15       9       7       9       0
  0.0000  0.0276  0.0465  0.0845  0.2190  0.2866  0.3164  0.4452  0.5000
      13      15      13      15      14      13       7       9       0
 29   7  11   7
  0.0000  0.0276  0.0775  0.0845  0.2190  0.2866  0.2903  0.3275  0.3299  0.4452
      13      15      13      15      14      13      15       9       7       9
  0.5000
       0
  0.0000  0.0845  0.2190  0.2866  0.3164  0.4452  0.5000
      13      15      14      13       7       9       0
 29   8   9   9
  0.0000  0.0276  0.0705  0.0845  0.2190  0.2866  0.3164  0.4452  0.5000
      13      15      13      15      14      13       7       9       0
  0.0000  0.0276  0.0465  0.0845  0.2190  0.2866  0.3164  0.4452  0.5000
      13      15      13      15      14      13       7       9       0
 29   9  11   9
  0.0000  0.0448  0.0775  0.0845  0.2190  0.2866  0.2903  0.3275  0.3299  0.4452
      13      15      13      15      14      13      15       9       7       9
  0.5000
       0
  0.0000  0.0276  0.0775  0.0845  0.2190  0.2866  0.3164  0.4452  0.5000
      13      15      13      15      14      13       7       9       0
 29  10   8   8
  0.0000  0.0276  0.0465  0.0845  0.3275  0.3299  0.4452  0.5000
      13      15      13      15       9       7       9       0
  0.0000  0.0276  0.2190  0.2654  0.3275  0.3299  0.4452  0.5000
      13      15      14      15       9       7       9       0
 30   1   8   9
  0.0000  0.0276  0.0465  0.0845  0.3275  0.3299  0.4452  0.5000
      13      15      13      15       9       7       9       0
  0.0000  0.0276  0.0465  0.0845  0.2190  0.2866  0.3164  0.4452  0.5000
      13      15      13      15      14      13       7       9       0
 30   2  11   8
  0.0000  0.0276  0.0775  0.0845  0.2190  0.2866  0.2903  0.3275  0.3299  0.4452
      13      15      13      15      14      13      15       9       7       9
  0.5000
       0
  0.0000  0.0276  0.0465  0.0845  0.3275  0.3299  0.4452  0.5000
      13      15      13      15       9       7       9       0
 30   3   7   8
  0.0000  0.0845  0.2190  0.2866  0.3164  0.4452  0.5000
      13      15      14      13       7       9       0
  0.0000  0.0276  0.0465  0.0845  0.3275  0.3299  0.4452  0.5000
      13      15      13      15       9       7       9       0
 30   4   7   9
  0.0000  0.0845  0.2190  0.2866  0.3164  0.4452  0.5000
      13      15      14      13       7       9       0
  0.0000  0.0276  0.0465  0.0845  0.2190  0.2866  0.3164  0.4452  0.5000
      13      15      13      15      14      13       7       9       0
 30   5   7   8
  0.0000  0.0845  0.2190  0.2866  0.3164  0.4452  0.5000
      13      15      14      13       7       9       0
  0.0000  0.0276  0.2190  0.2654  0.3275  0.3299  0.4452  0.5000
      13      15      14      15       9       7       9       0
 30   6   7   8
  0.0000  0.0845  0.2190  0.2866  0.3164  0.4452  0.5000
      13      15      14      13       7       9       0
  0.0000  0.0276  0.2190  0.2654  0.3275  0.3299  0.4452  0.5000
      13      15      14      15       9       7       9       0
 30   7   8   8
  0.0000  0.0276  0.0465  0.0845  0.3275  0.3299  0.4452  0.5000
      13      15      13      15       9       7       9       0
  0.0000  0.0276  0.0465  0.0845  0.3275  0.3299  0.4452  0.5000
      13      15      13      15       9       7       9       0
 30   8   7   7
  0.0000  0.0845  0.2190  0.2866  0.3164  0.4452  0.5000
      13      15      14      13       7       9       0
  0.0000  0.0845  0.2190  0.2866  0.3164  0.4452  0.5000
      13      15      14      13       7       9       0
 30   9  10   9
  0.0000  0.0276  0.0465  0.0845  0.2190  0.2654  0.3275  0.3299  0.4452  0.5000
      13      15      13      15      14      15       9       7       9       0


  0.0000  0.0276  0.0775  0.0845  0.2190  0.2866  0.3164  0.4452  0.5000
      13      15      13      15      14      13       7       9       0
 30  10  11   7
  0.0000  0.0276  0.0775  0.0845  0.2190  0.2866  0.2903  0.3275  0.3299  0.4452
      13      15      13      15      14      13      15       9       7       9
  0.5000
       0
  0.0000  0.0845  0.2190  0.2866  0.3164  0.4452  0.5000
      13      15      14      13       7       9       0
 31   1   7  11
  0.0000  0.0845  0.2190  0.2866  0.3164  0.4452  0.5000
      13      15      14      13       7       9       0
  0.0000  0.0276  0.0775  0.0845  0.2190  0.2866  0.2903  0.3275  0.3299  0.4452
      13      15      13      15      14      13      15       9       7       9
  0.5000
       0
 31   2   9   8
  0.0000  0.0276  0.0465  0.0845  0.2190  0.2866  0.3164  0.4452  0.5000
      13      15      13      15      14      13       7       9       0
  0.0000  0.0276  0.0465  0.0845  0.3275  0.3299  0.4452  0.5000
      13      15      13      15       9       7       9       0
 31   3   7  11
  0.0000  0.0307  0.2190  0.2866  0.3164  0.4452  0.5000
      13      15      14      13       7       9       0
  0.0000  0.0276  0.0775  0.0845  0.2190  0.2866  0.2903  0.3275  0.3299  0.4452
      13      15      13      15      14      13      15       9       7       9
  0.5000
       0
 31   4   9   8
  0.0000  0.0276  0.0775  0.0845  0.2190  0.2866  0.3164  0.4452  0.5000
      13      15      13      15      14      13       7       9       0
  0.0000  0.0276  0.0465  0.0845  0.3275  0.3299  0.4452  0.5000
      13      15      13      15       9       7       9       0
 31   5   7   8
  0.0000  0.0845  0.2190  0.2866  0.3164  0.4452  0.5000
      13      15      14      13       7       9       0
  0.0000  0.0276  0.0465  0.0845  0.3275  0.3299  0.4452  0.5000
      13      15      13      15       9       7       9       0
 31   6   8   8
  0.0000  0.0845  0.2190  0.2313  0.3275  0.3299  0.4452  0.5000
      13      15      14      15       9       7       9       0
  0.0000  0.0276  0.0465  0.0845  0.3275  0.3299  0.4452  0.5000
      13      15      13      15       9       7       9       0
 31   7   8   7
  0.0000  0.0276  0.0465  0.0845  0.3275  0.3299  0.4452  0.5000
      13      15      13      15       9       7       9       0
  0.0000  0.0845  0.2190  0.2866  0.3164  0.4452  0.5000
      13      15      14      13       7       9       0
 31   8  10   8
  0.0000  0.0276  0.0465  0.0845  0.2190  0.2654  0.3275  0.3299  0.4452  0.5000
      13      15      13      15      14      15       9       7       9       0


  0.0000  0.0276  0.0465  0.0845  0.3275  0.3299  0.4452  0.5000
      13      15      13      15       9       7       9       0
 31   9   8   9
  0.0000  0.0276  0.2190  0.2654  0.3275  0.3299  0.4452  0.5000
      13      15      14      15       9       7       9       0
  0.0000  0.0276  0.0465  0.0845  0.2190  0.2866  0.3164  0.4452  0.5000
      13      15      13      15      14      13       7       9       0
 31  10   8   7
  0.0000  0.0276  0.2190  0.2654  0.3275  0.3299  0.4452  0.5000
      13      15      14      15       9       7       9       0
  0.0000  0.0845  0.2190  0.2866  0.3164  0.4452  0.5000
      13      15      14      13       7       9       0
 32   1   8   8
  0.0000  0.0276  0.0465  0.0845  0.3275  0.3299  0.4452  0.5000
      13      15      13      15       9       7       9       0
  0.0000  0.0276  0.2190  0.2654  0.3275  0.3299  0.4452  0.5000
      13      15      14      15       9       7       9       0
 32   2   8   8
  0.0000  0.0276  0.0465  0.0845  0.3275  0.3299  0.4452  0.5000
      13      15      13      15       9       7       9       0
  0.0000  0.0276  0.2190  0.2654  0.3275  0.3299  0.4452  0.5000
      13      15      14      15       9       7       9       0
 32   3   8   9
  0.0000  0.0276  0.0465  0.0845  0.3275  0.3299  0.4452  0.5000
      13      15      13      15       9       7       9       0
  0.0000  0.0276  0.0465  0.0845  0.2190  0.2866  0.3164  0.4452  0.5000
      13      15      13      15      14      13       7       9       0
 32   4   8   8
  0.0000  0.0276  0.0465  0.0845  0.3275  0.3299  0.4452  0.5000
      13      15      13      15       9       7       9       0
  0.0000  0.0276  0.2190  0.2654  0.3275  0.3299  0.4452  0.5000
      13      15      14      15       9       7       9       0
 32   5  11   8
  0.0000  0.0276  0.0775  0.0845  0.2190  0.2866  0.2903  0.3275  0.3299  0.4452
      13      15      13      15      14      13      15       9       7       9
  0.5000
       0
  0.0000  0.0276  0.0465  0.0845  0.3275  0.3299  0.4452  0.5000
      13      15      13      15       9       7       9       0
 32   6   8  10
  0.0000  0.0276  0.0465  0.0845  0.3275  0.3299  0.4452  0.5000
      13      15      13      15       9       7       9       0
  0.0000  0.0276  0.0465  0.0845  0.2190  0.2313  0.3275  0.3299  0.4452  0.5000
      13      15      13      15      14      15       9       7       9       0


 32   7   9   7
  0.0000  0.0276  0.0465  0.0845  0.2190  0.2866  0.3164  0.4452  0.5000
      13      15      13      15      14      13       7       9       0
  0.0000  0.0307  0.2190  0.2866  0.3164  0.4452  0.5000
      13      15      14      13       7       9       0
 32   8   7   7
  0.0000  0.0845  0.2190  0.2866  0.3164  0.4452  0.5000
      13      15      14      13       7       9       0
  0.0000  0.0845  0.2190  0.2866  0.3164  0.4452  0.5000
      13      15      14      13       7       9       0
 32   9   8   8
  0.0000  0.0276  0.0465  0.0845  0.3275  0.3299  0.4452  0.5000
      13      15      13      15       9       7       9       0
  0.0000  0.0276  0.0465  0.0845  0.3275  0.3299  0.4452  0.5000
      13      15      13      15       9       7       9       0
 32  10   7   8
  0.0000  0.0845  0.2190  0.2866  0.3164  0.4452  0.5000
      13      15      14      13       7       9       0
  0.0000  0.0276  0.0465  0.0845  0.3275  0.3299  0.4452  0.5000
      13      15      13      15       9       7       9       0
 33   1   7   9
  0.0000  0.0845  0.2190  0.2866  0.3164  0.4452  0.5000
      13      15      14      13       7       9       0
  0.0000  0.0276  0.0465  0.0845  0.2190  0.2866  0.3164  0.4452  0.5000
      13      15      13      15      14      13       7       9       0
 33   2   8   8
  0.0000  0.0276  0.0465  0.0845  0.3275  0.3299  0.4452  0.5000
      13      15      13      15       9       7       9       0
  0.0000  0.0276  0.2190  0.2654  0.3275  0.3299  0.4452  0.5000
      13      15      14      15       9       7       9       0
 33   3   8  10
  0.0000  0.0276  0.0465  0.0845  0.3275  0.3299  0.4452  0.5000
      13      15      13      15       9       7       9       0
  0.0000  0.0276  0.0465  0.0845  0.2190  0.2654  0.3275  0.3299  0.4452  0.5000
      13      15      13      15      14      15       9       7       9       0


 33   4   8   8
  0.0000  0.0276  0.0465  0.0845  0.3275  0.3299  0.4452  0.5000
      13      15      13      15       9       7       9       0
  0.0000  0.0276  0.0465  0.0845  0.3275  0.3299  0.4452  0.5000
      13      15      13      15       9       7       9       0
 33   5   8  11
  0.0000  0.0276  0.2190  0.2654  0.3275  0.3299  0.4452  0.5000
      13      15      14      15       9       7       9       0
  0.0000  0.0276  0.0775  0.0845  0.2190  0.2866  0.2903  0.3275  0.3299  0.4452
      13      15      13      15      14      13      15       9       7       9
  0.5000
       0
 33   6   8   8
  0.0000  0.0276  0.2190  0.2654  0.3275  0.3299  0.4452  0.5000
      13      15      14      15       9       7       9       0
  0.0000  0.0276  0.0465  0.0845  0.3275  0.3299  0.4452  0.5000
      13      15      13      15       9       7       9       0
 33   7   7   8
  0.0000  0.0845  0.2190  0.2866  0.3164  0.4452  0.5000
      13      15      14      13       7       9       0
  0.0000  0.0276  0.0465  0.0845  0.3275  0.3299  0.4452  0.5000
      13      15      13      15       9       7       9       0
 33   8   8   9
  0.0000  0.0276  0.2190  0.2654  0.3275  0.3299  0.4452  0.5000
      13      15      14      15       9       7       9       0
  0.0000  0.0276  0.0465  0.0845  0.2190  0.2866  0.3164  0.4452  0.5000
      13      15      13      15      14      13       7       9       0
 33   9   7   8
  0.0000  0.0845  0.2190  0.2866  0.3164  0.4452  0.5000
      13      15      14      13       7       9       0
  0.0000  0.0276  0.2190  0.2196  0.3275  0.3299  0.4452  0.5000
      13      15      14      15       9       7       9       0
 33  10   8   8
  0.0000  0.0276  0.2190  0.2654  0.3275  0.3299  0.4452  0.5000
      13      15      14      15       9       7       9       0
  0.0000  0.0276  0.0465  0.0845  0.3275  0.3299  0.4452  0.5000
      13      15      13      15       9       7       9       0
 34   1   8   8
  0.0000  0.0276  0.0465  0.0845  0.3275  0.3299  0.4452  0.5000
      13      15      13      15       9       7       9       0
  0.0000  0.0276  0.2190  0.2654  0.3275  0.3299  0.4452  0.5000
      13      15      14      15       9       7       9       0
 34   2  10   7
  0.0000  0.0845  0.2190  0.2866  0.3164  0.3263  0.3275  0.3299  0.4452  0.5000
      13      15      14      13       7      15       9       7       9       0


  0.0000  0.0845  0.2190  0.2866  0.3164  0.4452  0.5000
      13      15      14      13       7       9       0
 34   3   8   9
  0.0000  0.0276  0.2190  0.2654  0.3275  0.3299  0.4452  0.5000
      13      15      14      15       9       7       9       0
  0.0000  0.0276  0.0465  0.0845  0.2190  0.2866  0.3164  0.4452  0.5000
      13      15      13      15      14      13       7       9       0
 34   4   8   8
  0.0000  0.0276  0.0465  0.0845  0.3275  0.3299  0.4452  0.5000
      13      15      13      15       9       7       9       0
  0.0000  0.0276  0.2190  0.2654  0.3275  0.3299  0.4452  0.5000
      13      15      14      15       9       7       9       0
 34   5  10   8
  0.0000  0.0276  0.0465  0.0820  0.2190  0.2654  0.3275  0.3299  0.4452  0.5000
      13      15      13      15      14      15       9       7       9       0


  0.0000  0.0276  0.0465  0.0845  0.3275  0.3299  0.4452  0.5000
      13      15      13      15       9       7       9       0
 34   6   8   8
  0.0000  0.0276  0.0465  0.0845  0.3275  0.3299  0.4452  0.5000
      13      15      13      15       9       7       9       0
  0.0000  0.0276  0.0465  0.0845  0.3275  0.3299  0.4452  0.5000
      13      15      13      15       9       7       9       0
 34   7  11   8
  0.0000  0.0276  0.0775  0.0845  0.2190  0.2866  0.2903  0.3275  0.3299  0.4452
      13      15      13      15      14      13      15       9       7       9
  0.5000
       0
  0.0000  0.0276  0.0465  0.0845  0.3275  0.3299  0.4452  0.5000
      13      15      13      15       9       7       9       0
 34   8   8  11
  0.0000  0.0276  0.0465  0.0845  0.3275  0.3299  0.4452  0.5000
      13      15      13      15       9       7       9       0
  0.0000  0.0276  0.0775  0.0845  0.2190  0.2866  0.2903  0.3275  0.3299  0.4452
      13      15      13      15      14      13      15       9       7       9
  0.5000
       0
 34   9   8   8
  0.0000  0.0276  0.2190  0.2654  0.3275  0.3299  0.4452  0.5000
      13      15      14      15       9       7       9       0
  0.0000  0.0276  0.2190  0.2654  0.3275  0.3299  0.4452  0.5000
      13      15      14      15       9       7       9       0
 34  10   8   8
  0.0000  0.0276  0.2190  0.2654  0.3275  0.3299  0.4452  0.5000
      13      15      14      15       9       7       9       0
  0.0000  0.0276  0.0465  0.0845  0.3275  0.3299  0.4452  0.5000
      13      15      13      15       9       7       9       0
 35   1   8   8
  0.0000  0.0276  0.2190  0.2654  0.3275  0.3299  0.4452  0.5000
      13      15      14      15       9       7       9       0
  0.0000  0.0276  0.2190  0.2654  0.3275  0.3299  0.4452  0.5000
      13      15      14      15       9       7       9       0
 35   2  10   6
  0.0000  0.0276  0.0465  0.0845  0.2190  0.2580  0.3275  0.3299  0.4452  0.5000
      13      15      13      15      14      15       9       7       9       0


  0.0000  0.0276  0.3275  0.3299  0.4452  0.5000
      13      15       9       7       9       0
 35   3  11   8
  0.0000  0.0276  0.0775  0.0845  0.2190  0.2866  0.2903  0.3275  0.3299  0.4452
      13      15      13      15      14      13      15       9       7       9
  0.5000
       0
  0.0000  0.0276  0.0465  0.0845  0.3275  0.3299  0.4452  0.5000
      13      15      13      15       9       7       9       0
 35   4   8   8
  0.0000  0.0276  0.0465  0.0845  0.3275  0.3299  0.4452  0.5000
      13      15      13      15       9       7       9       0
  0.0000  0.0276  0.0775  0.0845  0.3275  0.3299  0.4452  0.5000
      13      15      13      15       9       7       9       0
 35   5   8   8
  0.0000  0.0276  0.2190  0.2654  0.3275  0.3299  0.4452  0.5000
      13      15      14      15       9       7       9       0
  0.0000  0.0276  0.2190  0.2654  0.3275  0.3299  0.4452  0.5000
      13      15      14      15       9       7       9       0
 35   6   8   9
  0.0000  0.0276  0.0465  0.0845  0.3275  0.3299  0.4452  0.5000
      13      15      13      15       9       7       9       0
  0.0000  0.0276  0.0465  0.0845  0.2190  0.2866  0.3164  0.4452  0.5000
      13      15      13      15      14      13       7       9       0
 35   7   8   8
  0.0000  0.0276  0.0465  0.0845  0.3275  0.3299  0.4452  0.5000
      13      15      13      15       9       7       9       0
  0.0000  0.0276  0.0465  0.0845  0.3275  0.3299  0.4452  0.5000
      13      15      13      15       9       7       9       0
 35   8   8  10
  0.0000  0.0276  0.0465  0.0845  0.3275  0.3299  0.4452  0.5000
      13      15      13      15       9       7       9       0
  0.0000  0.0276  0.0465  0.0845  0.2190  0.2654  0.3275  0.3299  0.4452  0.5000
      13      15      13      15      14      15       9       7       9       0


 35   9   8   8
  0.0000  0.0276  0.0775  0.0845  0.3275  0.3299  0.4452  0.5000
      13      15      13      15       9       7       9       0
  0.0000  0.0276  0.0465  0.0845  0.3275  0.3299  0.4452  0.5000
      13      15      13      15       9       7       9       0
 35  10  10   8
  0.0000  0.0845  0.2190  0.2866  0.3164  0.3263  0.3275  0.3299  0.4452  0.5000
      13      15      14      13       7      15       9       7       9       0


  0.0000  0.0276  0.2190  0.2654  0.3275  0.3299  0.4452  0.5000
      13      15      14      15       9       7       9       0
 36   1   9   8
  0.0000  0.0276  0.0465  0.0845  0.2190  0.2866  0.3164  0.4452  0.5000
      13      15      13      15      14      13       7       9       0
  0.0000  0.0276  0.0775  0.0845  0.3275  0.3299  0.4452  0.5000
      13      15      13      15       9       7       9       0
 36   2  10   8
  0.0000  0.0276  0.0465  0.0845  0.2190  0.2580  0.3275  0.3299  0.4452  0.5000
      13      15      13      15      14      15       9       7       9       0


  0.0000  0.0845  0.2190  0.2654  0.3275  0.3299  0.4452  0.5000
      13      15      14      15       9       7       9       0
 36   3  10   8
  0.0000  0.0276  0.0465  0.0845  0.2190  0.2654  0.3275  0.3299  0.4452  0.5000
      13      15      13      15      14      15       9       7       9       0


  0.0000  0.0276  0.0465  0.0845  0.3275  0.3299  0.4452  0.5000
      13      15      13      15       9       7       9       0
 36   4  10  10
  0.0000  0.0276  0.0465  0.0669  0.0775  0.0845  0.3275  0.3299  0.4452  0.5000
      13      15      13      15      13      15       9       7       9       0


  0.0000  0.0845  0.2190  0.2866  0.3164  0.3263  0.3275  0.3299  0.4452  0.5000
      13      15      14      13       7      15       9       7       9       0


 36   5   8   8
  0.0000  0.0276  0.0775  0.0845  0.3275  0.3299  0.4452  0.5000
      13      15      13      15       9       7       9       0
  0.0000  0.0276  0.0775  0.0845  0.3275  0.3299  0.4452  0.5000
      13      15      13      15       9       7       9       0
 36   6   8   8
  0.0000  0.0276  0.0465  0.0845  0.3275  0.3299  0.4452  0.5000
      13      15      13      15       9       7       9       0
  0.0000  0.0276  0.0465  0.0845  0.3275  0.3299  0.4452  0.5000
      13      15      13      15       9       7       9       0
 36   7   8   8
  0.0000  0.0276  0.2190  0.2654  0.3275  0.3299  0.4452  0.5000
      13      15      14      15       9       7       9       0
  0.0000  0.0845  0.2190  0.2654  0.3275  0.3299  0.4452  0.5000
      13      15      14      15       9       7       9       0
 36   8   8  10
  0.0000  0.0276  0.0465  0.0845  0.3275  0.3299  0.4452  0.5000
      13      15      13      15       9       7       9       0
  0.0000  0.0845  0.2190  0.2866  0.3164  0.3263  0.3275  0.3299  0.4452  0.5000
      13      15      14      13       7      15       9       7       9       0


 36   9   8   8
  0.0000  0.0845  0.2190  0.2654  0.3275  0.3299  0.4452  0.5000
      13      15      14      15       9       7       9       0
  0.0000  0.0276  0.0775  0.0845  0.3275  0.3299  0.4452  0.5000
      13      15      13      15       9       7       9       0
 36  10   8  10
  0.0000  0.0276  0.0775  0.0845  0.3275  0.3299  0.4452  0.5000
      13      15      13      15       9       7       9       0
  0.0000  0.0276  0.0465  0.0845  0.2190  0.2654  0.3275  0.3299  0.4452  0.5000
      13      15      13      15      14      15       9       7       9       0


 37   1   8   8
  0.0000  0.0276  0.0465  0.0845  0.3275  0.3299  0.4452  0.5000
      13      15      13      15       9       7       9       0
  0.0000  0.0276  0.0775  0.0845  0.3275  0.3299  0.4452  0.5000
      13      15      13      15       9       7       9       0
 37   2   8  10
  0.0000  0.0276  0.0465  0.0845  0.3275  0.3299  0.4452  0.5000
      13      15      13      15       9       7       9       0
  0.0000  0.0845  0.2190  0.2866  0.3164  0.3263  0.3275  0.3299  0.4452  0.5000
      13      15      14      13       7      15       9       7       9       0


 37   3   8  10
  0.0000  0.0276  0.2190  0.2654  0.3275  0.3299  0.4452  0.5000
      13      15      14      15       9       7       9       0
  0.0000  0.0276  0.0465  0.0845  0.2190  0.2580  0.3275  0.3299  0.4452  0.5000
      13      15      13      15      14      15       9       7       9       0


 37   4   8   8
  0.0000  0.0276  0.0775  0.0845  0.3275  0.3299  0.4452  0.5000
      13      15      13      15       9       7       9       0
  0.0000  0.0276  0.0465  0.0845  0.3275  0.3299  0.4452  0.5000
      13      15      13      15       9       7       9       0
 37   5   8   6
  0.0000  0.0276  0.0465  0.0845  0.3275  0.3299  0.4452  0.5000
      13      15      13      15       9       7       9       0
  0.0000  0.0845  0.3275  0.3299  0.4452  0.5000
      13      15       9       7       9       0
 37   6  10  10
  0.0000  0.0276  0.0465  0.0669  0.0775  0.0845  0.3275  0.3299  0.4452  0.5000
      13      15      13      15      13      15       9       7       9       0


  0.0000  0.0276  0.0465  0.0845  0.2190  0.2654  0.3275  0.3299  0.4452  0.5000
      13      15      13      15      14      15       9       7       9       0


 37   7   9   8
  0.0000  0.0276  0.0775  0.0845  0.2190  0.2866  0.3164  0.4452  0.5000
      13      15      13      15      14      13       7       9       0
  0.0000  0.0276  0.2190  0.2654  0.3275  0.3299  0.4452  0.5000
      13      15      14      15       9       7       9       0
 37   8   8   8
  0.0000  0.0276  0.0775  0.0845  0.3275  0.3299  0.4452  0.5000
      13      15      13      15       9       7       9       0
  0.0000  0.0276  0.0465  0.0845  0.3275  0.3299  0.4452  0.5000
      13      15      13      15       9       7       9       0
 37   9   8  10
  0.0000  0.0845  0.2190  0.2654  0.3275  0.3299  0.4452  0.5000
      13      15      14      15       9       7       9       0
  0.0000  0.0276  0.0465  0.0845  0.2190  0.2654  0.3275  0.3299  0.4452  0.5000
      13      15      13      15      14      15       9       7       9       0


 37  10   8   8
  0.0000  0.0276  0.0775  0.0845  0.3275  0.3299  0.4452  0.5000
      13      15      13      15       9       7       9       0
  0.0000  0.0845  0.2190  0.2654  0.3275  0.3299  0.4452  0.5000
      13      15      14      15       9       7       9       0
 38   1   8  12
  0.0000  0.0276  0.0775  0.0845  0.3275  0.3299  0.4452  0.5000
      13      15      13      15       9       7       9       0
  0.0000  0.0276  0.0465  0.0669  0.0775  0.0845  0.2190  0.2654  0.3275  0.3299
      13      15      13      15      13      15      14      15       9       7
  0.4452  0.5000
       9       0
 38   2   8   8
  0.0000  0.0845  0.2190  0.2654  0.3275  0.3299  0.4452  0.5000
      13      15      14      15       9       7       9       0
  0.0000  0.0845  0.2190  0.2654  0.3275  0.3299  0.4452  0.5000
      13      15      14      15       9       7       9       0
 38   3   8   8
  0.0000  0.0845  0.2190  0.2654  0.3275  0.3299  0.4452  0.5000
      13      15      14      15       9       7       9       0
  0.0000  0.0276  0.0465  0.0845  0.3275  0.3299  0.4452  0.5000
      13      15      13      15       9       7       9       0
 38   4   8  10
  0.0000  0.0845  0.2190  0.2654  0.3275  0.3299  0.4452  0.5000
      13      15      14      15       9       7       9       0
  0.0000  0.0276  0.0465  0.0669  0.0775  0.0845  0.3275  0.3299  0.4452  0.5000
      13      15      13      15      13      15       9       7       9       0


 38   5   8   8
  0.0000  0.0276  0.2190  0.2654  0.3275  0.3299  0.4452  0.5000
      13      15      14      15       9       7       9       0
  0.0000  0.0276  0.2190  0.2654  0.3275  0.3299  0.4452  0.5000
      13      15      14      15       9       7       9       0
 38   6  10   8
  0.0000  0.0276  0.0465  0.0845  0.2190  0.2654  0.3275  0.3299  0.4452  0.5000
      13      15      13      15      14      15       9       7       9       0


  0.0000  0.0276  0.0465  0.0845  0.3275  0.3299  0.4452  0.5000
      13      15      13      15       9       7       9       0
 38   7   8   8
  0.0000  0.0276  0.0465  0.0845  0.3275  0.3299  0.4452  0.5000
      13      15      13      15       9       7       9       0
  0.0000  0.0276  0.2190  0.2654  0.3275  0.3299  0.4452  0.5000
      13      15      14      15       9       7       9       0
 38   8   8   8
  0.0000  0.0845  0.2190  0.2654  0.3275  0.3299  0.4452  0.5000
      13      15      14      15       9       7       9       0
  0.0000  0.0276  0.2190  0.2654  0.3275  0.3299  0.4452  0.5000
      13      15      14      15       9       7       9       0
 38   9  10   8
  0.0000  0.0276  0.0465  0.0845  0.2190  0.2654  0.3275  0.3299  0.4452  0.5000
      13      15      13      15      14      15       9       7       9       0


  0.0000  0.0276  0.0465  0.0845  0.3275  0.3299  0.4452  0.5000
      13      15      13      15       9       7       9       0
 38  10   8  10
  0.0000  0.0276  0.0775  0.0845  0.3275  0.3299  0.4452  0.5000
      13      15      13      15       9       7       9       0
  0.0000  0.0276  0.0465  0.0508  0.0775  0.0845  0.3275  0.3299  0.4452  0.5000
      13      15      13      15      13      15       9       7       9       0


 39   1   8  10
  0.0000  0.0276  0.0775  0.0845  0.3275  0.3299  0.4452  0.5000
      13      15      13      15       9       7       9       0
  0.0000  0.0276  0.0465  0.0508  0.0775  0.0845  0.3275  0.3299  0.4452  0.5000
      13      15      13      15      13      15       9       7       9       0


 39   2   8   8
  0.0000  0.0276  0.2190  0.2654  0.3275  0.3299  0.4452  0.5000
      13      15      14      15       9       7       9       0
  0.0000  0.0276  0.2190  0.2654  0.3275  0.3299  0.4452  0.5000
      13      15      14      15       9       7       9       0
 39   3   8   8
  0.0000  0.0845  0.2190  0.2654  0.3275  0.3299  0.4452  0.5000
      13      15      14      15       9       7       9       0
  0.0000  0.0276  0.0775  0.0845  0.3275  0.3299  0.4452  0.5000
      13      15      13      15       9       7       9       0
 39   4   8  10
  0.0000  0.0276  0.0465  0.0845  0.3275  0.3299  0.4452  0.5000
      13      15      13      15       9       7       9       0
  0.0000  0.0276  0.0465  0.0508  0.0775  0.0845  0.3275  0.3299  0.4452  0.5000
      13      15      13      15      13      15       9       7       9       0


 39   5   8   8
  0.0000  0.0845  0.2190  0.2654  0.3275  0.3299  0.4452  0.5000
      13      15      14      15       9       7       9       0
  0.0000  0.0276  0.0465  0.0845  0.3275  0.3299  0.4452  0.5000
      13      15      13      15       9       7       9       0
 39   6   8   8
  0.0000  0.0276  0.0775  0.0845  0.3275  0.3299  0.4452  0.5000
      13      15      13      15       9       7       9       0
  0.0000  0.0276  0.2190  0.2654  0.3275  0.3299  0.4452  0.5000
      13      15      14      15       9       7       9       0
 39   7  12   8
  0.0000  0.0276  0.0465  0.0669  0.0775  0.0845  0.2287  0.2654  0.3275  0.3299
      13      15      13      15      13      15      14      15       9       7
  0.4452  0.5000
       9       0
  0.0000  0.0276  0.2190  0.2654  0.3275  0.3299  0.4452  0.5000
      13      15      14      15       9       7       9       0
 39   8  10   8
  0.0000  0.0276  0.0465  0.0845  0.2190  0.2654  0.3275  0.3299  0.4452  0.5000
      13      15      13      15      14      15       9       7       9       0


  0.0000  0.0845  0.2190  0.2654  0.3275  0.3299  0.4452  0.5000
      13      15      14      15       9       7       9       0
 39   9   8   8
  0.0000  0.0276  0.2190  0.2654  0.3275  0.3299  0.4452  0.5000
      13      15      14      15       9       7       9       0
  0.0000  0.0845  0.2190  0.2654  0.3275  0.3299  0.4452  0.5000
      13      15      14      15       9       7       9       0
 39  10   8   8
  0.0000  0.0276  0.0465  0.0845  0.3275  0.3299  0.4452  0.5000
      13      15      13      15       9       7       9       0
  0.0000  0.0276  0.2190  0.2654  0.3275  0.3299  0.4452  0.5000
      13      15      14      15       9       7       9       0
 40   1   8   8
  0.0000  0.0532  0.0775  0.0845  0.3275  0.3299  0.4452  0.5000
      13      15      13      15       9       7       9       0
  0.0000  0.0276  0.2190  0.2654  0.3275  0.3299  0.4452  0.5000
      13      15      14      15       9       7       9       0
 40   2   8  10
  0.0000  0.0845  0.2190  0.2654  0.3275  0.3299  0.4452  0.5000
      13      15      14      15       9       7       9       0
  0.0000  0.0276  0.0465  0.0845  0.2190  0.2654  0.3275  0.3299  0.4452  0.5000
      13      15      13      15      14      15       9       7       9       0


 40   3   8   8
  0.0000  0.0276  0.2190  0.2654  0.3275  0.3299  0.4452  0.5000
      13      15      14      15       9       7       9       0
  0.0000  0.0276  0.2190  0.2654  0.3275  0.3299  0.4452  0.5000
      13      15      14      15       9       7       9       0
 40   4   8   8
  0.0000  0.0845  0.2190  0.2654  0.3275  0.3299  0.4452  0.5000
      13      15      14      15       9       7       9       0
  0.0000  0.0276  0.2190  0.2654  0.3275  0.3299  0.4452  0.5000
      13      15      14      15       9       7       9       0
 40   5   8   8
  0.0000  0.0845  0.2190  0.2654  0.3275  0.3299  0.4452  0.5000
      13      15      14      15       9       7       9       0
  0.0000  0.0276  0.2190  0.2654  0.3275  0.3299  0.4452  0.5000
      13      15      14      15       9       7       9       0
 40   6   8  10
  0.0000  0.0276  0.0465  0.0845  0.3275  0.3299  0.4452  0.5000
      13      15      13      15       9       7       9       0
  0.0000  0.0276  0.0465  0.0845  0.2588  0.2654  0.3275  0.3299  0.4452  0.5000
      13      15      13      15      14      15       9       7       9       0


 40   7   8   8
  0.0000  0.0276  0.0465  0.0845  0.3275  0.3299  0.4452  0.5000
      13      15      13      15       9       7       9       0
  0.0000  0.0845  0.2190  0.2654  0.3275  0.3299  0.4452  0.5000
      13      15      14      15       9       7       9       0
 40   8   8  10
  0.0000  0.0276  0.0465  0.0845  0.3275  0.3299  0.4452  0.5000
      13      15      13      15       9       7       9       0
  0.0000  0.0276  0.0465  0.0508  0.0775  0.0845  0.3275  0.3299  0.4452  0.5000
      13      15      13      15      13      15       9       7       9       0


 40   9  10   8
  0.0000  0.0276  0.0465  0.0508  0.0775  0.0845  0.3275  0.3299  0.4452  0.5000
      13      15      13      15      13      15       9       7       9       0


  0.0000  0.0276  0.0775  0.0845  0.3275  0.3299  0.4452  0.5000
      13      15      13      15       9       7       9       0
 40  10   8   8
  0.0000  0.0276  0.2190  0.2654  0.3275  0.3299  0.4452  0.5000
      13      15      14      15       9       7       9       0
  0.0000  0.0276  0.2190  0.2654  0.3275  0.3299  0.4452  0.5000
      13      15      14      15       9       7       9       0
