 ... generation ...    0
   1   0   0   2   2   2   2
  0.0000  1.0000
       1    ****
  0.0000  1.0000
       2    ****
  0.0000  1.0000
       0    ****
  0.0000  1.0000
       0    ****
   2   0   0   2   2   2   2
  0.0000  1.0000
       3    ****
  0.0000  1.0000
       4    ****
  0.0000  1.0000
       0    ****
  0.0000  1.0000
       0    ****
   3   0   0   2   2   2   2
  0.0000  1.0000
       5    ****
  0.0000  1.0000
       6    ****
  0.0000  1.0000
       0    ****
  0.0000  1.0000
       0    ****
   4   0   0   2   2   2   2
  0.0000  1.0000
       7    ****
  0.0000  1.0000
       8    ****
  0.0000  1.0000
       0    ****
  0.0000  1.0000
       0    ****
 ... generation ...    1
   1   2   2   4   3   2   2
  0.0000  0.4391  0.5592  1.0000
       3       4       3    ****
  0.0000  0.1464  1.0000
       4       3    ****
  0.0000  1.0000
       0    ****
  0.0000  1.0000
       0    ****
   2   4   1   3   4   3   2
  0.0000  0.1678  1.0000
       8       7    ****
  0.0000  0.1513  0.5045  1.0000
       2       1       2    ****
  0.0000  0.1678  1.0000
      -1       1    ****
  0.0000  1.0000
       0    ****
   3   4   1   4   2   4   2
  0.0000  0.1495  0.5834  1.0000
       7       8       7    ****
  0.0000  1.0000
       2    ****
  0.0000  0.1495  0.5834  1.0000
       1      -1       1    ****
  0.0000  1.0000
       0    ****
   4   4   4   2   3   2   3
  0.0000  1.0000
       8    ****
  0.0000  0.2905  1.0000
       7       8    ****
  0.0000  1.0000
      -1    ****
  0.0000  0.2905  1.0000
       1      -1    ****
 ... generation ...    2
   1   2   4   4   4   3   4
  0.0000  0.1513  0.5045  1.0000
       2       1       2    ****
  0.0000  0.0340  0.2905  1.0000
       8       7       8    ****
  0.0000  0.1678  1.0000
       0      -1    ****
  0.0000  0.0340  0.2905  1.0000
      -1       1       0    ****
   2   1   4   4   3   2   3
  0.0000  0.4391  0.5592  1.0000
       3       4       3    ****
  0.0000  0.2905  1.0000
       7       8    ****
  0.0000  1.0000
       0    ****
  0.0000  0.2905  1.0000
       1       0    ****
   3   3   1   4   4   4   2
  0.0000  0.5755  0.5834  1.0000
       2       8       7    ****
  0.0000  0.4391  0.4549  1.0000
       3       4       3    ****
  0.0000  0.1495  0.5834  1.0000
      -1       0       1    ****
  0.0000  1.0000
       0    ****
   4   1   3   3   4   2   4
  0.0000  0.1464  1.0000
       4       3    ****
  0.0000  0.1495  0.5834  1.0000
       7       8       7    ****
  0.0000  1.0000
       0    ****
  0.0000  0.1495  0.5834  1.0000
       1       0       1    ****
 ... generation ...    3
   1   3   3   4   3   3   3
  0.0000  0.4391  0.4549  1.0000
       3       4       3    ****
  0.0000  0.5011  1.0000
       2       3    ****
  0.0000  0.5834  1.0000
       0      -1    ****
  0.0000  0.5834  1.0000
       0      -1    ****
   2   4   1   5   6   5   5
  0.0000  0.1495  0.2532  0.9951  1.0000
       7       8       3       7    ****
  0.0000  0.0340  0.0468  0.1513  0.5045  1.0000
       8       7       2       1       2    ****
  0.0000  0.1495  0.5834  0.9951  1.0000
       1       0      -1       1    ****
  0.0000  0.0340  0.0468  0.2905  1.0000
       0       1      -1       0    ****
   3   4   4   4   4   4   4
  0.0000  0.1495  0.5177  1.0000
       7       8       3    ****
  0.0000  0.1495  0.5834  1.0000
       7       8       7    ****
  0.0000  0.1495  0.5834  1.0000
       1       0      -1    ****
  0.0000  0.1495  0.5834  1.0000
       1       0       1    ****
   4   4   2   6   5   7   3
  0.0000  0.0290  0.1464  0.8765  0.8930  1.0000
       7       4       3       7       3    ****
  0.0000  0.4391  0.5592  0.6382  1.0000
       3       4       3       8    ****
  0.0000  0.0290  0.1495  0.5834  0.8765  0.8930  1.0000
       1      -1       0      -1       1      -1    ****
  0.0000  0.2905  1.0000
      -1       0    ****
 ... generation ...    4
   1   4   2   6   8   5   6
  0.0000  0.0290  0.1464  0.8765  0.8930  1.0000
       7       4       3       7       3    ****
  0.0000  0.0340  0.0468  0.1513  0.1537  0.2532  0.9544  1.0000
       8       7       2       1       8       3       2    ****
  0.0000  0.0290  0.8765  0.8930  1.0000
       1       0       1       0    ****
  0.0000  0.0340  0.0468  0.1495  0.9951  1.0000
      -1       0      -1       0      -1    ****
   2   2   3   8   4   6   3
  0.0000  0.0340  0.0468  0.1513  0.5045  0.5745  0.9951  1.0000
       8       7       2       1       2       3       7    ****
  0.0000  0.1495  0.5177  1.0000
       7       8       3    ****
  0.0000  0.0340  0.0468  0.1495  0.9951  1.0000
      -1       0      -1       0       1    ****
  0.0000  0.5834  1.0000
       0      -1    ****
   3   4   1   6   3   5   2
  0.0000  0.0290  0.1464  0.8765  0.8930  1.0000
       7       4       3       7       3    ****
  0.0000  0.5011  1.0000
       2       3    ****
  0.0000  0.0290  0.8765  0.8930  1.0000
       1       0       1       0    ****
  0.0000  1.0000
       0    ****
   4   4   2   5   6   5   6
  0.0000  0.0290  0.1464  0.7082  1.0000
       7       4       3       8    ****
  0.0000  0.1495  0.2532  0.3396  0.5045  1.0000
       7       8       3       1       2    ****
  0.0000  0.0290  0.8765  0.8930  1.0000
       1       0      -1       0    ****
  0.0000  0.0340  0.0468  0.1495  0.9951  1.0000
       1       0       1       0      -1    ****
 ... generation ...    5
   1   1   3   9   5   7   5
  0.0000  0.0340  0.0468  0.1513  0.1537  0.2532  0.8765  0.8930  1.0000
       8       7       2       1       8       3       7       3    ****
  0.0000  0.3156  0.8765  0.8930  1.0000
       2       3       7       3    ****
  0.0000  0.0290  0.0340  0.0468  0.8765  0.8930  1.0000
      -1       0       1       0       1       0    ****
  0.0000  0.0290  0.8765  0.8930  1.0000
      -1       0       1       0    ****
   2   4   2   6   7   4   6
  0.0000  0.1495  0.2532  0.3396  0.5045  1.0000
       7       8       3       1       2    ****
  0.0000  0.0340  0.0468  0.1513  0.3097  0.5177  1.0000
       8       7       2       1       8       3    ****
  0.0000  0.0290  0.1495  1.0000
       0       1       0    ****
  0.0000  0.0340  0.0468  0.1495  0.9951  1.0000
      -1       0      -1       0      -1    ****
   3   4   4   6   7   4   4
  0.0000  0.1495  0.2532  0.3396  0.5045  1.0000
       7       8       3       1       2    ****
  0.0000  0.1495  0.2532  0.3396  0.4651  0.6241  1.0000
       7       8       3       1       3       2    ****
  0.0000  0.0290  0.1495  1.0000
       0       1       0    ****
  0.0000  0.0290  0.1495  1.0000
       0       1       0    ****
   4   4   1   6   7   4   7
  0.0000  0.1495  0.2532  0.3396  0.5045  1.0000
       7       8       3       1       2    ****
  0.0000  0.0290  0.1464  0.1596  0.2532  0.9544  1.0000
       7       4       3       8       3       2    ****
  0.0000  0.0290  0.1495  1.0000
       0       1       0    ****
  0.0000  0.0290  0.0340  0.0468  0.8765  0.8930  1.0000
       1       0      -1       0      -1       0    ****
 ... generation ...    6
   1   1   4   5   8   4   4
  0.0000  0.3156  0.8765  0.8930  1.0000
       2       3       7       3    ****
  0.0000  0.1495  0.2532  0.3396  0.5045  0.6592  0.9544  1.0000
       7       8       3       1       2       3       2    ****
  0.0000  0.0340  0.0468  1.0000
       0      -1       0    ****
  0.0000  0.0290  0.1495  1.0000
       0       1       0    ****
   2   4   1   8   5   5   4
  0.0000  0.0574  0.1464  0.1558  0.2532  0.3396  0.5045  1.0000
       7       4       3       8       3       1       2    ****
  0.0000  0.3156  0.8765  0.8930  1.0000
       2       3       7       3    ****
  0.0000  0.0290  0.0574  0.1495  1.0000
       0       1      -1       0    ****
  0.0000  0.0340  0.0468  1.0000
       0      -1       0    ****
   3   1   1   9   5   4   4
  0.0000  0.0340  0.0468  0.1513  0.1537  0.2532  0.8765  0.8930  1.0000
       8       7       2       1       8       3       7       3    ****
  0.0000  0.3156  0.8765  0.8930  1.0000
       2       3       7       3    ****
  0.0000  0.0340  0.0468  1.0000
       0       1       0    ****
  0.0000  0.0340  0.0468  1.0000
       0      -1       0    ****
   4   3   1   7   9   2   4
  0.0000  0.1495  0.2532  0.3396  0.4651  0.6241  1.0000
       7       8       3       1       3       2    ****
  0.0000  0.0340  0.0468  0.1513  0.1537  0.2532  0.8765  0.8930  1.0000
       8       7       2       1       8       3       7       3    ****
  0.0000  1.0000
       0    ****
  0.0000  0.0340  0.0468  1.0000
       0       1       0    ****
 ... generation ...    7
   1   4   4   9  10   7   7
  0.0000  0.0340  0.0468  0.1513  0.1537  0.2532  0.8765  0.8930  1.0000
       8       7       2       1       8       3       7       3    ****
  0.0000  0.1495  0.2532  0.3396  0.4651  0.6241  0.6380  0.8765  0.8930  1.0000
       7       8       3       1       3       2       3       7       3    ****
  0.0000  0.0340  0.0468  0.1495  0.8765  0.8930  1.0000
      -1       0      -1       0       1       0    ****
  0.0000  0.0340  0.0468  0.1495  0.8765  0.8930  1.0000
       1       0       1       0       1       0    ****
   2   2   1   8  10   5   5
  0.0000  0.0574  0.1464  0.1558  0.2532  0.3396  0.5045  1.0000
       7       4       3       8       3       1       2    ****
  0.0000  0.1495  0.2532  0.3396  0.5045  0.6365  0.8765  0.8930  0.9605  1.0000
       7       8       3       1       2       3       7       3       2    ****
  0.0000  0.0574  0.8765  0.8930  1.0000
       1       0      -1       0    ****
  0.0000  0.1495  0.8765  0.8930  1.0000
       1       0       1       0    ****
   3   4   3  10   5   7   4
  0.0000  0.0340  0.0468  0.1513  0.1537  0.2532  0.3511  0.4651  0.6241  1.0000
       8       7       2       1       8       3       1       3       2    ****
  0.0000  0.3156  0.8765  0.8930  1.0000
       2       3       7       3    ****
  0.0000  0.0340  0.0468  0.1495  0.8765  0.8930  1.0000
      -1       0      -1       0      -1       0    ****
  0.0000  0.0340  0.0468  1.0000
       0      -1       0    ****
   4   4   4  11   9   7   7
  0.0000  0.0340  0.0468  0.1513  0.1537  0.2532  0.3769  0.4651  0.6241  0.9460
       8       7       2       1       8       3       1       3       2       3
  1.0000
    ****
  0.0000  0.0340  0.0468  0.1513  0.1537  0.2532  0.8765  0.8930  1.0000
       8       7       2       1       8       3       7       3    ****
  0.0000  0.0340  0.0468  0.1495  0.8765  0.8930  1.0000
      -1       0      -1       0      -1       0    ****
  0.0000  0.0340  0.0468  0.1495  0.8765  0.8930  1.0000
      -1       0      -1       0       1       0    ****
 ... generation ...    8
   1   1   3  10   6   5   6
  0.0000  0.1495  0.2532  0.3396  0.4651  0.6241  0.6380  0.8765  0.8930  1.0000
       7       8       3       1       3       2       3       7       3    ****
  0.0000  0.3156  0.4493  0.4651  0.6241  1.0000
       2       3       1       3       2    ****
  0.0000  0.0340  0.0468  0.1495  1.0000
       1       0       1       0    ****
  0.0000  0.0340  0.0468  0.8765  0.8930  1.0000
       0      -1       0      -1       0    ****
   2   2   3  10   5   6   6
  0.0000  0.1495  0.2532  0.3396  0.5045  0.6365  0.8765  0.8930  0.9605  1.0000
       7       8       3       1       2       3       7       3       2    ****
  0.0000  0.3156  0.8765  0.8930  1.0000
       2       3       7       3    ****
  0.0000  0.0574  0.1495  0.8765  0.8930  1.0000
       0       1       0       1       0    ****
  0.0000  0.0340  0.0468  0.8765  0.8930  1.0000
       0      -1       0       1       0    ****
   3   2   1  12   8   6   5
  0.0000  0.0574  0.1464  0.1558  0.2532  0.3396  0.5045  0.6365  0.8765  0.8930
       7       4       3       8       3       1       2       3       7       3
  0.9605  1.0000
       2    ****
  0.0000  0.1495  0.2532  0.3396  0.4651  0.8765  0.8930  1.0000
       7       8       3       1       3       7       3    ****
  0.0000  0.0574  0.1495  0.8765  0.8930  1.0000
       0      -1       0       1       0    ****
  0.0000  0.0340  0.0468  0.1495  1.0000
       1       0       1       0    ****
   4   2   3   6  10   6   6
  0.0000  0.1495  0.2532  0.3396  0.5045  1.0000
       7       8       3       1       2    ****
  0.0000  0.0340  0.0468  0.1513  0.1537  0.2532  0.3511  0.4651  0.6241  1.0000
       8       7       2       1       8       3       1       3       2    ****
  0.0000  0.0574  0.1495  0.8765  0.8930  1.0000
       0       1       0      -1       0    ****
  0.0000  0.0340  0.0468  0.8765  0.8930  1.0000
       0       1       0      -1       0    ****
 ... generation ...    9
   1   1   3  11  10   5   5
  0.0000  0.1495  0.2532  0.3396  0.4651  0.6241  0.6380  0.8765  0.8930  0.9832
       7       8       3       1       3       2       3       7       3       2
  1.0000
    ****
  0.0000  0.0574  0.1012  0.1495  0.2532  0.3396  0.4651  0.8765  0.8930  1.0000
       7       4       7       8       3       1       3       7       3    ****
  0.0000  0.1495  0.8765  0.8930  1.0000
       1       0       1       0    ****
  0.0000  0.0574  0.1012  0.1495  1.0000
       0      -1       1       0    ****
   2   4   1   6   9   5   5
  0.0000  0.1495  0.2532  0.3396  0.5045  1.0000
       7       8       3       1       2    ****
  0.0000  0.1495  0.2532  0.3396  0.4651  0.6241  0.6380  0.8672  1.0000
       7       8       3       1       3       2       3       2    ****
  0.0000  0.0340  0.0468  0.1495  1.0000
       1       0       1       0    ****
  0.0000  0.1495  0.8765  0.8930  1.0000
       1       0      -1       0    ****
   3   3   2  11   9   4   3
  0.0000  0.0574  0.1464  0.1558  0.2532  0.3396  0.5045  0.6342  0.8765  0.8930
       7       4       3       8       3       1       2       3       7       3
  1.0000
    ****
  0.0000  0.1848  0.2532  0.3396  0.5045  0.6365  0.8765  0.8930  1.0000
       2       8       3       1       2       3       7       3    ****
  0.0000  0.0574  0.1495  1.0000
       0      -1       0    ****
  0.0000  0.1495  1.0000
      -1       0    ****
   4   4   3   9  10   6   4
  0.0000  0.1397  0.1513  0.1537  0.2532  0.3511  0.4651  0.6241  1.0000
       7       2       1       8       3       1       3       2    ****
  0.0000  0.1495  0.2532  0.3396  0.4651  0.5506  0.5899  0.8765  0.8930  1.0000
       7       8       3       1       3       2       3       7       3    ****
  0.0000  0.0340  0.0468  0.1397  0.1495  1.0000
       1       0       1      -1       0    ****
  0.0000  0.0574  0.1495  1.0000
       0       1       0    ****
 ... generation ...   10
   1   2   4  10  12   2   6
  0.0000  0.1495  0.2532  0.3396  0.5045  0.6045  0.6241  0.6380  0.7134  1.0000
       7       8       3       1       2       3       2       3       2    ****
  0.0000  0.1397  0.1513  0.1537  0.2532  0.3511  0.4651  0.5506  0.5899  0.8765
       7       2       1       8       3       1       3       2       3       7
  0.8930  1.0000
       3    ****
  0.0000  1.0000
       0    ****
  0.0000  0.1397  0.1495  0.8765  0.8930  1.0000
       0      -1       0       1       0    ****
   2   3   1   9  11   3   4
  0.0000  0.1848  0.2532  0.3396  0.5045  0.6342  0.8765  0.8930  1.0000
       2       8       3       1       2       3       7       3    ****
  0.0000  0.1495  0.2532  0.3396  0.4651  0.6241  0.6380  0.8765  0.8930  0.9832
       7       8       3       1       3       2       3       7       3       2
  1.0000
    ****
  0.0000  0.0574  1.0000
      -1       0    ****
  0.0000  0.0574  0.1012  1.0000
       0       1       0    ****
   3   3   2  11  10   3   2
  0.0000  0.0574  0.1464  0.1558  0.2532  0.3396  0.5045  0.6365  0.8765  0.8930
       7       4       3       8       3       1       2       3       7       3
  1.0000
    ****
  0.0000  0.1495  0.2532  0.3396  0.5045  0.5879  0.6241  0.6380  0.8672  1.0000
       7       8       3       1       2       3       2       3       2    ****
  0.0000  0.0574  1.0000
       1       0    ****
  0.0000  1.0000
       0    ****
   4   3   3   9  11   3   3
  0.0000  0.1848  0.2532  0.3396  0.5045  0.6365  0.8765  0.8930  1.0000
       2       8       3       1       2       3       7       3    ****
  0.0000  0.0574  0.1464  0.1558  0.2532  0.3396  0.5045  0.6342  0.8765  0.8930
       7       4       3       8       3       1       2       3       7       3
  1.0000
    ****
  0.0000  0.0574  1.0000
      -1       0    ****
  0.0000  0.0574  1.0000
       1       0    ****
