 ... generation ...    0
   1   0   0   2   2   2   2
 -0.5000  0.5000
       1    ****
 -0.5000  0.5000
       2    ****
   2   0   0   2   2   2   2
 -0.5000  0.5000
       3    ****
 -0.5000  0.5000
       4    ****
   3   0   0   2   2   2   2
 -0.5000  0.5000
       5    ****
 -0.5000  0.5000
       6    ****
   4   0   0   2   2   2   2
 -0.5000  0.5000
       7    ****
 -0.5000  0.5000
       8    ****
 ... generation ...    1
   1   2   4   4   4   2   2
 -0.5000  0.2822  0.3360  0.5000
       3       4       3    ****
 -0.5000  0.2060  0.4286  0.5000
       8       7       8    ****
   2   3   2   3   4   2   2
 -0.5000 -0.1739  0.5000
       6       5    ****
 -0.5000  0.2453  0.3586  0.5000
       3       4       3    ****
   3   4   4   2   4   2   2
 -0.5000  0.5000
       7    ****
 -0.5000  0.1523  0.3637  0.5000
       8       7       8    ****
   4   3   1   4   2   2   2
 -0.5000 -0.4594  0.4819  0.5000
       5       6       5    ****
 -0.5000  0.5000
       2    ****
 ... generation ...    2
   1   4   3   2   5   2   2
 -0.5000  0.5000
       2    ****
 -0.5000  0.1523  0.3637  0.4716  0.5000
       8       7       8       7    ****
   2   2   1   5   5   2   2
 -0.5000 -0.4529  0.2453  0.3586  0.5000
       6       3       4       3    ****
 -0.5000 -0.4024  0.2060  0.4286  0.5000
       3       8       7       8    ****
   3   1   4   5   6   2   2
 -0.5000  0.0717  0.2822  0.3360  0.5000
       8       3       4       3    ****
 -0.5000 -0.4594  0.0377  0.4452  0.4819  0.5000
       5       6       2       6       5    ****
   4   4   1   2   5   2   2
 -0.5000  0.5000
       2    ****
 -0.5000 -0.4841  0.2060  0.4286  0.5000
       3       8       7       8    ****
 ... generation ...    3
   1   3   2  10   4   2   2
 -0.5000 -0.4894 -0.4594 -0.2203 -0.2018 -0.0831  0.0717  0.2822  0.3360  0.5000
       8       5       6       8       6       8       3       4       3    ****
 -0.5000  0.2453  0.3586  0.5000
       3       4       3    ****
   2   2   1   6   5   2   2
 -0.5000 -0.4024 -0.3298  0.2453  0.3586  0.5000
       3       8       3       4       3    ****
 -0.5000  0.2495  0.3637  0.4716  0.5000
       2       7       8       7    ****
   3   2   1   5   6   2   2
 -0.5000 -0.4529  0.2453  0.3586  0.5000
       6       3       4       3    ****
 -0.5000  0.1523  0.3637  0.4716  0.4894  0.5000
       8       7       8       7       2    ****
   4   2   3   7   6   2   2
 -0.5000 -0.4529 -0.3836  0.1464  0.2453  0.3586  0.5000
       6       3       8       3       4       3    ****
 -0.5000 -0.4594  0.0377  0.4452  0.4819  0.5000
       5       6       2       6       5    ****
 ... generation ...    4
   1   3   4   5   9   2   2
 -0.5000 -0.4529  0.2453  0.3586  0.5000
       6       3       4       3    ****
 -0.5000 -0.4529 -0.3836  0.1464  0.2453  0.3586  0.3709  0.4247  0.5000
       6       3       8       3       4       3       2       3    ****
   2   3   4   6   6   2   2
 -0.5000  0.1523  0.3637  0.4716  0.4894  0.5000
       8       7       8       7       2    ****
 -0.5000 -0.4594  0.0377  0.4452  0.4819  0.5000
       5       6       2       6       5    ****
   3   2   1   6   8   2   2
 -0.5000 -0.4024 -0.3298  0.2453  0.3586  0.5000
       3       8       3       4       3    ****
 -0.5000 -0.4919 -0.4894 -0.4594 -0.2400  0.2453  0.3586  0.5000
       3       8       5       6       3       4       3    ****
   4   1   2  10   6   2   2
 -0.5000 -0.4894 -0.4594 -0.2203 -0.2018 -0.0831  0.0717  0.2822  0.3360  0.5000
       8       5       6       8       6       8       3       4       3    ****
 -0.5000 -0.4024 -0.3298  0.2453  0.3586  0.5000
       3       8       3       4       3    ****
 ... generation ...    5
   1   2   3   6   6   2   2
 -0.5000  0.1523  0.3637  0.4716  0.4894  0.5000
       8       7       8       7       2    ****
 -0.5000 -0.4024 -0.3298  0.2453  0.3586  0.5000
       3       8       3       4       3    ****
   2   1   3   5   6   2   2
 -0.5000 -0.4529  0.2453  0.3586  0.5000
       6       3       4       3    ****
 -0.5000 -0.4024 -0.3298  0.2453  0.3586  0.5000
       3       8       3       4       3    ****
   3   4   1   9   9   2   2
 -0.5000 -0.4024 -0.3298 -0.1441 -0.0831  0.0139  0.2453  0.3360  0.5000
       3       8       3       6       8       3       4       3    ****
 -0.5000 -0.4529 -0.3836 -0.3657  0.2453  0.3586  0.3709  0.4247  0.5000
       6       3       8       3       4       3       2       3    ****
   4   3   2   6   6   2   2
 -0.5000 -0.4024 -0.3298  0.2453  0.3586  0.5000
       3       8       3       4       3    ****
 -0.5000  0.0135  0.0377  0.4452  0.4819  0.5000
       8       6       2       6       5    ****
 ... generation ...    6
   1   2   1   6   9   2   2
 -0.5000 -0.4024 -0.3298  0.2453  0.3586  0.5000
       3       8       3       4       3    ****
 -0.5000 -0.4072 -0.4024 -0.3298 -0.0702 -0.0616  0.2453  0.3586  0.5000
       8       3       8       3       8       3       4       3    ****
   2   3   3  11   9   2   2
 -0.5000 -0.4024 -0.3298 -0.1441 -0.0831  0.0139  0.2453  0.3586  0.3709  0.4247
       3       8       3       6       8       3       4       3       2       3
  0.5000
    ****
 -0.5000 -0.4024 -0.3298 -0.1441 -0.0831  0.0139  0.2453  0.3360  0.5000
       3       8       3       6       8       3       4       3    ****
   3   3   4  11   6   2   2
 -0.5000 -0.4024 -0.3298 -0.1441 -0.0831  0.0139  0.2453  0.3586  0.3709  0.4247
       3       8       3       6       8       3       4       3       2       3
  0.5000
    ****
 -0.5000  0.0135  0.0377  0.4452  0.4819  0.5000
       8       6       2       6       5    ****
   4   2   3   5   9   2   2
 -0.5000 -0.4529  0.2453  0.3586  0.5000
       6       3       4       3    ****
 -0.5000 -0.4529 -0.3836 -0.3657  0.2453  0.3586  0.3709  0.4247  0.5000
       6       3       8       3       4       3       2       3    ****
 ... generation ...    7
   1   1   2   9   9   2   2
 -0.5000 -0.4072 -0.4024 -0.3298 -0.0702 -0.0616  0.2453  0.3586  0.5000
       8       3       8       3       8       3       4       3    ****
 -0.5000 -0.4024 -0.3298 -0.1441 -0.0831  0.0139  0.2453  0.3360  0.5000
       3       8       3       6       8       3       4       3    ****
   2   2   4   9   5   2   2
 -0.5000 -0.4024 -0.3298 -0.1441 -0.0831  0.0139  0.2453  0.3360  0.5000
       3       8       3       6       8       3       4       3    ****
 -0.5000 -0.4529  0.2453  0.3586  0.5000
       6       3       4       3    ****
   3   1   1   9   7   2   2
 -0.5000 -0.4072 -0.4024 -0.3298 -0.0702 -0.0616  0.2453  0.3586  0.5000
       8       3       8       3       8       3       4       3    ****
 -0.5000 -0.4469 -0.4024 -0.3298  0.2453  0.3586  0.5000
       8       3       8       3       4       3    ****
   4   1   2   9   9   2   2
 -0.5000 -0.4072 -0.4024 -0.3298 -0.0702 -0.0616  0.2453  0.3586  0.5000
       8       3       8       3       8       3       4       3    ****
 -0.5000 -0.4024 -0.3298 -0.1441 -0.0831  0.0139  0.2453  0.3360  0.5000
       3       8       3       6       8       3       4       3    ****
 ... generation ...    8
   1   3   1   9   9   2   2
 -0.5000 -0.4072 -0.4024 -0.3298 -0.0702 -0.0616  0.2453  0.3586  0.5000
       8       3       8       3       8       3       4       3    ****
 -0.5000 -0.4072 -0.4024 -0.3298 -0.0702 -0.0616  0.2453  0.3360  0.5000
       8       3       8       3       8       3       4       3    ****
   2   4   2   9   8   2   2
 -0.5000 -0.4024 -0.3298 -0.1441 -0.0831  0.0139  0.2453  0.3360  0.5000
       3       8       3       6       8       3       4       3    ****
 -0.5000 -0.4529 -0.1441 -0.0831 -0.0315  0.2453  0.3586  0.5000
       6       3       6       8       3       4       3    ****
   3   1   3   9   7   2   2
 -0.5000 -0.4024 -0.3298 -0.1441 -0.0831  0.0139  0.2453  0.3360  0.5000
       3       8       3       6       8       3       4       3    ****
 -0.5000 -0.4469 -0.4024 -0.3298  0.2453  0.3586  0.5000
       8       3       8       3       4       3    ****
   4   1   1  10  12   2   2
 -0.5000 -0.4072 -0.4024 -0.3298 -0.1186 -0.0831  0.0139  0.2453  0.3360  0.5000
       8       3       8       3       6       8       3       4       3    ****
 -0.5000 -0.4294 -0.4072 -0.4024 -0.3298 -0.0702 -0.0616 -0.0564  0.0139  0.2453
       3       8       3       8       3       8       3       8       3       4
  0.3360  0.5000
       3    ****
 ... generation ...    9
   1   3   4  10  12   2   2
 -0.5000 -0.4469 -0.4024 -0.3298 -0.1033 -0.0831  0.0139  0.2453  0.3586  0.5000
       8       3       8       3       6       8       3       4       3    ****
 -0.5000 -0.4294 -0.4072 -0.4024 -0.3298 -0.0702 -0.0616 -0.0564  0.0139  0.2453
       3       8       3       8       3       8       3       8       3       4
  0.3360  0.5000
       3    ****
   2   3   1   7   9   2   2
 -0.5000 -0.4469 -0.4024 -0.3298  0.2453  0.3586  0.5000
       8       3       8       3       4       3    ****
 -0.5000 -0.4072 -0.4024 -0.3298 -0.0702 -0.0616  0.2453  0.3586  0.5000
       8       3       8       3       8       3       4       3    ****
   3   3   1   7   9   2   2
 -0.5000 -0.4469 -0.4024 -0.3298  0.2453  0.3586  0.5000
       8       3       8       3       4       3    ****
 -0.5000 -0.4072 -0.4024 -0.3298 -0.0702 -0.0616  0.2453  0.3586  0.5000
       8       3       8       3       8       3       4       3    ****
   4   1   3   9   7   2   2
 -0.5000 -0.4072 -0.4024 -0.3298 -0.0702 -0.0616  0.2453  0.3586  0.5000
       8       3       8       3       8       3       4       3    ****
 -0.5000 -0.4469 -0.4024 -0.3298  0.2453  0.3586  0.5000
       8       3       8       3       4       3    ****
 ... generation ...   10
   1   4   3   7   7   2   2
 -0.5000 -0.4469 -0.4024 -0.3298  0.2453  0.3586  0.5000
       8       3       8       3       4       3    ****
 -0.5000 -0.4469 -0.4024 -0.3298  0.2453  0.3586  0.5000
       8       3       8       3       4       3    ****
   2   3   2   7   7   2   2
 -0.5000 -0.4469 -0.4024 -0.3298  0.2453  0.3586  0.5000
       8       3       8       3       4       3    ****
 -0.5000 -0.4072 -0.4024 -0.3298  0.2453  0.3586  0.5000
       8       3       8       3       4       3    ****
   3   1   4  12   7   2   2
 -0.5000 -0.4469 -0.4024 -0.3298 -0.1033 -0.0831 -0.0602 -0.0564  0.0139  0.2453
       8       3       8       3       6       8       3       8       3       4
  0.3360  0.5000
       3    ****
 -0.5000 -0.4469 -0.4024 -0.3298  0.2453  0.3586  0.5000
       8       3       8       3       4       3    ****
   4   3   4   9   7   2   2
 -0.5000 -0.4469 -0.4024 -0.3298 -0.0702 -0.0616  0.2453  0.3586  0.5000
       8       3       8       3       8       3       4       3    ****
 -0.5000 -0.4469 -0.4024 -0.3298  0.2453  0.3586  0.5000
       8       3       8       3       4       3    ****
