 ... generation ...    0
   1   0   0   2   2   2   2
 -0.5000  0.5000
       1    ****
 -0.5000  0.5000
       2    ****
   2   0   0   2   2   2   2
 -0.5000  0.5000
       3    ****
 -0.5000  0.5000
       4    ****
   3   0   0   2   2   2   2
 -0.5000  0.5000
       5    ****
 -0.5000  0.5000
       6    ****
   4   0   0   2   2   2   2
 -0.5000  0.5000
       7    ****
 -0.5000  0.5000
       8    ****
 ... generation ...    1
   1   1   4   3   3   2   2
 -0.5000  0.4654  0.5000
       1       2    ****
 -0.5000 -0.0836  0.5000
       8       7    ****
   2   1   1   2   3   2   2
 -0.5000  0.5000
       1    ****
 -0.5000  0.2306  0.5000
       1       2    ****
   3   4   2   2   3   2   2
 -0.5000  0.5000
       7    ****
 -0.5000  0.1773  0.5000
       4       3    ****
   4   2   3   3   2   2   2
 -0.5000  0.0244  0.5000
       3       4    ****
 -0.5000  0.5000
       5    ****
 ... generation ...    2
   1   2   2   3   4   2   2
 -0.5000  0.2306  0.5000
       1       2    ****
 -0.5000  0.2306  0.4887  0.5000
       1       2       1    ****
   2   3   2   4   2   2   2
 -0.5000 -0.3312  0.1414  0.5000
       7       4       7    ****
 -0.5000  0.5000
       1    ****
   3   4   4   3   4   2   2
 -0.5000  0.0244  0.5000
       3       4    ****
 -0.5000  0.0244  0.4162  0.5000
       3       4       5    ****
   4   4   4   3   3   2   2
 -0.5000 -0.1197  0.5000
       3       5    ****
 -0.5000  0.0244  0.5000
       3       4    ****
 ... generation ...    3
   1   2   2   2   7   2   2
 -0.5000  0.5000
       1    ****
 -0.5000 -0.4389 -0.3312 -0.0680  0.3910  0.4385  0.5000
       1       7       4       1       7       1    ****
   2   2   1   5   4   2   2
 -0.5000 -0.3312 -0.0523  0.1907  0.5000
       7       4       1       7    ****
 -0.5000  0.2306  0.4887  0.5000
       1       2       1    ****
   3   4   1   5   3   2   2
 -0.5000 -0.1197 -0.0116  0.0244  0.5000
       3       5       3       4    ****
 -0.5000  0.2306  0.5000
       1       2    ****
   4   1   3   3   4   2   2
 -0.5000  0.2306  0.5000
       1       2    ****
 -0.5000  0.0244  0.4162  0.5000
       3       4       5    ****
 ... generation ...    4
   1   4   3   4   8   2   2
 -0.5000  0.2306  0.4946  0.5000
       1       2       5    ****
 -0.5000 -0.1197 -0.0116  0.0244  0.1028  0.2306  0.3872  0.5000
       3       5       3       4       1       2       4    ****
   2   2   1   3   8   2   2
 -0.5000  0.1907  0.5000
       1       7    ****
 -0.5000 -0.4389 -0.4188 -0.2040 -0.0680  0.3910  0.4251  0.5000
       1       7       1       4       1       7       1    ****
   3   4   1   3   7   2   2
 -0.5000  0.2306  0.5000
       1       2    ****
 -0.5000 -0.4389 -0.3312 -0.0680  0.3910  0.4385  0.5000
       1       7       4       1       7       1    ****
   4   3   1   4   7   2   2
 -0.5000  0.2306  0.4063  0.5000
       1       2       4    ****
 -0.5000 -0.4389 -0.3312 -0.0680  0.3910  0.4385  0.5000
       1       7       4       1       7       1    ****
 ... generation ...    5
   1   3   4   7   4   2   2
 -0.5000 -0.4389 -0.3312 -0.0680  0.3910  0.4385  0.5000
       1       7       4       1       7       1    ****
 -0.5000  0.2306  0.4063  0.5000
       1       2       4    ****
   2   2   3   6   6   2   2
 -0.5000 -0.2040 -0.0680  0.3910  0.4251  0.5000
       1       4       1       7       1    ****
 -0.5000  0.2306  0.3312  0.3910  0.4385  0.5000
       1       2       1       7       1    ****
   3   2   4   7   7   2   2
 -0.5000 -0.4389 -0.4188 -0.2040 -0.0680  0.1907  0.5000
       1       7       1       4       1       7    ****
 -0.5000 -0.4389 -0.3312 -0.0680  0.3910  0.4385  0.5000
       1       7       4       1       7       1    ****
   4   1   3   5   4   2   2
 -0.5000 -0.4608  0.2306  0.4946  0.5000
       3       1       2       5    ****
 -0.5000  0.3910  0.4385  0.5000
       1       7       1    ****
 ... generation ...    6
   1   4   1   5   7   2   2
 -0.5000 -0.4608  0.2306  0.4946  0.5000
       3       1       2       5    ****
 -0.5000 -0.4389 -0.3312 -0.0680  0.3910  0.4385  0.5000
       1       7       4       1       7       1    ****
   2   3   1   8   7   2   2
 -0.5000 -0.4389 -0.4188 -0.2040 -0.0680  0.3910  0.4385  0.5000
       1       7       1       4       1       7       1    ****
 -0.5000 -0.4389 -0.3312 -0.0680  0.3910  0.4385  0.5000
       1       7       4       1       7       1    ****
   3   4   3   6  10   2   2
 -0.5000  0.3910  0.4385  0.4410  0.4946  0.5000
       1       7       1       2       5    ****
 -0.5000 -0.4389 -0.4188 -0.2040 -0.0680  0.1907  0.2394  0.3910  0.4385  0.5000
       1       7       1       4       1       7       1       7       1    ****
   4   2   1   6   6   2   2
 -0.5000 -0.2040 -0.0680  0.3910  0.4251  0.5000
       1       4       1       7       1    ****
 -0.5000 -0.0880 -0.0680  0.3910  0.4385  0.5000
       1       4       1       7       1    ****
 ... generation ...    7
   1   1   1   5   6   2   2
 -0.5000 -0.4608  0.2306  0.4946  0.5000
       3       1       2       5    ****
 -0.5000 -0.4389 -0.3808  0.2306  0.4946  0.5000
       1       7       1       2       5    ****
   2   3   3   8   8   2   2
 -0.5000 -0.4389 -0.4188  0.3910  0.4385  0.4410  0.4946  0.5000
       1       7       1       7       1       2       5    ****
 -0.5000 -0.1319 -0.0680  0.3910  0.4385  0.4410  0.4946  0.5000
       1       4       1       7       1       2       5    ****
   3   4   4   6   6   2   2
 -0.5000 -0.2040 -0.0680  0.3910  0.4385  0.5000
       1       4       1       7       1    ****
 -0.5000 -0.0880 -0.0680  0.3910  0.4385  0.5000
       1       4       1       7       1    ****
   4   2   1   7   7   2   2
 -0.5000 -0.4389 -0.3312 -0.0680  0.3910  0.4385  0.5000
       1       7       4       1       7       1    ****
 -0.5000 -0.4389 -0.3312 -0.0680  0.2306  0.4946  0.5000
       1       7       4       1       2       5    ****
 ... generation ...    8
   1   3   2   6   8   2   2
 -0.5000 -0.0880 -0.0680  0.3910  0.4385  0.5000
       1       4       1       7       1    ****
 -0.5000 -0.1319 -0.0680  0.3910  0.4385  0.4410  0.4946  0.5000
       1       4       1       7       1       2       5    ****
   2   2   2   6   8   2   2
 -0.5000  0.3910  0.4385  0.4410  0.4946  0.5000
       1       7       1       2       5    ****
 -0.5000 -0.4389 -0.4188  0.3910  0.4385  0.4410  0.4946  0.5000
       1       7       1       7       1       2       5    ****
   3   3   4   6   7   2   2
 -0.5000 -0.1433 -0.0680  0.3910  0.4385  0.5000
       1       4       1       7       1    ****
 -0.5000 -0.4389 -0.3312 -0.0680  0.3910  0.4385  0.5000
       1       7       4       1       7       1    ****
   4   2   4   8   7   2   2
 -0.5000 -0.1319 -0.0680  0.3910  0.4385  0.4410  0.4946  0.5000
       1       4       1       7       1       2       5    ****
 -0.5000 -0.4389 -0.3312 -0.0680  0.3910  0.4385  0.5000
       1       7       4       1       7       1    ****
 ... generation ...    9
   1   4   2   7   6   2   2
 -0.5000 -0.4389 -0.3312 -0.0680  0.3910  0.4385  0.5000
       1       7       4       1       7       1    ****
 -0.5000  0.3910  0.4385  0.4410  0.4946  0.5000
       1       7       1       2       5    ****
   2   1   4   8   7   2   2
 -0.5000 -0.0880 -0.0680  0.3910  0.4385  0.4659  0.4946  0.5000
       1       4       1       7       1       2       5    ****
 -0.5000 -0.4389 -0.3312 -0.0680  0.3910  0.4385  0.5000
       1       7       4       1       7       1    ****
   3   3   4   7   8   2   2
 -0.5000 -0.4389 -0.3312 -0.0680  0.3910  0.4385  0.5000
       1       7       4       1       7       1    ****
 -0.5000 -0.4389 -0.3312 -0.0680  0.3910  0.4385  0.4995  0.5000
       1       7       4       1       7       1       5    ****
   4   4   4   7   6   2   2
 -0.5000 -0.4389 -0.3312 -0.0680  0.3910  0.4385  0.5000
       1       7       4       1       7       1    ****
 -0.5000 -0.1319 -0.0680  0.3910  0.4385  0.5000
       1       4       1       7       1    ****
 ... generation ...   10
   1   3   1   7   8   2   2
 -0.5000 -0.4389 -0.3312 -0.0680  0.3910  0.4385  0.5000
       1       7       4       1       7       1    ****
 -0.5000 -0.3279 -0.1343  0.3910  0.4385  0.4410  0.4946  0.5000
       1       4       1       7       1       2       5    ****
   2   3   4   8   7   2   2
 -0.5000 -0.4389 -0.3312 -0.0680  0.3910  0.4385  0.4995  0.5000
       1       7       4       1       7       1       5    ****
 -0.5000 -0.4389 -0.3312 -0.0680  0.3910  0.4385  0.5000
       1       7       4       1       7       1    ****
   3   1   2   9   8   2   2
 -0.5000 -0.4389 -0.3312 -0.1793 -0.1755 -0.0680  0.3910  0.4385  0.5000
       1       7       4       1       4       1       7       1    ****
 -0.5000 -0.0880 -0.0680  0.3910  0.4385  0.4659  0.4946  0.5000
       1       4       1       7       1       2       5    ****
   4   1   3   6   7   2   2
 -0.5000  0.3910  0.4385  0.4410  0.4946  0.5000
       1       7       1       2       5    ****
 -0.5000 -0.4389 -0.3312 -0.0680  0.3910  0.4385  0.5000
       1       7       4       1       7       1    ****
