 ... generation ...    0
   1   0   0   2   2   2   2
  0.0000  1.0000
       1    ****
  0.0000  1.0000
       2    ****
  0.0000  1.0000
       0    ****
  0.0000  1.0000
       0    ****
   2   0   0   2   2   2   2
  0.0000  1.0000
       3    ****
  0.0000  1.0000
       4    ****
  0.0000  1.0000
       0    ****
  0.0000  1.0000
       0    ****
   3   0   0   2   2   2   2
  0.0000  1.0000
       5    ****
  0.0000  1.0000
       6    ****
  0.0000  1.0000
       0    ****
  0.0000  1.0000
       0    ****
   4   0   0   2   2   2   2
  0.0000  1.0000
       7    ****
  0.0000  1.0000
       8    ****
  0.0000  1.0000
       0    ****
  0.0000  1.0000
       0    ****
 ... generation ...    1
   1   2   1   3   2   3   2
  0.0000  0.4880  1.0000
       3       4    ****
  0.0000  1.0000
       2    ****
  0.0000  0.4880  1.0000
      -1       1    ****
  0.0000  1.0000
       0    ****
   2   4   1   4   2   2   2
  0.0000  0.1497  0.3718  1.0000
       8       7       8    ****
  0.0000  1.0000
       1    ****
  0.0000  1.0000
       0    ****
  0.0000  1.0000
       0    ****
   3   1   3   5   3   2   2
  0.0000  0.0656  0.3788  0.9719  1.0000
       1       2       1       2    ****
  0.0000  0.4023  1.0000
       6       5    ****
  0.0000  1.0000
       0    ****
  0.0000  1.0000
       0    ****
   4   2   4   2   2   2   2
  0.0000  1.0000
       4    ****
  0.0000  1.0000
       8    ****
  0.0000  1.0000
       1    ****
  0.0000  1.0000
       0    ****
 ... generation ...    2
   1   1   3   3   5   3   2
  0.0000  0.4880  1.0000
       3       4    ****
  0.0000  0.0656  0.3788  0.9719  1.0000
       1       2       1       2    ****
  0.0000  0.4880  1.0000
       0       1    ****
  0.0000  1.0000
       0    ****
   2   1   2   3   5   3   2
  0.0000  0.4636  1.0000
       3       2    ****
  0.0000  0.3515  0.3718  0.9587  1.0000
       1       7       8       1    ****
  0.0000  0.4880  1.0000
       0      -1    ****
  0.0000  1.0000
       0    ****
   3   4   1   4   4   4   4
  0.0000  0.4488  0.9886  1.0000
       4       8       4    ****
  0.0000  0.4880  0.9615  1.0000
       3       4       2    ****
  0.0000  0.4488  0.9886  1.0000
       1      -1       1    ****
  0.0000  0.4880  0.9615  1.0000
       0       1      -1    ****
   4   3   3   5   5   2   2
  0.0000  0.1252  0.3788  0.8579  1.0000
       6       2       1       5    ****
  0.0000  0.0656  0.3788  0.7537  1.0000
       1       2       1       5    ****
  0.0000  1.0000
       0    ****
  0.0000  1.0000
       0    ****
 ... generation ...    3
   1   3   2   5   3   7   2
  0.0000  0.4488  0.9427  0.9615  1.0000
       4       8       4       2    ****
  0.0000  0.4636  1.0000
       3       2    ****
  0.0000  0.4488  0.4880  0.9427  0.9615  0.9886  1.0000
       1       0      -1       1       0      -1    ****
  0.0000  1.0000
       0    ****
   2   2   1   5   3   2   3
  0.0000  0.3515  0.3718  0.9587  1.0000
       1       7       8       1    ****
  0.0000  0.4880  1.0000
       3       4    ****
  0.0000  1.0000
       0    ****
  0.0000  0.4880  1.0000
       0       1    ****
   3   4   1   5   5   2   3
  0.0000  0.1252  0.3788  0.8579  1.0000
       6       2       1       5    ****
  0.0000  0.2259  0.2731  0.4880  1.0000
       3       2       3       4    ****
  0.0000  1.0000
       0    ****
  0.0000  0.4880  1.0000
       0       1    ****
   4   2   2   5   4   2   2
  0.0000  0.3515  0.3718  0.9587  1.0000
       1       7       8       1    ****
  0.0000  0.4010  0.6793  1.0000
       3       8       2    ****
  0.0000  1.0000
       0    ****
  0.0000  1.0000
       0    ****
 ... generation ...    4
   1   2   2   4   6   3   4
  0.0000  0.3732  0.9587  1.0000
       3       8       1    ****
  0.0000  0.1386  0.4880  0.7151  0.9587  1.0000
       1       3       4       8       1    ****
  0.0000  0.4880  1.0000
       0      -1    ****
  0.0000  0.4880  0.7151  1.0000
       0       1      -1    ****
   2   2   2   3   5   3   4
  0.0000  0.4880  1.0000
       3       4    ****
  0.0000  0.3515  0.3718  0.6687  1.0000
       1       7       8       4    ****
  0.0000  0.4880  1.0000
       0       1    ****
  0.0000  0.4880  0.6687  1.0000
       0      -1       1    ****
   3   4   3   4   5   2   3
  0.0000  0.4010  0.6793  1.0000
       3       8       2    ****
  0.0000  0.2259  0.2731  0.4880  1.0000
       3       2       3       4    ****
  0.0000  1.0000
       0    ****
  0.0000  0.4880  1.0000
       0       1    ****
   4   3   3   8   7   5   5
  0.0000  0.2259  0.2731  0.4880  0.7432  0.8579  0.9953  1.0000
       3       2       3       4       1       5       4    ****
  0.0000  0.2259  0.2731  0.4880  0.5796  0.6211  1.0000
       3       2       3       4       1       4    ****
  0.0000  0.4880  0.7432  0.9953  1.0000
       0       1      -1       1    ****
  0.0000  0.4880  0.5796  0.6211  1.0000
       0       1      -1       1    ****
 ... generation ...    5
   1   3   2   5   7   3   4
  0.0000  0.2259  0.2731  0.4880  1.0000
       3       2       3       4    ****
  0.0000  0.1708  0.2470  0.3515  0.3718  0.6687  1.0000
       1       3       1       7       8       4    ****
  0.0000  0.4880  1.0000
       0       1    ****
  0.0000  0.4880  0.6687  1.0000
       0      -1       0    ****
   2   2   3   5   5   4   3
  0.0000  0.3515  0.3718  0.6687  1.0000
       1       7       8       4    ****
  0.0000  0.2259  0.2731  0.4880  1.0000
       3       2       3       4    ****
  0.0000  0.4880  0.6687  1.0000
       0      -1       0    ****
  0.0000  0.4880  1.0000
       0       1    ****
   3   4   1   7   4   6   4
  0.0000  0.2259  0.2731  0.4880  0.5796  0.6211  1.0000
       3       2       3       4       1       4    ****
  0.0000  0.3732  0.9587  1.0000
       3       8       1    ****
  0.0000  0.5796  0.6211  0.7432  0.9953  1.0000
       0      -1       0       1       0    ****
  0.0000  0.4880  0.7151  1.0000
       0      -1       0    ****
   4   4   2   7   4   7   4
  0.0000  0.2259  0.2731  0.4880  0.7432  0.8059  1.0000
       3       2       3       4       1       4    ****
  0.0000  0.2938  0.4880  1.0000
       1       3       4    ****
  0.0000  0.5796  0.6211  0.7432  0.8059  0.9953  1.0000
       0       1       0      -1       1       0    ****
  0.0000  0.4880  0.6687  1.0000
       0       1       0    ****
 ... generation ...    6
   1   1   1   5   7   4   4
  0.0000  0.2259  0.2731  0.4880  1.0000
       3       2       3       4    ****
  0.0000  0.0806  0.1172  0.2259  0.2731  0.4880  1.0000
       3       1       3       2       3       4    ****
  0.0000  0.4880  0.6687  1.0000
       0       1       0    ****
  0.0000  0.4880  0.6687  1.0000
       0       1       0    ****
   2   2   2   9   5   4   4
  0.0000  0.2259  0.2731  0.3212  0.3515  0.3718  0.4296  0.4880  1.0000
       3       2       3       1       7       8       3       4    ****
  0.0000  0.2259  0.2731  0.4880  1.0000
       3       2       3       4    ****
  0.0000  0.4880  0.6687  1.0000
       0       1       0    ****
  0.0000  0.4880  0.6687  1.0000
       0       1       0    ****
   3   1   4   7   8   4   4
  0.0000  0.1708  0.2470  0.3515  0.3718  0.6687  1.0000
       1       3       1       7       8       4    ****
  0.0000  0.2120  0.2259  0.2731  0.4880  0.7432  0.8059  1.0000
       1       3       2       3       4       1       4    ****
  0.0000  0.4880  0.6687  1.0000
       0      -1       0    ****
  0.0000  0.7432  0.8059  1.0000
       0      -1       0    ****
   4   2   2   5   5   4   4
  0.0000  0.2259  0.2731  0.4880  1.0000
       3       2       3       4    ****
  0.0000  0.3515  0.3718  0.6687  1.0000
       1       7       8       4    ****
  0.0000  0.4880  0.6687  1.0000
       0       1       0    ****
  0.0000  0.4880  0.6687  1.0000
       0      -1       0    ****
 ... generation ...    7
   1   4   1   6   7   4   2
  0.0000  0.1290  0.3515  0.3718  0.6687  1.0000
       3       1       7       8       4    ****
  0.0000  0.1128  0.1172  0.2259  0.2731  0.4880  1.0000
       3       1       3       2       3       4    ****
  0.0000  0.4880  0.6687  1.0000
       0      -1       0    ****
  0.0000  1.0000
       0    ****
   2   1   1   5   5   2   2
  0.0000  0.2259  0.2731  0.4880  1.0000
       3       2       3       4    ****
  0.0000  0.2259  0.2731  0.4880  1.0000
       3       2       3       4    ****
  0.0000  1.0000
       0    ****
  0.0000  1.0000
       0    ****
   3   4   4   5   5   4   4
  0.0000  0.3515  0.3718  0.6687  1.0000
       1       7       8       4    ****
  0.0000  0.2259  0.2731  0.4880  1.0000
       3       2       3       4    ****
  0.0000  0.4880  0.6687  1.0000
       0      -1       0    ****
  0.0000  0.4880  0.6687  1.0000
       0       1       0    ****
   4   1   3   7  10   2   6
  0.0000  0.0806  0.1172  0.2259  0.2731  0.4880  1.0000
       3       1       3       2       3       4    ****
  0.0000  0.1708  0.2084  0.2120  0.2259  0.2731  0.4880  0.7432  0.8059  1.0000
       1       3       1       3       2       3       4       1       4    ****
  0.0000  1.0000
       0    ****
  0.0000  0.4880  0.6687  0.7432  0.8059  1.0000
       0       1       0      -1       0    ****
 ... generation ...    8
   1   2   2   5   5   2   2
  0.0000  0.2259  0.2731  0.4880  1.0000
       3       2       3       4    ****
  0.0000  0.2259  0.2731  0.4880  1.0000
       3       2       3       4    ****
  0.0000  1.0000
       0    ****
  0.0000  1.0000
       0    ****
   2   3   2   6   5   4   2
  0.0000  0.1534  0.3515  0.3718  0.6687  1.0000
       3       1       7       8       4    ****
  0.0000  0.2259  0.2731  0.4880  1.0000
       3       2       3       4    ****
  0.0000  0.4880  0.6687  1.0000
       0      -1       0    ****
  0.0000  1.0000
       0    ****
   3   3   4   8  10   5   4
  0.0000  0.3515  0.3718  0.4367  0.4880  0.5526  0.6687  1.0000
       1       7       8       3       4       8       4    ****
  0.0000  0.1708  0.2084  0.2120  0.2259  0.2731  0.4880  0.7432  0.8059  1.0000
       1       3       1       3       2       3       4       1       4    ****
  0.0000  0.4880  0.5526  0.6687  1.0000
       0       1      -1       0    ****
  0.0000  0.7432  0.8059  1.0000
       0      -1       0    ****
   4   1   1   6   9   4   4
  0.0000  0.1290  0.3515  0.3643  0.4880  1.0000
       3       1       7       3       4    ****
  0.0000  0.1128  0.1172  0.2259  0.2731  0.3657  0.3718  0.6687  1.0000
       3       1       3       2       3       7       8       4    ****
  0.0000  0.4880  0.6687  1.0000
       0       1       0    ****
  0.0000  0.4880  0.6687  1.0000
       0      -1       0    ****
 ... generation ...    9
   1   4   4   9  11   4   5
  0.0000  0.1128  0.1172  0.2259  0.2731  0.3657  0.3718  0.6687  1.0000
       3       1       3       2       3       7       8       4    ****
  0.0000  0.1128  0.1172  0.2259  0.2473  0.3515  0.3643  0.4880  0.6334  0.6687
       3       1       3       2       1       7       3       4       8       4
  1.0000
    ****
  0.0000  0.4880  0.6687  1.0000
       0      -1       0    ****
  0.0000  0.4880  0.6334  0.6687  1.0000
       0       1      -1       0    ****
   2   2   1   7   5   4   2
  0.0000  0.1534  0.1943  0.2259  0.2731  0.4880  1.0000
       3       1       3       2       3       4    ****
  0.0000  0.2259  0.2731  0.4880  1.0000
       3       2       3       4    ****
  0.0000  0.4880  0.6687  1.0000
       0       1       0    ****
  0.0000  1.0000
       0    ****
   3   3   4  10   7   6   4
  0.0000  0.1708  0.2084  0.2120  0.2259  0.2731  0.4880  0.7432  0.8059  1.0000
       1       3       1       3       2       3       4       1       4    ****
  0.0000  0.1290  0.3515  0.3643  0.3907  0.6687  1.0000
       3       1       7       3       8       4    ****
  0.0000  0.5526  0.6687  0.7432  0.8059  1.0000
       0       1       0      -1       0    ****
  0.0000  0.4880  0.6687  1.0000
       0      -1       0    ****
   4   3   2  10   7   6   4
  0.0000  0.1708  0.2084  0.2120  0.2259  0.2731  0.4880  0.7432  0.8059  1.0000
       1       3       1       3       2       3       4       1       4    ****
  0.0000  0.2259  0.2300  0.2495  0.2731  0.4880  1.0000
       3       2       1       2       3       4    ****
  0.0000  0.5526  0.6687  0.7432  0.8059  1.0000
       0       1       0      -1       0    ****
  0.0000  0.4880  0.6687  1.0000
       0       1       0    ****
 ... generation ...   10
   1   1   2   9   7   4   2
  0.0000  0.1128  0.1172  0.2259  0.2731  0.3657  0.3718  0.6687  1.0000
       3       1       3       2       3       7       8       4    ****
  0.0000  0.1534  0.1943  0.2259  0.2731  0.4880  1.0000
       3       1       3       2       3       4    ****
  0.0000  0.4880  0.6334  1.0000
       0      -1       0    ****
  0.0000  1.0000
       0    ****
   2   1   4  12   9   5   4
  0.0000  0.1128  0.1172  0.2259  0.2473  0.3267  0.3657  0.3718  0.6221  0.6334
       3       1       3       2       1       3       7       8       4       8
  0.6687  1.0000
       4    ****
  0.0000  0.2259  0.2300  0.2495  0.2731  0.4880  0.7432  0.8059  1.0000
       3       2       1       2       3       4       1       4    ****
  0.0000  0.4880  0.6221  0.6334  1.0000
       0      -1       1       0    ****
  0.0000  0.7432  0.8059  1.0000
       0      -1       0    ****
   3   2   4   5   9   2   4
  0.0000  0.2259  0.2731  0.4880  1.0000
       3       2       3       4    ****
  0.0000  0.2259  0.2300  0.2495  0.2731  0.4880  0.7432  0.8059  1.0000
       3       2       1       2       3       4       1       4    ****
  0.0000  1.0000
       0    ****
  0.0000  0.7432  0.8059  1.0000
       0      -1       0    ****
   4   3   4  10   7   6   4
  0.0000  0.1708  0.2084  0.2120  0.2259  0.2731  0.4880  0.7432  0.8059  1.0000
       1       3       1       3       2       3       4       1       4    ****
  0.0000  0.2259  0.2300  0.2495  0.2731  0.4880  1.0000
       3       2       1       2       3       4    ****
  0.0000  0.4880  0.6687  0.7432  0.8059  1.0000
       0       1       0      -1       0    ****
  0.0000  0.7432  0.8059  1.0000
       0       1       0    ****
