 ... generation ...    0
   1   0   0   2   2   2   2
 -0.5000  0.5000
       1    ****
 -0.5000  0.5000
       2    ****
 -0.5000  0.5000
       0    ****
 -0.5000  0.5000
       0    ****
   2   0   0   2   2   2   2
 -0.5000  0.5000
       3    ****
 -0.5000  0.5000
       4    ****
 -0.5000  0.5000
       0    ****
 -0.5000  0.5000
       0    ****
   3   0   0   2   2   2   2
 -0.5000  0.5000
       5    ****
 -0.5000  0.5000
       6    ****
 -0.5000  0.5000
       0    ****
 -0.5000  0.5000
       0    ****
   4   0   0   2   2   2   2
 -0.5000  0.5000
       7    ****
 -0.5000  0.5000
       8    ****
 -0.5000  0.5000
       0    ****
 -0.5000  0.5000
       0    ****
 ... generation ...    1
   1   3   2   3   4   2   2
 -0.5000 -0.2664  0.5000
       5       6    ****
 -0.5000 -0.4456 -0.3023  0.5000
       3       4       3    ****
 -0.5000  0.5000
       0    ****
 -0.5000  0.5000
       0    ****
   2   4   3   2   3   2   2
 -0.5000  0.5000
       8    ****
 -0.5000  0.4551  0.5000
       5       6    ****
 -0.5000  0.5000
       1    ****
 -0.5000  0.5000
       0    ****
   3   4   4   2   2   2   2
 -0.5000  0.5000
       8    ****
 -0.5000  0.5000
       7    ****
 -0.5000  0.5000
       1    ****
 -0.5000  0.5000
      -1    ****
   4   4   2   3   2   3   2
 -0.5000 -0.3726  0.5000
       7       8    ****
 -0.5000  0.5000
       3    ****
 -0.5000 -0.3726  0.5000
      -1       1    ****
 -0.5000  0.5000
       0    ****
 ... generation ...    2
   1   2   2   5   2   5   2
 -0.5000  0.0485  0.1243  0.2818  0.5000
       5       8       5       8    ****
 -0.5000  0.5000
       8    ****
 -0.5000  0.0485  0.1243  0.2818  0.5000
      -1       1      -1       1    ****
 -0.5000  0.5000
       1    ****
   2   1   4   4   4   2   3
 -0.5000 -0.4456 -0.3023  0.5000
       3       4       3    ****
 -0.5000 -0.4035 -0.3726  0.5000
       3       7       8    ****
 -0.5000  0.5000
       0    ****
 -0.5000 -0.3726  0.5000
       0       1    ****
   3   1   2   3   3   2   3
 -0.5000 -0.2664  0.5000
       5       6    ****
 -0.5000 -0.3203  0.5000
       5       8    ****
 -0.5000  0.5000
       0    ****
 -0.5000 -0.3203  0.5000
      -1       1    ****
   4   3   3   4   4   4   4
 -0.5000  0.1396  0.1451  0.5000
       8       7       8    ****
 -0.5000 -0.1540  0.3749  0.5000
       7       8       7    ****
 -0.5000  0.1396  0.1451  0.5000
       1      -1       1    ****
 -0.5000 -0.1540  0.3749  0.5000
      -1       1      -1    ****
 ... generation ...    3
   1   2   4   4   4   3   6
 -0.5000 -0.4456 -0.3023  0.5000
       3       4       3    ****
 -0.5000 -0.1540  0.3749  0.5000
       7       8       7    ****
 -0.5000 -0.3726  0.5000
       0      -1    ****
 -0.5000 -0.1540  0.1396  0.1451  0.3749  0.5000
      -1       0       1       0      -1    ****
   2   4   2   4   4   6   3
 -0.5000 -0.1540  0.3749  0.5000
       7       8       7    ****
 -0.5000 -0.4035 -0.3726  0.5000
       3       7       8    ****
 -0.5000 -0.1540  0.1396  0.1451  0.3749  0.5000
      -1       0       1       0      -1    ****
 -0.5000 -0.3726  0.5000
       0       1    ****
   3   4   3   5   4   7   4
 -0.5000 -0.4622  0.1396  0.1451  0.5000
       7       8       7       8    ****
 -0.5000 -0.2664  0.2434  0.5000
       5       6       8    ****
 -0.5000 -0.4622 -0.1540  0.1396  0.1451  0.3749  0.5000
      -1       1       0      -1       0       1    ****
 -0.5000 -0.3203  0.2434  0.5000
       0      -1       1    ****
   4   1   3   4   6   6   6
 -0.5000  0.1281  0.2818  0.5000
       8       5       8    ****
 -0.5000 -0.2664 -0.1174  0.2169  0.3637  0.5000
       5       6       8       6       8    ****
 -0.5000  0.0485  0.1243  0.1281  0.2818  0.5000
       1       0       1      -1       0    ****
 -0.5000 -0.3203 -0.1174  0.2169  0.3637  0.5000
       0      -1       1      -1       1    ****
 ... generation ...    4
   1   2   4   3   7   5   9
 -0.5000 -0.1540  0.5000
       7       8    ****
 -0.5000 -0.3652 -0.1607 -0.1174  0.2169  0.3637  0.5000
       5       8       6       8       6       8    ****
 -0.5000 -0.3726 -0.1540  0.3749  0.5000
       0      -1       0       1    ****
 -0.5000 -0.3652 -0.1607 -0.1174  0.1281  0.2169  0.2818  0.3637  0.5000
      -1       1      -1       0       1       0      -1       0    ****
   2   3   2   4   6   6   6
 -0.5000 -0.2664  0.2434  0.5000
       5       6       8    ****
 -0.5000 -0.4035 -0.3726  0.3749  0.4272  0.5000
       3       7       8       7       8    ****
 -0.5000 -0.4622  0.1396  0.1451  0.2434  0.5000
       0      -1       0      -1       0    ****
 -0.5000 -0.3726 -0.1540  0.3749  0.4272  0.5000
       0       1       0      -1       1    ****
   3   2   2   4   6   5   7
 -0.5000 -0.4035 -0.3726  0.5000
       3       7       8    ****
 -0.5000 -0.4035 -0.3726  0.3946  0.4437  0.5000
       3       7       8       7       8    ****
 -0.5000 -0.3726 -0.1540  0.3749  0.5000
       0       1       0       1    ****
 -0.5000 -0.3726 -0.1540  0.3749  0.3946  0.4437  0.5000
       0       1       0       1      -1       1    ****
   4   1   3   6   4   5   6
 -0.5000 -0.4014 -0.3023  0.2852  0.3749  0.5000
       7       4       3       8       7    ****
 -0.5000 -0.2664  0.2434  0.5000
       5       6       8    ****
 -0.5000 -0.1540  0.2852  0.3749  0.5000
       0      -1       1       0    ****
 -0.5000 -0.4622  0.1396  0.1451  0.2434  0.5000
       0      -1       0      -1       0    ****
 ... generation ...    5
   1   4   1   6   5   5   9
 -0.5000 -0.2664  0.1989  0.2852  0.3749  0.5000
       5       6       3       8       7    ****
 -0.5000 -0.1540  0.2653  0.3637  0.5000
       7       8       6       8    ****
 -0.5000  0.2434  0.2852  0.3749  0.5000
       0      -1       0      -1    ****
 -0.5000 -0.3652 -0.1607 -0.1540 -0.1174  0.2169  0.2653  0.3637  0.5000
       0      -1       0       1       0       1      -1       0    ****
   2   3   1   6   7   4   9
 -0.5000 -0.4035 -0.3726  0.3946  0.4437  0.5000
       3       7       8       7       8    ****
 -0.5000 -0.3652 -0.3343 -0.1540  0.2169  0.3637  0.5000
       5       8       7       8       6       8    ****
 -0.5000  0.3946  0.4437  0.5000
       0      -1       0    ****
 -0.5000 -0.3652 -0.3343 -0.1607 -0.1540 -0.1174  0.2169  0.3637  0.5000
       0       1      -1       0       1       0      -1       0    ****
   3   2   4   6   6   7   5
 -0.5000 -0.2664 -0.1506  0.3749  0.4272  0.5000
       5       6       8       7       8    ****
 -0.5000 -0.4014 -0.3023  0.2852  0.3749  0.5000
       7       4       3       8       7    ****
 -0.5000 -0.3726 -0.1506  0.2434  0.3749  0.4272  0.5000
       0      -1       1       0      -1       0    ****
 -0.5000  0.2434  0.2852  0.3749  0.5000
       0      -1       0      -1    ****
   4   3   4   6   7   4   5
 -0.5000 -0.4035 -0.3726  0.3946  0.4437  0.5000
       3       7       8       7       8    ****
 -0.5000 -0.4014 -0.3330 -0.2946  0.2852  0.3749  0.5000
       7       4       5       3       8       7    ****
 -0.5000  0.3946  0.4437  0.5000
       0      -1       0    ****
 -0.5000  0.2434  0.2852  0.3749  0.5000
       0      -1       0      -1    ****
 ... generation ...    6
   1   2   1   7   7  10   7
 -0.5000 -0.3652 -0.3343 -0.1540  0.2169  0.3637  0.5000
       5       8       7       8       6       8    ****
 -0.5000 -0.4627 -0.2664  0.1989  0.2852  0.3749  0.5000
       7       5       6       3       8       7    ****
 -0.5000 -0.3726 -0.3652 -0.3343 -0.1540  0.2169  0.3637  0.3946  0.4437  0.5000
       0      -1       0      -1       0      -1       0       1       0    ****
 -0.5000 -0.1540  0.2653  0.2852  0.3637  0.3749  0.5000
       0      -1       0       1       0      -1    ****
   2   4   2   7   6   7  10
 -0.5000 -0.4014 -0.3330 -0.2946  0.2852  0.3749  0.5000
       7       4       5       3       8       7    ****
 -0.5000 -0.4035 -0.3726  0.3946  0.4437  0.5000
       3       7       8       7       8    ****
 -0.5000 -0.3726  0.2852  0.3749  0.3946  0.4437  0.5000
       0      -1       0      -1       0      -1    ****
 -0.5000 -0.3726 -0.3652 -0.3343 -0.1540  0.2169  0.3637  0.3946  0.4437  0.5000
       0       1       0       1       0       1       0      -1       0    ****
   3   4   3  10   8   9   5
 -0.5000 -0.4836 -0.4014 -0.3330 -0.2946  0.0598  0.3946  0.4437  0.4644  0.5000
       3       7       4       5       3       8       7       8       7    ****
 -0.5000 -0.4079 -0.4014 -0.3023 -0.2338 -0.1506  0.3749  0.5000
       5       7       4       3       6       8       7    ****
 -0.5000 -0.3726  0.0598  0.2852  0.3749  0.3946  0.4437  0.4644  0.5000
       0      -1       1       0       1       0       1      -1    ****
 -0.5000 -0.1506  0.2852  0.4272  0.5000
       0       1       0      -1    ****
   4   3   3   7   6   6   5
 -0.5000 -0.2664 -0.1506  0.2074  0.2852  0.3749  0.5000
       5       6       8       3       8       7    ****
 -0.5000 -0.3635 -0.3023  0.2852  0.3749  0.5000
       5       4       3       8       7    ****
 -0.5000 -0.1506  0.2074  0.2852  0.4272  0.5000
       0       1      -1       0      -1    ****
 -0.5000 -0.1506  0.2852  0.4272  0.5000
       0      -1       0      -1    ****
 ... generation ...    7
   1   1   4   7   8   9   5
 -0.5000 -0.4627 -0.2664  0.1989  0.2852  0.3749  0.5000
       7       5       6       3       8       7    ****
 -0.5000 -0.3635 -0.3023  0.1661  0.2074  0.2852  0.3749  0.5000
       5       4       3       8       3       8       7    ****
 -0.5000 -0.3652 -0.3343 -0.1540  0.2169  0.2852  0.3637  0.3749  0.5000
       0      -1       0      -1       0       1       0      -1    ****
 -0.5000 -0.1506  0.1661  0.2074  0.5000
       0      -1       1       0    ****
   2   4   1   6   7   4   9
 -0.5000 -0.2664 -0.2612  0.2852  0.3749  0.5000
       5       6       3       8       7    ****
 -0.5000 -0.4627 -0.2664  0.1989  0.2852  0.3749  0.5000
       7       5       6       3       8       7    ****
 -0.5000 -0.1506  0.2074  0.5000
       0      -1       0    ****
 -0.5000 -0.3652 -0.3343 -0.1540  0.2169  0.2852  0.3637  0.3749  0.5000
       0      -1       0      -1       0       1       0      -1    ****
   3   2   1   6   9   7   9
 -0.5000 -0.4035 -0.3726  0.3946  0.4437  0.5000
       3       7       8       7       8    ****
 -0.5000 -0.3652 -0.3343 -0.2598 -0.1805 -0.1540  0.2169  0.3637  0.5000
       5       8       7       6       7       8       6       8    ****
 -0.5000 -0.3726  0.2852  0.3749  0.3946  0.4437  0.5000
       0       1       0       1       0       1    ****
 -0.5000 -0.3652 -0.3343 -0.1540  0.2169  0.2852  0.3637  0.3749  0.5000
       0       1       0       1       0      -1       0       1    ****
   4   1   3   8   8  10   8
 -0.5000 -0.4627 -0.2780 -0.1540  0.2169  0.3637  0.4611  0.5000
       7       5       7       8       6       8       7    ****
 -0.5000 -0.4079 -0.4014 -0.3023 -0.2338 -0.1506  0.3749  0.5000
       5       7       4       3       6       8       7    ****
 -0.5000 -0.3652 -0.3343 -0.1540  0.2169  0.2852  0.3637  0.3749  0.4611  0.5000
       0      -1       0       1       0      -1       0       1      -1    ****
 -0.5000 -0.1506  0.0598  0.3749  0.3946  0.4437  0.4644  0.5000
       0       1       0      -1       0      -1       0    ****
 ... generation ...    8
   1   1   4   9   8   4   8
 -0.5000 -0.4627 -0.3635 -0.3023  0.1661  0.2074  0.2852  0.3749  0.5000
       7       5       4       3       8       3       8       7    ****
 -0.5000 -0.4079 -0.4014 -0.3023 -0.2338 -0.1506  0.3749  0.5000
       5       7       4       3       6       8       7    ****
 -0.5000  0.1661  0.2074  0.5000
       0       1       0    ****
 -0.5000 -0.1540 -0.1506  0.2169  0.3637  0.3749  0.4611  0.5000
       0      -1       0       1       0      -1       0    ****
   2   1   2   8   6   4   2
 -0.5000 -0.3635 -0.3023  0.1661  0.2074  0.2852  0.3749  0.5000
       5       4       3       8       3       8       7    ****
 -0.5000 -0.2664 -0.2612  0.2852  0.3749  0.5000
       5       6       3       8       7    ****
 -0.5000  0.1661  0.2074  0.5000
       0       1       0    ****
 -0.5000  0.5000
       0    ****
   3   4   4  10   8   8   8
 -0.5000 -0.4079 -0.4014 -0.3929 -0.3167 -0.3023 -0.2338 -0.1506  0.3749  0.5000
       5       7       4       5       4       3       6       8       7    ****
 -0.5000 -0.4079 -0.4014 -0.3023 -0.2338 -0.1506  0.3749  0.5000
       5       7       4       3       6       8       7    ****
 -0.5000 -0.1540 -0.1506  0.2169  0.3637  0.3749  0.4611  0.5000
       0      -1       0       1       0      -1       0    ****
 -0.5000 -0.1540 -0.1506  0.2169  0.3637  0.3749  0.4611  0.5000
       0      -1       0       1       0      -1       0    ****
   4   3   3   6   9  10  10
 -0.5000 -0.4035 -0.3726  0.3946  0.4437  0.5000
       3       7       8       7       8    ****
 -0.5000 -0.3652 -0.3343 -0.2598 -0.1805 -0.1540  0.2169  0.3637  0.5000
       5       8       7       6       7       8       6       8    ****
 -0.5000 -0.3726 -0.3652 -0.3343 -0.1540  0.2169  0.3637  0.3946  0.4437  0.5000
       0       1       0       1       0       1       0      -1       0    ****
 -0.5000 -0.3726 -0.3652 -0.3343 -0.1540  0.2169  0.3637  0.3946  0.4437  0.5000
       0      -1       0      -1       0      -1       0       1       0    ****
 ... generation ...    9
   1   4   2  10   6  10   4
 -0.5000 -0.4045 -0.3652 -0.3343 -0.2598 -0.1805 -0.1540  0.3946  0.4437  0.5000
       3       5       8       7       6       7       8       7       8    ****
 -0.5000 -0.2664 -0.2612  0.2852  0.3749  0.5000
       5       6       3       8       7    ****
 -0.5000 -0.3726 -0.3652 -0.3343 -0.1540  0.2169  0.3637  0.3946  0.4437  0.5000
       0      -1       0      -1       0       1       0      -1       0    ****
 -0.5000  0.1661  0.2074  0.5000
       0      -1       0    ****
   2   4   1  11   8  11   6
 -0.5000 -0.3652 -0.3343 -0.2598 -0.1805 -0.1540  0.2169  0.3637  0.4415  0.4437
       5       8       7       6       7       8       6       8       7       8
  0.5000
    ****
 -0.5000 -0.4079 -0.4014 -0.3023 -0.2338 -0.1506  0.3749  0.5000
       5       7       4       3       6       8       7    ****
 -0.5000 -0.3726 -0.3652 -0.3343 -0.1540  0.2169  0.3637  0.3946  0.4415  0.4437
       0      -1       0      -1       0      -1       0       1      -1       0
  0.5000
    ****
 -0.5000 -0.1506  0.1661  0.2074  0.2852  0.5000
       0       1       0       1       0    ****
   3   4   3   9  10  10   2
 -0.5000 -0.3652 -0.3343 -0.2598 -0.1805 -0.1540  0.2169  0.3637  0.5000
       5       8       7       6       7       8       6       8    ****
 -0.5000 -0.4079 -0.4014 -0.3929 -0.3167 -0.3023 -0.2338 -0.1506  0.3749  0.5000
       5       7       4       5       4       3       6       8       7    ****
 -0.5000 -0.3726 -0.3652 -0.3343 -0.1540  0.2169  0.3637  0.3946  0.4437  0.5000
       0      -1       0      -1       0      -1       0       1       0    ****
 -0.5000  0.5000
       0    ****
   4   2   3   8  10   4   2
 -0.5000 -0.3635 -0.3023  0.1661  0.2074  0.2852  0.3749  0.5000
       5       4       3       8       3       8       7    ****
 -0.5000 -0.4079 -0.4014 -0.3929 -0.3167 -0.3023 -0.2338 -0.1506  0.3749  0.5000
       5       7       4       5       4       3       6       8       7    ****
 -0.5000  0.1661  0.2074  0.5000
       0       1       0    ****
 -0.5000  0.5000
       0    ****
 ... generation ...   10
   1   3   4   9  14   9   7
 -0.5000 -0.3652 -0.3343 -0.2598 -0.1805 -0.1540  0.2169  0.3637  0.5000
       5       8       7       6       7       8       6       8    ****
 -0.5000 -0.4079 -0.4014 -0.3929 -0.3167 -0.3023 -0.2338 -0.1506 -0.0129  0.1661
       5       7       4       5       4       3       6       8       3       8
  0.2074  0.2852  0.3749  0.5000
       3       8       7    ****
 -0.5000 -0.3652 -0.3343 -0.1540 -0.1506  0.2169  0.3637  0.3749  0.5000
       0       1       0       1       0      -1       0       1    ****
 -0.5000 -0.1506 -0.0129  0.1661  0.2074  0.2852  0.5000
       0       1      -1       0      -1       0    ****
   2   1   3   6   8   9   9
 -0.5000 -0.2664 -0.2612  0.2852  0.3749  0.5000
       5       6       3       8       7    ****
 -0.5000 -0.3652 -0.3343 -0.2598 -0.1805 -0.1540  0.3749  0.5000
       5       8       7       6       7       8       7    ****
 -0.5000 -0.3652 -0.3343 -0.1540  0.2852  0.3749  0.3946  0.4437  0.5000
       0      -1       0      -1       0      -1       0      -1    ****
 -0.5000 -0.3652 -0.3343 -0.1540 -0.1506  0.2169  0.3637  0.3749  0.5000
       0       1       0       1       0       1       0      -1    ****
   3   1   1   8   9  10  11
 -0.5000 -0.4916 -0.2664 -0.2612  0.0623  0.3946  0.4437  0.5000
       3       5       6       3       8       7       8    ****
 -0.5000 -0.4122 -0.2664 -0.2612  0.1522  0.3946  0.4437  0.4911  0.5000
       3       5       6       3       8       7       8       7    ****
 -0.5000 -0.3652 -0.3343 -0.1540  0.0623  0.2852  0.3749  0.3946  0.4437  0.5000
       0      -1       0      -1       1       0       1       0       1    ****
 -0.5000 -0.3652 -0.3343 -0.1540  0.1522  0.2852  0.3749  0.3946  0.4437  0.4911
       0      -1       0      -1       1       0       1       0       1      -1
  0.5000
    ****
   4   4   1  10  10   6   9
 -0.5000 -0.4079 -0.4014 -0.3929 -0.3167 -0.3023 -0.2338 -0.1506  0.3749  0.5000
       5       7       4       5       4       3       6       8       7    ****
 -0.5000 -0.4045 -0.3652 -0.3343 -0.2598 -0.1805 -0.1540  0.3946  0.4437  0.5000
       3       5       8       7       6       7       8       7       8    ****
 -0.5000 -0.1506  0.1661  0.2074  0.2852  0.5000
       0       1       0       1       0    ****
 -0.5000 -0.3652 -0.3343 -0.1540  0.2852  0.3749  0.3946  0.4437  0.5000
       0       1       0       1       0       1       0       1    ****
