 ... generation ...    0
   1   0   0   2   2   2   2
  0.0000  1.0000
       1    ****
  0.0000  1.0000
       2    ****
  0.0000  1.0000
       0    ****
  0.0000  1.0000
       0    ****
   2   0   0   2   2   2   2
  0.0000  1.0000
       3    ****
  0.0000  1.0000
       4    ****
  0.0000  1.0000
       0    ****
  0.0000  1.0000
       0    ****
   3   0   0   2   2   2   2
  0.0000  1.0000
       5    ****
  0.0000  1.0000
       6    ****
  0.0000  1.0000
       0    ****
  0.0000  1.0000
       0    ****
   4   0   0   2   2   2   2
  0.0000  1.0000
       7    ****
  0.0000  1.0000
       8    ****
  0.0000  1.0000
       0    ****
  0.0000  1.0000
       0    ****
 ... generation ...    1
   1   2   1   4   3   2   3
  0.0000  0.4096  0.9629  1.0000
       4       3       4    ****
  0.0000  0.4878  1.0000
       2       1    ****
  0.0000  1.0000
       0    ****
  0.0000  0.4878  1.0000
      -1       1    ****
   2   4   4   3   2   2   2
  0.0000  0.4489  1.0000
       7       8    ****
  0.0000  1.0000
       8    ****
  0.0000  1.0000
       0    ****
  0.0000  1.0000
       0    ****
   3   3   2   2   4   2   2
  0.0000  1.0000
       5    ****
  0.0000  0.5781  0.9278  1.0000
       3       4       3    ****
  0.0000  1.0000
       0    ****
  0.0000  1.0000
       0    ****
   4   2   2   5   2   2   2
  0.0000  0.6970  0.8399  0.9646  1.0000
       4       3       4       3    ****
  0.0000  1.0000
       3    ****
  0.0000  1.0000
       0    ****
  0.0000  1.0000
       0    ****
 ... generation ...    2
   1   3   1   2   5   2   3
  0.0000  1.0000
       5    ****
  0.0000  0.2982  0.4096  0.9629  1.0000
       2       4       3       4    ****
  0.0000  1.0000
       0    ****
  0.0000  0.4878  1.0000
       0      -1    ****
   2   2   4   3   5   2   2
  0.0000  0.2601  1.0000
       7       8    ****
  0.0000  0.6970  0.8399  0.9646  1.0000
       4       3       4       3    ****
  0.0000  1.0000
       0    ****
  0.0000  1.0000
       0    ****
   3   4   4   5   2   2   2
  0.0000  0.3127  0.9275  0.9646  1.0000
       4       3       4       3    ****
  0.0000  1.0000
       3    ****
  0.0000  1.0000
       0    ****
  0.0000  1.0000
       0    ****
   4   3   1   4   4   2   4
  0.0000  0.5781  0.9278  1.0000
       3       4       3    ****
  0.0000  0.4490  0.5515  1.0000
       2       3       1    ****
  0.0000  1.0000
       0    ****
  0.0000  0.4878  0.5515  1.0000
       0      -1       1    ****
 ... generation ...    3
   1   4   1   5   5   3   2
  0.0000  0.1422  0.5781  0.9278  1.0000
       2       3       4       3    ****
  0.0000  0.2982  0.4096  0.9629  1.0000
       2       4       3       4    ****
  0.0000  0.5515  1.0000
       0      -1    ****
  0.0000  1.0000
       0    ****
   2   1   2   4   3   2   2
  0.0000  0.1769  0.2019  1.0000
       5       2       5    ****
  0.0000  0.2601  1.0000
       7       8    ****
  0.0000  1.0000
       0    ****
  0.0000  1.0000
       0    ****
   3   4   1   5   4   4   2
  0.0000  0.1935  0.5781  0.6604  1.0000
       2       3       4       1    ****
  0.0000  0.4370  0.9629  1.0000
       5       3       4    ****
  0.0000  0.5515  0.6604  1.0000
       0      -1       1    ****
  0.0000  1.0000
       0    ****
   4   4   4   5   5   3   4
  0.0000  0.1979  0.4490  0.5515  1.0000
       3       2       3       1    ****
  0.0000  0.4490  0.5515  0.9300  1.0000
       2       3       1       3    ****
  0.0000  0.5515  1.0000
       0       1    ****
  0.0000  0.5515  0.9300  1.0000
       0       1      -1    ****
 ... generation ...    4
   1   2   3   4   4   2   3
  0.0000  0.1941  0.2019  1.0000
       7       2       5    ****
  0.0000  0.4370  0.9629  1.0000
       5       3       4    ****
  0.0000  1.0000
       0    ****
  0.0000  0.6604  1.0000
       0      -1    ****
   2   3   4   5   6   3   3
  0.0000  0.4165  0.5781  0.6604  1.0000
       5       3       4       1    ****
  0.0000  0.1979  0.4490  0.5515  0.9300  1.0000
       3       2       3       1       3    ****
  0.0000  0.6604  1.0000
       0       1    ****
  0.0000  0.9300  1.0000
       0      -1    ****
   3   4   2   4   5   3   2
  0.0000  0.4490  0.5515  1.0000
       2       3       1    ****
  0.0000  0.1769  0.2019  0.6288  1.0000
       5       2       5       8    ****
  0.0000  0.9300  1.0000
       0       1    ****
  0.0000  1.0000
       0    ****
   4   1   4   6   6   2   3
  0.0000  0.2982  0.4096  0.5886  0.9278  1.0000
       2       4       3       4       3    ****
  0.0000  0.1979  0.4490  0.5515  0.9300  1.0000
       3       2       3       1       3    ****
  0.0000  1.0000
       0    ****
  0.0000  0.9300  1.0000
       0      -1    ****
 ... generation ...    5
   1   4   2   9   5   4   5
  0.0000  0.1271  0.2982  0.3187  0.3511  0.4096  0.5886  0.9278  1.0000
       3       2       4       2       4       3       4       3    ****
  0.0000  0.4165  0.5781  0.6604  1.0000
       5       3       4       1    ****
  0.0000  0.5515  0.9300  1.0000
       0      -1       0    ****
  0.0000  0.5515  0.6604  0.9300  1.0000
       0      -1       0       1    ****
   2   2   1   6   5   5   2
  0.0000  0.1979  0.4490  0.5515  0.9300  1.0000
       3       2       3       1       3    ****
  0.0000  0.1366  0.4370  0.5561  1.0000
       7       5       3       5    ****
  0.0000  0.5515  0.6604  0.9300  1.0000
       0       1       0      -1    ****
  0.0000  1.0000
       0    ****
   3   4   4   7   6   6   4
  0.0000  0.4490  0.5515  0.6598  0.6982  0.9300  1.0000
       2       3       1       4       1       3    ****
  0.0000  0.2982  0.4096  0.5886  0.9278  1.0000
       2       4       3       4       3    ****
  0.0000  0.5515  0.6598  0.6982  0.9300  1.0000
       0       1      -1       1       0    ****
  0.0000  0.5515  0.9300  1.0000
       0      -1       0    ****
   4   2   4   5   5   5   4
  0.0000  0.4165  0.5515  0.9300  1.0000
       5       3       1       3    ****
  0.0000  0.4239  0.5886  0.9278  1.0000
       2       3       4       3    ****
  0.0000  0.5515  0.6604  0.9300  1.0000
       0       1       0      -1    ****
  0.0000  0.5515  0.9300  1.0000
       0      -1       0    ****
 ... generation ...    6
   1   1   1   5   9   3   3
  0.0000  0.4165  0.5781  0.6604  1.0000
       5       3       4       1    ****
  0.0000  0.1271  0.2982  0.3187  0.3511  0.4096  0.5886  0.9278  1.0000
       3       2       4       2       4       3       4       3    ****
  0.0000  0.6604  1.0000
       0       1    ****
  0.0000  0.6604  1.0000
       0      -1    ****
   2   1   2   5   6   3   4
  0.0000  0.4165  0.5781  0.6604  1.0000
       5       3       4       1    ****
  0.0000  0.1979  0.4490  0.5515  0.9300  1.0000
       3       2       3       1       3    ****
  0.0000  0.6604  1.0000
       0       1    ****
  0.0000  0.5515  0.9300  1.0000
       0       1       0    ****
   3   1   4  11   7   4   6
  0.0000  0.1271  0.2982  0.3187  0.3511  0.4096  0.5781  0.6604  0.8880  0.9278
       3       2       4       2       4       3       4       1       4       3
  1.0000
    ****
  0.0000  0.4239  0.5886  0.6074  0.7270  0.9278  1.0000
       2       3       4       1       4       3    ****
  0.0000  0.6604  0.8880  1.0000
       0       1      -1    ****
  0.0000  0.5515  0.6074  0.7270  0.9300  1.0000
       0      -1       1      -1       0    ****
   4   3   4   8   5   6   4
  0.0000  0.2982  0.4096  0.5515  0.6598  0.6982  0.9300  1.0000
       2       4       3       1       4       1       3    ****
  0.0000  0.4239  0.5886  0.9278  1.0000
       2       3       4       3    ****
  0.0000  0.5515  0.6598  0.6982  0.9300  1.0000
       0       1       0       1       0    ****
  0.0000  0.5515  0.9300  1.0000
       0      -1       0    ****
 ... generation ...    7
   1   2   1   5   5   6   3
  0.0000  0.4165  0.5781  0.6528  1.0000
       5       3       4       1    ****
  0.0000  0.4165  0.5781  0.6604  1.0000
       5       3       4       1    ****
  0.0000  0.5515  0.6528  0.6604  0.9300  1.0000
       0      -1       1       0       1    ****
  0.0000  0.6604  1.0000
       0       1    ****
   2   1   4   9   8   3   6
  0.0000  0.1271  0.2982  0.3187  0.3511  0.4096  0.5886  0.9278  1.0000
       3       2       4       2       4       3       4       3    ****
  0.0000  0.2982  0.4096  0.5515  0.6598  0.6982  0.9300  1.0000
       2       4       3       1       4       1       3    ****
  0.0000  0.6604  1.0000
       0      -1    ****
  0.0000  0.5515  0.6598  0.6982  0.9300  1.0000
       0       1       0       1       0    ****
   3   3   3   7   7   6   6
  0.0000  0.4239  0.5886  0.6074  0.7270  0.9278  1.0000
       2       3       4       1       4       3    ****
  0.0000  0.4239  0.5886  0.6074  0.7270  0.9278  1.0000
       2       3       4       1       4       3    ****
  0.0000  0.6074  0.6604  0.7270  0.8880  1.0000
       0       1       0      -1       0    ****
  0.0000  0.6074  0.6604  0.7270  0.8880  1.0000
       0       1       0      -1       0    ****
   4   1   4  11   5   5   6
  0.0000  0.1271  0.2982  0.3187  0.3511  0.4096  0.5886  0.7320  0.8432  0.9278
       3       2       4       2       4       3       4       1       4       3
  1.0000
    ****
  0.0000  0.4239  0.5886  0.9278  1.0000
       2       3       4       3    ****
  0.0000  0.6604  0.7320  0.8432  1.0000
       0      -1       1      -1    ****
  0.0000  0.5515  0.6598  0.6982  0.9300  1.0000
       0      -1       0      -1       0    ****
 ... generation ...    8
   1   3   3   7   7   2   2
  0.0000  0.4239  0.5886  0.6074  0.7270  0.9278  1.0000
       2       3       4       1       4       3    ****
  0.0000  0.4239  0.5886  0.6074  0.7270  0.9278  1.0000
       2       3       4       1       4       3    ****
  0.0000  1.0000
       0    ****
  0.0000  1.0000
       0    ****
   2   4   2   5  12   4   6
  0.0000  0.4239  0.5886  0.9278  1.0000
       2       3       4       3    ****
  0.0000  0.0233  0.1271  0.2982  0.3187  0.3511  0.4096  0.5515  0.6598  0.6982
       2       3       2       4       2       4       3       1       4       1
  0.9300  1.0000
       3    ****
  0.0000  0.7320  0.8432  1.0000
       0      -1       0    ****
  0.0000  0.5515  0.6598  0.6982  0.9300  1.0000
       0       1       0       1       0    ****
   3   3   2   7   9   2   6
  0.0000  0.4239  0.5886  0.6074  0.7270  0.9278  1.0000
       2       3       4       1       4       3    ****
  0.0000  0.1271  0.2982  0.3187  0.3511  0.4096  0.5886  0.9278  1.0000
       3       2       4       2       4       3       4       3    ****
  0.0000  1.0000
       0    ****
  0.0000  0.5515  0.6598  0.6982  0.9300  1.0000
       0      -1       0      -1       0    ****
   4   4   2   8   6   4   6
  0.0000  0.3511  0.4096  0.5886  0.7320  0.8432  0.9278  1.0000
       2       4       3       4       1       4       3    ****
  0.0000  0.2982  0.4096  0.5886  0.9278  1.0000
       2       4       3       4       3    ****
  0.0000  0.7320  0.8432  1.0000
       0       1       0    ****
  0.0000  0.5515  0.6598  0.6982  0.9300  1.0000
       0      -1       0      -1       0    ****
 ... generation ...    9
   1   2   2   5  12   6   6
  0.0000  0.4239  0.5886  0.9278  1.0000
       2       3       4       3    ****
  0.0000  0.0233  0.1271  0.2982  0.3187  0.3511  0.4096  0.5515  0.6598  0.6982
       2       3       2       4       2       4       3       1       4       1
  0.9300  1.0000
       3    ****
  0.0000  0.5515  0.6598  0.6982  0.9300  1.0000
       0      -1       0      -1       0    ****
  0.0000  0.5515  0.6598  0.6982  0.9300  1.0000
       0       1       0       1       0    ****
   2   1   4   7   6   2   4
  0.0000  0.4239  0.5886  0.6074  0.7270  0.9278  1.0000
       2       3       4       1       4       3    ****
  0.0000  0.3511  0.4096  0.5886  0.9278  1.0000
       2       4       3       4       3    ****
  0.0000  1.0000
       0    ****
  0.0000  0.7320  0.8432  1.0000
       0      -1       0    ****
   3   1   3   7   9   2   4
  0.0000  0.4239  0.5886  0.6074  0.7270  0.9278  1.0000
       2       3       4       1       4       3    ****
  0.0000  0.1271  0.2982  0.3187  0.3511  0.4096  0.5886  0.9278  1.0000
       3       2       4       2       4       3       4       3    ****
  0.0000  1.0000
       0    ****
  0.0000  0.6074  0.7270  1.0000
       0      -1       0    ****
   4   3   1   6   7   4   2
  0.0000  0.1271  0.4239  0.5886  0.9278  1.0000
       3       2       3       4       3    ****
  0.0000  0.4239  0.5886  0.6074  0.7270  0.9278  1.0000
       2       3       4       1       4       3    ****
  0.0000  0.6074  0.7270  1.0000
       0      -1       0    ****
  0.0000  1.0000
       0    ****
 ... generation ...   10
   1   4   2   5   6   4   4
  0.0000  0.4239  0.5886  0.9278  1.0000
       2       3       4       3    ****
  0.0000  0.3511  0.4096  0.5886  0.9278  1.0000
       2       4       3       4       3    ****
  0.0000  0.6074  0.7270  1.0000
       0      -1       0    ****
  0.0000  0.6074  0.7270  1.0000
       0      -1       0    ****
   2   3   1  12   5   4   6
  0.0000  0.1271  0.2982  0.3187  0.3511  0.3571  0.4239  0.5886  0.6074  0.7270
       3       2       4       2       4       2       3       4       1       4
  0.9278  1.0000
       3    ****
  0.0000  0.4239  0.5886  0.9278  1.0000
       2       3       4       3    ****
  0.0000  0.6074  0.7270  1.0000
       0       1       0    ****
  0.0000  0.5515  0.6598  0.6982  0.9300  1.0000
       0      -1       0      -1       0    ****
   3   4   4   6   7   4   4
  0.0000  0.1271  0.4239  0.5886  0.9278  1.0000
       3       2       3       4       3    ****
  0.0000  0.4239  0.5886  0.6074  0.7270  0.9278  1.0000
       2       3       4       1       4       3    ****
  0.0000  0.6074  0.7270  1.0000
       0      -1       0    ****
  0.0000  0.6074  0.7270  1.0000
       0       1       0    ****
   4   3   2   5   6   4   4
  0.0000  0.4239  0.5886  0.9278  1.0000
       2       3       4       3    ****
  0.0000  0.3971  0.4096  0.5886  0.9278  1.0000
       2       4       3       4       3    ****
  0.0000  0.6074  0.7270  1.0000
       0      -1       0    ****
  0.0000  0.6074  0.7270  1.0000
       0      -1       0    ****
