 ... generation ...    0
   1   0   0   2   2   2   2
 -0.5000  0.5000
       1    ****
  0.0000  0.0000  0.0000  0.0000  0.0000  0.0000  0.0000  0.0000  0.0000  0.0000  0.0000  0.0000  0.0000  0.0000  0.0000
 -0.5000  0.5000
       2    ****
  0.0000  0.0000  0.0000  0.0000  0.0000  0.0000  0.0000  0.0000  0.0000  0.0000  0.0000  0.0000  0.0000  0.0000  0.0000
 -0.5000  0.5000
       0    ****
  0.0000  0.0000  0.0000  0.0000  0.0000  0.0000  0.0000  0.0000  0.0000  0.0000  0.0000  0.0000  0.0000  0.0000  0.0000
 -0.5000  0.5000
       0    ****
  0.0000  0.0000  0.0000  0.0000  0.0000  0.0000  0.0000  0.0000  0.0000  0.0000  0.0000  0.0000  0.0000  0.0000  0.0000
   2   0   0   2   2   2   2
 -0.5000  0.5000
       3    ****
  0.0000  0.0000  0.0000  0.0000  0.0000  0.0000  0.0000  0.0000  0.0000  0.0000  0.0000  0.0000  0.0000  0.0000  0.0000
 -0.5000  0.5000
       4    ****
  0.0000  0.0000  0.0000  0.0000  0.0000  0.0000  0.0000  0.0000  0.0000  0.0000  0.0000  0.0000  0.0000  0.0000  0.0000
 -0.5000  0.5000
       0    ****
  0.0000  0.0000  0.0000  0.0000  0.0000  0.0000  0.0000  0.0000  0.0000  0.0000  0.0000  0.0000  0.0000  0.0000  0.0000
 -0.5000  0.5000
       0    ****
  0.0000  0.0000  0.0000  0.0000  0.0000  0.0000  0.0000  0.0000  0.0000  0.0000  0.0000  0.0000  0.0000  0.0000  0.0000
   3   0   0   2   2   2   2
 -0.5000  0.5000
       5    ****
  0.0000  0.0000  0.0000  0.0000  0.0000  0.0000  0.0000  0.0000  0.0000  0.0000  0.0000  0.0000  0.0000  0.0000  0.0000
 -0.5000  0.5000
       6    ****
  0.0000  0.0000  0.0000  0.0000  0.0000  0.0000  0.0000  0.0000  0.0000  0.0000  0.0000  0.0000  0.0000  0.0000  0.0000
 -0.5000  0.5000
       0    ****
  0.0000  0.0000  0.0000  0.0000  0.0000  0.0000  0.0000  0.0000  0.0000  0.0000  0.0000  0.0000  0.0000  0.0000  0.0000
 -0.5000  0.5000
       0    ****
  0.0000  0.0000  0.0000  0.0000  0.0000  0.0000  0.0000  0.0000  0.0000  0.0000  0.0000  0.0000  0.0000  0.0000  0.0000
   4   0   0   2   2   2   2
 -0.5000  0.5000
       7    ****
  0.0000  0.0000  0.0000  0.0000  0.0000  0.0000  0.0000  0.0000  0.0000  0.0000  0.0000  0.0000  0.0000  0.0000  0.0000
 -0.5000  0.5000
       8    ****
  0.0000  0.0000  0.0000  0.0000  0.0000  0.0000  0.0000  0.0000  0.0000  0.0000  0.0000  0.0000  0.0000  0.0000  0.0000
 -0.5000  0.5000
       0    ****
  0.0000  0.0000  0.0000  0.0000  0.0000  0.0000  0.0000  0.0000  0.0000  0.0000  0.0000  0.0000  0.0000  0.0000  0.0000
 -0.5000  0.5000
       0    ****
  0.0000  0.0000  0.0000  0.0000  0.0000  0.0000  0.0000  0.0000  0.0000  0.0000  0.0000  0.0000  0.0000  0.0000  0.0000


  0.0000  0.0000  0.0000  0.0000  0.0000  0.0000  0.0000  0.0000  0.0000  0.0000  0.0000  0.0000  0.0000  0.0000  0.0000
  0.0000  0.0000  0.0000  0.0000  0.0000  0.0000  0.0000  0.0000  0.0000  0.0000  0.0000  0.0000  0.0000  0.0000  0.0000
  0.0000  0.0000  0.0000  0.0000  0.0000  0.0000  0.0000  0.0000  0.0000  0.0000  0.0000  0.0000  0.0000  0.0000  0.0000
  0.0000  0.0000  0.0000  0.0000  0.0000  0.0000  0.0000  0.0000  0.0000  0.0000  0.0000  0.0000  0.0000  0.0000  0.0000
  0.0000  0.0000  0.0000  0.0000  0.0000  0.0000  0.0000  0.0000  0.0000  0.0000  0.0000  0.0000  0.0000  0.0000  0.0000
  0.0000  0.0000  0.0000  0.0000  0.0000  0.0000  0.0000  0.0000  0.0000  0.0000  0.0000  0.0000  0.0000  0.0000  0.0000
  0.0000  0.0000  0.0000  0.0000  0.0000  0.0000  0.0000  0.0000  0.0000


  0.0000  0.0000  0.0000  0.0000  0.0000  0.0000  0.0000  0.0000  0.0000  0.0000  0.0000  0.0000  0.0000  0.0000  0.0000
  0.0000  0.0000  0.0000  0.0000  0.0000  0.0000  0.0000  0.0000  0.0000  0.0000  0.0000  0.0000  0.0000  0.0000  0.0000
 ... generation ...    1
   1   4   2   3   2   2   2
 -0.5000 -0.4630  0.5000
       8       7    ****
  0.0000  0.0000  0.0000  0.0000  0.0000  0.0000  0.0000  0.0000  0.0000  0.0000  0.0000  0.0000  0.0000  0.0000  0.0000
 -0.5000  0.5000
       3    ****
  0.0000  0.0000  0.0000  0.0000  0.0000  0.0000  0.0000  0.0000  0.0000  0.0000  0.0000  0.0000  0.0000  0.0000  0.0000
 -0.5000  0.5000
       0    ****
  0.0000  0.0000  0.0000  0.0000  0.0000  0.0000  0.0000  0.0000  0.0000  0.0000  0.0000  0.0000  0.0000  0.0000  0.0000
 -0.5000  0.5000
       0    ****
  0.0000  0.0000  0.0000  0.0000  0.0000  0.0000  0.0000  0.0000  0.0000  0.0000  0.0000  0.0000  0.0000  0.0000  0.0000
   2   1   1   3   2   2   2
 -0.5000  0.3004  0.5000
       1       2    ****
  0.0000  0.0000  0.0000  0.0000  0.0000  0.0000  0.0000  0.0000  0.0000  0.0000  0.0000  0.0000  0.0000  0.0000  0.0000
 -0.5000  0.5000
       1    ****
  0.0000  0.0000  0.0000  0.0000  0.0000  0.0000  0.0000  0.0000  0.0000  0.0000  0.0000  0.0000  0.0000  0.0000  0.0000
 -0.5000  0.5000
       0    ****
  0.0000  0.0000  0.0000  0.0000  0.0000  0.0000  0.0000  0.0000  0.0000  0.0000  0.0000  0.0000  0.0000  0.0000  0.0000
 -0.5000  0.5000
       0    ****
  0.0000  0.0000  0.0000  0.0000  0.0000  0.0000  0.0000  0.0000  0.0000  0.0000  0.0000  0.0000  0.0000  0.0000  0.0000
   3   1   3   4   3   2   3
 -0.5000 -0.2738  0.0959  0.5000
       2       1       2    ****
  0.0000  0.0000  0.0000  0.0000  0.0000  0.0000  0.0000  0.0000  0.0000  0.0000  0.0000  0.0000  0.0000  0.0000  0.0000
 -0.5000 -0.0085  0.5000
       6       5    ****
  0.5061 -0.4595 -0.0442 -0.1125  0.0285 -0.0981  0.0042 -0.0567  0.0162 -0.0517  0.0090 -0.0366  0.0137 -0.0341  0.0102
 -0.5000  0.5000
       0    ****
  0.0000  0.0000  0.0000  0.0000  0.0000  0.0000  0.0000  0.0000  0.0000  0.0000  0.0000  0.0000  0.0000  0.0000  0.0000
 -0.5000 -0.0085  0.5000
      -1       1    ****
  0.0191 -0.9190  0.0231 -0.2250  0.0236 -0.1962  0.0237 -0.1134  0.0237 -0.1034  0.0236 -0.0733  0.0235 -0.0683  0.0234
   4   4   4   2   4   2   2
 -0.5000  0.5000
       7    ****
  0.0000  0.0000  0.0000  0.0000  0.0000  0.0000  0.0000  0.0000  0.0000  0.0000  0.0000  0.0000  0.0000  0.0000  0.0000
 -0.5000  0.2774  0.4780  0.5000
       8       7       8    ****
  0.0000  0.0000  0.0000  0.0000  0.0000  0.0000  0.0000  0.0000  0.0000  0.0000  0.0000  0.0000  0.0000  0.0000  0.0000
 -0.5000  0.5000
       0    ****
  0.0000  0.0000  0.0000  0.0000  0.0000  0.0000  0.0000  0.0000  0.0000  0.0000  0.0000  0.0000  0.0000  0.0000  0.0000
 -0.5000  0.5000
       0    ****
  0.0000  0.0000  0.0000  0.0000  0.0000  0.0000  0.0000  0.0000  0.0000  0.0000  0.0000  0.0000  0.0000  0.0000  0.0000


  0.0000  0.0000  0.1250  0.1250  0.0000  0.0000  0.0000  0.0000  0.0000  0.0000  0.0000  0.0000  0.0000  0.0000  0.0000
  0.0000  0.0000  0.0000  0.0000  0.0000  0.0000  0.0000  0.0000  0.0000  0.0000  0.0000  0.0000  0.0000  0.0000  0.0000
  0.0000  0.0000  0.0000  0.0000  0.0000  0.0000  0.0000  0.0000  0.0000  0.0000  0.0000  0.0000  0.0000  0.0000  0.0000
  0.0000  0.0000  0.0000  0.0000  0.0000  0.0000  0.0000  0.0000  0.0000  0.0000  0.0000  0.0000  0.0000  0.0000  0.0000
  0.0000  0.0000  0.0000  0.0000  0.0000  0.0000  0.0000  0.0000  0.0000  0.0000  0.0000  0.0000  0.0000  0.0000  0.0000
  0.0000  0.0000  0.0000  0.0000  0.0000  0.0000  0.0000  0.0000  0.0000  0.0000  0.0000  0.0000  0.0000  0.0000  0.0000
  0.0000  0.0000  0.0000  0.0000  0.0000  0.0000  0.0000  0.0000  0.0000


  0.0633 -0.0574 -0.0055 -0.0141  0.0036 -0.0123  0.0005 -0.0071  0.0020 -0.0065  0.0011 -0.0046  0.0017 -0.0043  0.0013
 -0.0033  0.0016 -0.0031  0.0013 -0.0025  0.0015 -0.0023  0.0013 -0.0019  0.0015 -0.0018  0.0013 -0.0015  0.0014 -0.0014
 ... generation ...    2
   1   3   2   5   2   4   2
 -0.5000 -0.0085  0.0459  0.0959  0.5000
       6       5       1       2    ****
  0.0612 -0.0053  0.0730 -0.0136  0.0723 -0.0218  0.0685 -0.0291  0.0630 -0.0352  0.0562 -0.0398  0.0486 -0.0429  0.0405
 -0.5000  0.5000
       1    ****
  0.0000  0.0000  0.0000  0.0000  0.0000  0.0000  0.0000  0.0000  0.0000  0.0000  0.0000  0.0000  0.0000  0.0000  0.0000
 -0.5000 -0.0085  0.0459  0.5000
       0       1      -1    ****
 -0.3836  0.4489  0.1902  0.0852  0.1162  0.0545  0.1329 -0.0014  0.1097 -0.0186  0.1035 -0.0431  0.0835 -0.0518  0.0708
 -0.5000  0.5000
       0    ****
  0.0000  0.0000  0.0000  0.0000  0.0000  0.0000  0.0000  0.0000  0.0000  0.0000  0.0000  0.0000  0.0000  0.0000  0.0000
   2   2   4   2   5   2   2
 -0.5000  0.5000
       1    ****
  0.0000  0.0000  0.0000  0.0000  0.0000  0.0000  0.0000  0.0000  0.0000  0.0000  0.0000  0.0000  0.0000  0.0000  0.0000
 -0.5000  0.1625  0.2774  0.4780  0.5000
       7       8       7       8    ****
  0.0000  0.0000  0.0000  0.0000  0.0000  0.0000  0.0000  0.0000  0.0000  0.0000  0.0000  0.0000  0.0000  0.0000  0.0000
 -0.5000  0.5000
       0    ****
  0.0000  0.0000  0.0000  0.0000  0.0000  0.0000  0.0000  0.0000  0.0000  0.0000  0.0000  0.0000  0.0000  0.0000  0.0000
 -0.5000  0.5000
       0    ****
  0.0000  0.0000  0.0000  0.0000  0.0000  0.0000  0.0000  0.0000  0.0000  0.0000  0.0000  0.0000  0.0000  0.0000  0.0000
   3   3   2   4   2   4   2
 -0.5000 -0.0085  0.1338  0.5000
       6       5       2    ****
  0.1590 -0.0457  0.1693 -0.1049  0.1191 -0.1342  0.0530 -0.1250 -0.0016 -0.0874 -0.0276 -0.0419 -0.0234 -0.0085 -0.0004
 -0.5000  0.5000
       1    ****
  0.0000  0.0000  0.0000  0.0000  0.0000  0.0000  0.0000  0.0000  0.0000  0.0000  0.0000  0.0000  0.0000  0.0000  0.0000
 -0.5000 -0.0085  0.1338  0.5000
       0       1      -1    ****
 -0.1880  0.3682  0.3827 -0.0974  0.2098 -0.1703  0.1018 -0.1933 -0.0194 -0.1231 -0.0643 -0.0472 -0.0605  0.0171 -0.0109
 -0.5000  0.5000
       0    ****
  0.0000  0.0000  0.0000  0.0000  0.0000  0.0000  0.0000  0.0000  0.0000  0.0000  0.0000  0.0000  0.0000  0.0000  0.0000
   4   4   3   5   3   2   3
 -0.5000  0.2275  0.2774  0.4780  0.5000
       7       8       7       8    ****
  0.0000  0.0000  0.0000  0.0000  0.0000  0.0000  0.0000  0.0000  0.0000  0.0000  0.0000  0.0000  0.0000  0.0000  0.0000
 -0.5000 -0.0085  0.5000
       6       5    ****
  0.5061 -0.4595 -0.0442 -0.1125  0.0285 -0.0981  0.0042 -0.0567  0.0162 -0.0517  0.0090 -0.0366  0.0137 -0.0341  0.0102
 -0.5000  0.5000
       0    ****
  0.0000  0.0000  0.0000  0.0000  0.0000  0.0000  0.0000  0.0000  0.0000  0.0000  0.0000  0.0000  0.0000  0.0000  0.0000
 -0.5000 -0.0085  0.5000
       0       1    ****
  0.5061 -0.4595 -0.0442 -0.1125  0.0285 -0.0981  0.0042 -0.0567  0.0162 -0.0517  0.0090 -0.0366  0.0137 -0.0341  0.0102


  0.0000  0.0000  0.2500  0.1250  0.0000  0.0000  0.0000  0.0000  0.0000  0.0000  0.0000  0.0000  0.0000  0.0000  0.0000
  0.0000  0.0000  0.0000  0.0000  0.0000  0.0000  0.0000  0.0000  0.0000  0.0000  0.0000  0.0000  0.0000  0.0000  0.0000
  0.0000  0.0000  0.0000  0.0000  0.0000  0.0000  0.0000  0.0000  0.0000  0.0000  0.0000  0.0000  0.0000  0.0000  0.0000
  0.0000  0.0000  0.0000  0.0000  0.0000  0.0000  0.0000  0.0000  0.0000  0.0000  0.0000  0.0000  0.0000  0.0000  0.0000
  0.0000  0.0000  0.0000  0.0000  0.0000  0.0000  0.0000  0.0000  0.0000  0.0000  0.0000  0.0000  0.0000  0.0000  0.0000
  0.0000  0.0000  0.0000  0.0000  0.0000  0.0000  0.0000  0.0000  0.0000  0.0000  0.0000  0.0000  0.0000  0.0000  0.0000
  0.0000  0.0000  0.0000  0.0000  0.0000  0.0000  0.0000  0.0000  0.0000


  0.1540 -0.1213  0.0192 -0.0429  0.0311 -0.0440  0.0162 -0.0334  0.0117 -0.0282  0.0058 -0.0194  0.0066 -0.0150  0.0076
 -0.0118  0.0102 -0.0126  0.0101 -0.0133  0.0090 -0.0141  0.0058 -0.0126  0.0035 -0.0102  0.0020 -0.0069  0.0025 -0.0048
 ... generation ...    3
   1   4   2   9   3   6   2
 -0.5000 -0.0085 -0.0017  0.2275  0.2774  0.3243  0.4342  0.4780  0.5000
       6       5       7       8       7       5       7       8    ****
  0.1059 -0.1407 -0.1159  0.0806  0.0334  0.0317  0.0843 -0.1003 -0.0987  0.0983  0.0821 -0.0407 -0.0037 -0.0077 -0.0133
 -0.5000 -0.4940  0.5000
       7       1    ****
  0.0000  0.0000  0.0000  0.0000  0.0000  0.0000  0.0000  0.0000  0.0000  0.0000  0.0000  0.0000  0.0000  0.0000  0.0000
 -0.5000 -0.0085 -0.0017  0.3243  0.4342  0.5000
       0       1      -1       1      -1    ****
 -0.2943  0.1781 -0.1877  0.2738  0.0382  0.1616  0.1645 -0.1439 -0.2137  0.2483  0.1552 -0.0448 -0.0211  0.0187 -0.0368
 -0.5000  0.5000
       0    ****
  0.0000  0.0000  0.0000  0.0000  0.0000  0.0000  0.0000  0.0000  0.0000  0.0000  0.0000  0.0000  0.0000  0.0000  0.0000
   2   3   4   4   3   4   3
 -0.5000 -0.0085  0.1338  0.5000
       6       5       2    ****
  0.1590 -0.0457  0.1693 -0.1049  0.1191 -0.1342  0.0530 -0.1250 -0.0016 -0.0874 -0.0276 -0.0419 -0.0234 -0.0085 -0.0004
 -0.5000 -0.0085  0.5000
       6       5    ****
  0.5061 -0.4595 -0.0442 -0.1125  0.0285 -0.0981  0.0042 -0.0567  0.0162 -0.0517  0.0090 -0.0366  0.0137 -0.0341  0.0102
 -0.5000 -0.0085  0.1338  0.5000
       0       1       0    ****
  0.1590 -0.0457  0.1693 -0.1049  0.1191 -0.1342  0.0530 -0.1250 -0.0016 -0.0874 -0.0276 -0.0419 -0.0234 -0.0085 -0.0004
 -0.5000 -0.0085  0.5000
       0       1    ****
  0.5061 -0.4595 -0.0442 -0.1125  0.0285 -0.0981  0.0042 -0.0567  0.0162 -0.0517  0.0090 -0.0366  0.0137 -0.0341  0.0102
   3   3   1   4   2   5   4
 -0.5000  0.0349  0.1338  0.5000
       1       5       2    ****
  0.1101 -0.0427  0.1106 -0.0972  0.0601 -0.1217 -0.0045 -0.1080 -0.0565 -0.0663 -0.0794 -0.0173 -0.0713  0.0191 -0.0441
 -0.5000  0.5000
       1    ****
  0.0000  0.0000  0.0000  0.0000  0.0000  0.0000  0.0000  0.0000  0.0000  0.0000  0.0000  0.0000  0.0000  0.0000  0.0000
 -0.5000 -0.0085  0.0349  0.1338  0.5000
       0      -1       1       0    ****
  0.0612 -0.0396  0.0520 -0.0894  0.0011 -0.1092 -0.0619 -0.0910 -0.1114 -0.0452 -0.1311  0.0074 -0.1193  0.0467 -0.0878
 -0.5000 -0.0085  0.0459  0.5000
       0      -1       0    ****
 -0.0612  0.0053 -0.0730  0.0136 -0.0723  0.0218 -0.0685  0.0291 -0.0630  0.0352 -0.0562  0.0398 -0.0486  0.0429 -0.0405
   4   1   1   7   3   4   4
 -0.5000 -0.0386 -0.0085  0.0459  0.0959  0.1616  0.5000
       1       6       5       1       2       1    ****
  0.0612 -0.0053  0.0730 -0.0136  0.0723 -0.0218  0.0685 -0.0291  0.0630 -0.0352  0.0562 -0.0398  0.0486 -0.0429  0.0405
 -0.5000 -0.0295  0.5000
       6       1    ****
  0.0000  0.0000  0.0000  0.0000  0.0000  0.0000  0.0000  0.0000  0.0000  0.0000  0.0000  0.0000  0.0000  0.0000  0.0000
 -0.5000 -0.0085  0.0459  0.5000
       0       1       0    ****
  0.0612 -0.0053  0.0730 -0.0136  0.0723 -0.0218  0.0685 -0.0291  0.0630 -0.0352  0.0562 -0.0398  0.0486 -0.0429  0.0405
 -0.5000 -0.0085  0.0459  0.5000
       0      -1       0    ****
 -0.0612  0.0053 -0.0730  0.0136 -0.0723  0.0218 -0.0685  0.0291 -0.0630  0.0352 -0.0562  0.0398 -0.0486  0.0429 -0.0405


  0.0000  0.0000  0.3750  0.2500  0.0000  0.0000  0.0000  0.0000  0.0000  0.0000  0.0000  0.0000  0.0000  0.0000  0.0000
  0.0000  0.0000  0.0000  0.0000  0.0000  0.0000  0.0000  0.0000  0.0000  0.0000  0.0000  0.0000  0.0000  0.0000  0.0000
  0.0000  0.0000  0.0000  0.0000  0.0000  0.0000  0.0000  0.0000  0.0000  0.0000  0.0000  0.0000  0.0000  0.0000  0.0000
  0.0000  0.0000  0.0000  0.0000  0.0000  0.0000  0.0000  0.0000  0.0000  0.0000  0.0000  0.0000  0.0000  0.0000  0.0000
  0.0000  0.0000  0.0000  0.0000  0.0000  0.0000  0.0000  0.0000  0.0000  0.0000  0.0000  0.0000  0.0000  0.0000  0.0000
  0.0000  0.0000  0.0000  0.0000  0.0000  0.0000  0.0000  0.0000  0.0000  0.0000  0.0000  0.0000  0.0000  0.0000  0.0000
  0.0000  0.0000  0.0000  0.0000  0.0000  0.0000  0.0000  0.0000  0.0000


  0.2718 -0.2080  0.0433 -0.0739  0.0702 -0.0870  0.0419 -0.0858  0.0020 -0.0460  0.0109 -0.0414  0.0021 -0.0242  0.0067
 -0.0129  0.0206 -0.0199  0.0201 -0.0232  0.0171 -0.0262  0.0088 -0.0206  0.0078 -0.0213 -0.0028 -0.0062  0.0047 -0.0040
 ... generation ...    4
   1   2   4   4   5   4   5
 -0.5000 -0.0085  0.2909  0.5000
       6       5       2    ****
  0.3239 -0.1973  0.1928 -0.2762 -0.0498 -0.0933 -0.0378  0.0002  0.0609 -0.0681  0.0228 -0.0711 -0.0256 -0.0051  0.0198
 -0.5000 -0.0386 -0.0085  0.0143  0.5000
       1       6       5       1    ****
  0.0257 -0.0003  0.0310 -0.0009  0.0317 -0.0015  0.0317 -0.0021  0.0316 -0.0026  0.0313 -0.0032  0.0310 -0.0037  0.0306
 -0.5000  0.1338  0.2909  0.5000
       0       1      -1    ****
 -0.0173  0.1106  0.2605 -0.3349 -0.2473  0.0457 -0.1328  0.1822  0.1070  0.0029  0.0643 -0.0636 -0.0416  0.0324  0.0297
 -0.5000 -0.0085  0.0143  0.0459  0.5000
       0       1      -1       0    ****
 -0.0099  0.0046 -0.0111  0.0118 -0.0089  0.0188 -0.0050  0.0249  0.0002  0.0299  0.0064  0.0335  0.0134  0.0355  0.0207
   2   2   4   4   8   3   5
 -0.5000 -0.0085  0.1338  0.5000
       6       5       2    ****
  0.1590 -0.0457  0.1693 -0.1049  0.1191 -0.1342  0.0530 -0.1250 -0.0016 -0.0874 -0.0276 -0.0419 -0.0234 -0.0085 -0.0004
 -0.5000 -0.0977 -0.0295  0.0007  0.0459  0.0959  0.1576  0.5000
       1       6       1       5       1       2       1    ****
  0.0509 -0.0055  0.0606 -0.0141  0.0596 -0.0226  0.0557 -0.0302  0.0502 -0.0366  0.0435 -0.0416  0.0359 -0.0450  0.0279
 -0.5000  0.1338  0.5000
       0      -1    ****
 -0.3470  0.4139  0.2135  0.0076  0.0907 -0.0361  0.0488 -0.0683 -0.0178 -0.0357 -0.0366 -0.0053 -0.0371  0.0256 -0.0106
 -0.5000 -0.0085  0.0007  0.0459  0.5000
       0      -1       1       0    ****
  0.0406 -0.0057  0.0481 -0.0146  0.0468 -0.0234  0.0429 -0.0313  0.0374 -0.0380  0.0307 -0.0433  0.0232 -0.0470  0.0152
   3   1   4   3   9   6   4
 -0.5000 -0.4940  0.5000
       7       1    ****
  0.0000  0.0000  0.0000  0.0000  0.0000  0.0000  0.0000  0.0000  0.0000  0.0000  0.0000  0.0000  0.0000  0.0000  0.0000
 -0.5000 -0.3745 -0.2213 -0.0386 -0.0085  0.0459  0.0959  0.1616  0.5000
       1       6       1       6       5       1       2       1    ****
  0.0612 -0.0053  0.0730 -0.0136  0.0723 -0.0218  0.0685 -0.0291  0.0630 -0.0352  0.0562 -0.0398  0.0486 -0.0429  0.0405
 -0.5000 -0.0085 -0.0017  0.3243  0.4342  0.5000
       0      -1       0      -1       0    ****
 -0.1059  0.1407  0.1159 -0.0806 -0.0334 -0.0317 -0.0843  0.1003  0.0987 -0.0983 -0.0821  0.0407  0.0037  0.0077  0.0133
 -0.5000 -0.0085  0.0459  0.5000
       0       1       0    ****
  0.0612 -0.0053  0.0730 -0.0136  0.0723 -0.0218  0.0685 -0.0291  0.0630 -0.0352  0.0562 -0.0398  0.0486 -0.0429  0.0405
   4   1   1   8  11   6   6
 -0.5000 -0.4940  0.2389  0.2774  0.3243  0.4342  0.4485  0.5000
       7       1       8       7       5       7       1    ****
  0.0983 -0.1409 -0.1251  0.0802  0.0239  0.0310  0.0749 -0.1014 -0.1081  0.0969  0.0727 -0.0424 -0.0130 -0.0097 -0.0226
 -0.5000 -0.3504 -0.1551 -0.0085 -0.0017  0.2275  0.2774  0.3243  0.4342  0.4780  0.5000
       6       1       6       5       7       8       7       5       7       8    ****
  0.1059 -0.1407 -0.1159  0.0806  0.0334  0.0317  0.0843 -0.1003 -0.0987  0.0983  0.0821 -0.0407 -0.0037 -0.0077 -0.0133
 -0.5000 -0.0085 -0.0017  0.3243  0.4342  0.5000
       0      -1       0       1       0    ****
  0.0907 -0.1411 -0.1343  0.0797  0.0145  0.0302  0.0654 -0.1024 -0.1176  0.0956  0.0633 -0.0441 -0.0224 -0.0117 -0.0318
 -0.5000 -0.0085 -0.0017  0.3243  0.4342  0.5000
       0       1       0       1       0    ****
  0.1059 -0.1407 -0.1159  0.0806  0.0334  0.0317  0.0843 -0.1003 -0.0987  0.0983  0.0821 -0.0407 -0.0037 -0.0077 -0.0133


  0.0000  0.0000  0.2500  0.2500  0.0000  0.0000  0.0000  0.0000  0.0000  0.0000  0.0000  0.0000  0.0000  0.0000  0.0000
  0.0000  0.0000  0.0000  0.0000  0.0000  0.0000  0.0000  0.0000  0.0000  0.0000  0.0000  0.0000  0.0000  0.0000  0.0000
  0.0000  0.0000  0.0000  0.0000  0.0000  0.0000  0.0000  0.0000  0.0000  0.0000  0.0000  0.0000  0.0000  0.0000  0.0000
  0.0000  0.0000  0.0000  0.0000  0.0000  0.0000  0.0000  0.0000  0.0000  0.0000  0.0000  0.0000  0.0000  0.0000  0.0000
  0.0000  0.0000  0.0000  0.0000  0.0000  0.0000  0.0000  0.0000  0.0000  0.0000  0.0000  0.0000  0.0000  0.0000  0.0000
  0.0000  0.0000  0.0000  0.0000  0.0000  0.0000  0.0000  0.0000  0.0000  0.0000  0.0000  0.0000  0.0000  0.0000  0.0000
  0.0000  0.0000  0.0000  0.0000  0.0000  0.0000  0.0000  0.0000  0.0000


  0.3750 -0.2750  0.0791 -0.1050  0.1065 -0.1133  0.0832 -0.1343  0.0017 -0.0504  0.0460 -0.0765  0.0083 -0.0396  0.0170
 -0.0199  0.0445 -0.0413  0.0328 -0.0408  0.0274 -0.0414  0.0174 -0.0325  0.0210 -0.0440 -0.0088 -0.0079  0.0124 -0.0103
 ... generation ...    5
   1   3   4   9  11   4   4
 -0.5000 -0.3745 -0.2213 -0.0386 -0.0085  0.0459  0.0959  0.1616  0.5000
       1       6       1       6       5       1       2       1    ****
  0.0612 -0.0053  0.0730 -0.0136  0.0723 -0.0218  0.0685 -0.0291  0.0630 -0.0352  0.0562 -0.0398  0.0486 -0.0429  0.0405
 -0.5000 -0.3504 -0.1551 -0.0704  0.1184  0.2275  0.2774  0.3243  0.4342  0.4780  0.5000
       6       1       6       1       7       8       7       5       7       8    ****
  0.0983 -0.1409 -0.1251  0.0802  0.0239  0.0310  0.0749 -0.1014 -0.1081  0.0969  0.0727 -0.0424 -0.0130 -0.0097 -0.0226
 -0.5000 -0.0085  0.0459  0.5000
       0       1       0    ****
  0.0612 -0.0053  0.0730 -0.0136  0.0723 -0.0218  0.0685 -0.0291  0.0630 -0.0352  0.0562 -0.0398  0.0486 -0.0429  0.0405
 -0.5000 -0.0085 -0.0017  0.5000
       0      -1       0    ****
 -0.0076 -0.0002 -0.0092 -0.0005 -0.0094 -0.0008 -0.0094 -0.0011 -0.0094 -0.0014 -0.0094 -0.0017 -0.0093 -0.0020 -0.0093
   2   4   3   9   3   4   4
 -0.5000 -0.3504  0.2389  0.2774  0.3243  0.4342  0.4485  0.5000  0.5000
       6       1       8       7       5       7       1       8    ****
  0.0983 -0.1409 -0.1251  0.0802  0.0239  0.0310  0.0749 -0.1014 -0.1081  0.0969  0.0727 -0.0424 -0.0130 -0.0097 -0.0226
 -0.5000 -0.4940  0.5000
       7       1    ****
  0.0000  0.0000  0.0000  0.0000  0.0000  0.0000  0.0000  0.0000  0.0000  0.0000  0.0000  0.0000  0.0000  0.0000  0.0000
 -0.5000 -0.0085 -0.0017  0.5000
       0      -1       0    ****
 -0.0076 -0.0002 -0.0092 -0.0005 -0.0094 -0.0008 -0.0094 -0.0011 -0.0094 -0.0014 -0.0094 -0.0017 -0.0093 -0.0020 -0.0093
 -0.5000 -0.0085  0.0459  0.5000
       0      -1       0    ****
 -0.0612  0.0053 -0.0730  0.0136 -0.0723  0.0218 -0.0685  0.0291 -0.0630  0.0352 -0.0562  0.0398 -0.0486  0.0429 -0.0405
   3   1   3   6   3   4   4
 -0.5000 -0.3696 -0.2055 -0.0085  0.2909  0.5000
       6       1       6       5       2    ****
  0.3239 -0.1973  0.1928 -0.2762 -0.0498 -0.0933 -0.0378  0.0002  0.0609 -0.0681  0.0228 -0.0711 -0.0256 -0.0051  0.0198
 -0.5000 -0.4940  0.5000
       7       1    ****
  0.0000  0.0000  0.0000  0.0000  0.0000  0.0000  0.0000  0.0000  0.0000  0.0000  0.0000  0.0000  0.0000  0.0000  0.0000
 -0.5000  0.0143  0.2909  0.5000
       0       1       0    ****
  0.2982 -0.1969  0.1618 -0.2753 -0.0815 -0.0918 -0.0696  0.0023  0.0293 -0.0655 -0.0085 -0.0679 -0.0566 -0.0014 -0.0108
 -0.5000 -0.0085  0.0459  0.5000
       0      -1       0    ****
 -0.0612  0.0053 -0.0730  0.0136 -0.0723  0.0218 -0.0685  0.0291 -0.0630  0.0352 -0.0562  0.0398 -0.0486  0.0429 -0.0405
   4   4   3   8   8   4   4
 -0.5000 -0.3504  0.2389  0.2774  0.3243  0.4342  0.4485  0.5000
       6       1       8       7       5       7       1    ****
  0.0983 -0.1409 -0.1251  0.0802  0.0239  0.0310  0.0749 -0.1014 -0.1081  0.0969  0.0727 -0.0424 -0.0130 -0.0097 -0.0226
 -0.5000 -0.4940 -0.0113 -0.0085  0.0459  0.0959  0.1616  0.5000
       7       1       6       5       1       2       1    ****
  0.0612 -0.0053  0.0730 -0.0136  0.0723 -0.0218  0.0685 -0.0291  0.0630 -0.0352  0.0562 -0.0398  0.0486 -0.0429  0.0405
 -0.5000 -0.0085 -0.0017  0.5000
       0      -1       0    ****
 -0.0076 -0.0002 -0.0092 -0.0005 -0.0094 -0.0008 -0.0094 -0.0011 -0.0094 -0.0014 -0.0094 -0.0017 -0.0093 -0.0020 -0.0093
 -0.5000 -0.0085  0.0459  0.5000
       0       1       0    ****
  0.0612 -0.0053  0.0730 -0.0136  0.0723 -0.0218  0.0685 -0.0291  0.0630 -0.0352  0.0562 -0.0398  0.0486 -0.0429  0.0405


  0.0000  0.0000  0.1250  0.3750  0.0000  0.0000  0.0000  0.0000  0.0000  0.0000  0.0000  0.0000  0.0000  0.0000  0.0000
  0.0000  0.0000  0.0000  0.0000  0.0000  0.0000  0.0000  0.0000  0.0000  0.0000  0.0000  0.0000  0.0000  0.0000  0.0000
  0.0000  0.0000  0.0000  0.0000  0.0000  0.0000  0.0000  0.0000  0.0000  0.0000  0.0000  0.0000  0.0000  0.0000  0.0000
  0.0000  0.0000  0.0000  0.0000  0.0000  0.0000  0.0000  0.0000  0.0000  0.0000  0.0000  0.0000  0.0000  0.0000  0.0000
  0.0000  0.0000  0.0000  0.0000  0.0000  0.0000  0.0000  0.0000  0.0000  0.0000  0.0000  0.0000  0.0000  0.0000  0.0000
  0.0000  0.0000  0.0000  0.0000  0.0000  0.0000  0.0000  0.0000  0.0000  0.0000  0.0000  0.0000  0.0000  0.0000  0.0000
  0.0000  0.0000  0.0000  0.0000  0.0000  0.0000  0.0000  0.0000  0.0000


  0.4676 -0.3538  0.0745 -0.1129  0.1273 -0.1188  0.1237 -0.1795 -0.0155 -0.0313  0.0902 -0.1113  0.0124 -0.0546  0.0212
 -0.0235  0.0646 -0.0626  0.0377 -0.0553  0.0301 -0.0517  0.0197 -0.0366  0.0350 -0.0672 -0.0209 -0.0051  0.0188 -0.0162
 ... generation ...    6
   1   4   3   8   6   6   4
 -0.5000 -0.4388 -0.0113 -0.0085  0.0459  0.0959  0.1616  0.5000
       6       1       6       5       1       2       1    ****
  0.0612 -0.0053  0.0730 -0.0136  0.0723 -0.0218  0.0685 -0.0291  0.0630 -0.0352  0.0562 -0.0398  0.0486 -0.0429  0.0405
 -0.5000 -0.3696 -0.2055 -0.0085  0.2909  0.5000
       6       1       6       5       2    ****
  0.3239 -0.1973  0.1928 -0.2762 -0.0498 -0.0933 -0.0378  0.0002  0.0609 -0.0681  0.0228 -0.0711 -0.0256 -0.0051  0.0198
 -0.5000 -0.0085  0.0459  0.3243  0.4342  0.5000
       0       1       0      -1       0    ****
 -0.0370  0.1356  0.1982 -0.0938  0.0484 -0.0527 -0.0064  0.0723  0.1711 -0.1321 -0.0165  0.0026  0.0616 -0.0333  0.0631
 -0.5000 -0.0085  0.2909  0.5000
       0       1       0    ****
  0.3239 -0.1973  0.1928 -0.2762 -0.0498 -0.0933 -0.0378  0.0002  0.0609 -0.0681  0.0228 -0.0711 -0.0256 -0.0051  0.0198
   2   2   4   7   8   5   6
 -0.5000 -0.3504  0.3980  0.4342  0.4485  0.5000  0.5000
       6       1       5       7       1       8    ****
  0.0308 -0.0464 -0.0471  0.0405  0.0301 -0.0175 -0.0038 -0.0098 -0.0224  0.0330  0.0410 -0.0458 -0.0472  0.0452  0.0400
 -0.5000 -0.4940 -0.0113 -0.0085  0.0459  0.0959  0.1616  0.5000
       7       1       6       5       1       2       1    ****
  0.0612 -0.0053  0.0730 -0.0136  0.0723 -0.0218  0.0685 -0.0291  0.0630 -0.0352  0.0562 -0.0398  0.0486 -0.0429  0.0405
 -0.5000  0.3243  0.3980  0.4342  0.5000
       0      -1       1       0    ****
 -0.0367  0.0480  0.0309  0.0009  0.0363 -0.0660 -0.0825  0.0818  0.0634 -0.0309  0.0092 -0.0492 -0.0814  0.1001  0.1027
 -0.5000 -0.0085  0.0459  0.3243  0.4342  0.5000
       0       1       0      -1       0    ****
 -0.0370  0.1356  0.1982 -0.0938  0.0484 -0.0527 -0.0064  0.0723  0.1711 -0.1321 -0.0165  0.0026  0.0616 -0.0333  0.0631
   3   2   3   7   9   5   5
 -0.5000 -0.3504  0.2389  0.2774  0.3243  0.4113  0.5000
       6       1       8       7       5       1    ****
  0.0790 -0.1116 -0.0948  0.0532  0.0026  0.0453  0.0813 -0.0997 -0.0986  0.0802  0.0499 -0.0150  0.0172 -0.0409 -0.0529
 -0.5000 -0.4940 -0.4120 -0.3696 -0.2055 -0.1027  0.2093  0.2909  0.5000
       7       1       6       1       6       1       5       2    ****
  0.0836 -0.0893 -0.0156 -0.0697 -0.1086  0.0801  0.0056  0.0673  0.0956 -0.0668 -0.0030 -0.0550 -0.0747  0.0499  0.0017
 -0.5000  0.3243  0.4113  0.4342  0.5000
       0       1      -1       0    ****
  0.0596 -0.0822 -0.0646  0.0263 -0.0187  0.0596  0.0878 -0.0980 -0.0890  0.0635  0.0272  0.0123  0.0474 -0.0721 -0.0832
 -0.5000 -0.0085  0.2093  0.2909  0.5000
       0      -1       1       0    ****
 -0.1568  0.0187 -0.2240  0.1369 -0.1674  0.2535  0.0490  0.1343  0.1304 -0.0654 -0.0288 -0.0390 -0.1237  0.1049 -0.0164
   4   1   1  11   9   7   6
 -0.5000 -0.3504 -0.1551 -0.0704  0.1184  0.2275  0.2459  0.4261  0.4342  0.4780  0.5000
       6       1       6       1       7       8       1       5       7       8    ****
  0.0068 -0.0104 -0.0109  0.0100  0.0084 -0.0063 -0.0039  0.0013 -0.0013  0.0039  0.0062 -0.0082 -0.0098  0.0108  0.0114
 -0.5000 -0.3745 -0.2213 -0.0386 -0.0085  0.0459  0.0959  0.1616  0.5000
       1       6       1       6       5       1       2       1    ****
  0.0612 -0.0053  0.0730 -0.0136  0.0723 -0.0218  0.0685 -0.0291  0.0630 -0.0352  0.0562 -0.0398  0.0486 -0.0429  0.0405
 -0.5000 -0.0085  0.0459  0.3243  0.4261  0.4342  0.5000
       0      -1       0      -1       1       0    ****
 -0.1459  0.1255  0.0303 -0.0465 -0.0795 -0.0218 -0.1511  0.1330  0.0425 -0.0540 -0.1166  0.0659 -0.0551  0.0743  0.0048
 -0.5000 -0.0085  0.0459  0.3243  0.4342  0.5000
       0       1       0      -1       0    ****
 -0.0370  0.1356  0.1982 -0.0938  0.0484 -0.0527 -0.0064  0.0723  0.1711 -0.1321 -0.0165  0.0026  0.0616 -0.0333  0.0631


  0.0000  0.0000  0.1250  0.1250  0.0000  0.0000  0.0000  0.0000  0.0000  0.0000  0.0000  0.0000  0.0000  0.0000  0.0000
  0.0000  0.0000  0.0000  0.0000  0.0000  0.0000  0.0000  0.0000  0.0000  0.0000  0.0000  0.0000  0.0000  0.0000  0.0000
  0.0000  0.0000  0.0000  0.0000  0.0000  0.0000  0.0000  0.0000  0.0000  0.0000  0.0000  0.0000  0.0000  0.0000  0.0000
  0.0000  0.0000  0.0000  0.0000  0.0000  0.0000  0.0000  0.0000  0.0000  0.0000  0.0000  0.0000  0.0000  0.0000  0.0000
  0.0000  0.0000  0.0000  0.0000  0.0000  0.0000  0.0000  0.0000  0.0000  0.0000  0.0000  0.0000  0.0000  0.0000  0.0000
  0.0000  0.0000  0.0000  0.0000  0.0000  0.0000  0.0000  0.0000  0.0000  0.0000  0.0000  0.0000  0.0000  0.0000  0.0000
  0.0000  0.0000  0.0000  0.0000  0.0000  0.0000  0.0000  0.0000  0.0000


  0.5561 -0.4127  0.1049 -0.1483  0.1398 -0.1260  0.1546 -0.1955  0.0124 -0.0467  0.1259 -0.1506  0.0131 -0.0632  0.0389
 -0.0362  0.0886 -0.0902  0.0455 -0.0756  0.0345 -0.0669  0.0238 -0.0475  0.0446 -0.0875 -0.0264 -0.0093  0.0240 -0.0257
 ... generation ...    7
   1   1   1   8   7   4   4
 -0.5000 -0.4388 -0.0113 -0.0085  0.0459  0.0959  0.1616  0.5000
       6       1       6       5       1       2       1    ****
  0.0612 -0.0053  0.0730 -0.0136  0.0723 -0.0218  0.0685 -0.0291  0.0630 -0.0352  0.0562 -0.0398  0.0486 -0.0429  0.0405
 -0.5000 -0.4388 -0.0667 -0.0085  0.2909  0.4458  0.5000
       6       1       6       5       2       1    ****
  0.3239 -0.1973  0.1928 -0.2762 -0.0498 -0.0933 -0.0378  0.0002  0.0609 -0.0681  0.0228 -0.0711 -0.0256 -0.0051  0.0198
 -0.5000  0.0459  0.2909  0.5000
       0      -1       0    ****
 -0.2627  0.1920 -0.1198  0.2625  0.1222  0.0715  0.1063 -0.0293  0.0021  0.0330  0.0334  0.0312  0.0742 -0.0378  0.0207
 -0.5000  0.0459  0.2909  0.5000
       0       1       0    ****
  0.2627 -0.1920  0.1198 -0.2625 -0.1222 -0.0715 -0.1063  0.0293 -0.0021 -0.0330 -0.0334 -0.0312 -0.0742  0.0378 -0.0207
   2   2   4   8  12   7   6
 -0.5000 -0.4120 -0.0113 -0.0085  0.0398  0.1569  0.1616  0.5000
       6       1       6       5       1       2       1    ****
  0.0544 -0.0040  0.0650 -0.0102  0.0650 -0.0163  0.0626 -0.0220  0.0589 -0.0271  0.0543 -0.0312  0.0490 -0.0345  0.0432
 -0.5000 -0.3745 -0.2213 -0.0386 -0.0085  0.0459  0.0959  0.1616  0.4261  0.4342  0.4780  0.5000
       1       6       1       6       5       1       2       1       5       7       8    ****
  0.0680 -0.0157  0.0621 -0.0036  0.0807 -0.0280  0.0646 -0.0278  0.0616 -0.0313  0.0624 -0.0480  0.0388 -0.0321  0.0519
 -0.5000 -0.0085  0.0398  0.0459  0.3980  0.4342  0.5000
       0       1      -1       0      -1       0    ****
  0.0167  0.0439  0.1042 -0.0472  0.0276  0.0066  0.0606 -0.0052  0.0773 -0.0520  0.0115  0.0232  0.0967 -0.0712  0.0059
 -0.5000 -0.0085  0.0459  0.4261  0.4342  0.5000
       0       1       0       1       0    ****
  0.0680 -0.0157  0.0621 -0.0036  0.0807 -0.0280  0.0646 -0.0278  0.0616 -0.0313  0.0624 -0.0480  0.0388 -0.0321  0.0519
   3   3   2  11   8   6   6
 -0.5000 -0.4940 -0.4120 -0.3696 -0.2055 -0.1199  0.2389  0.2774  0.3243  0.4113  0.5000
       7       1       6       1       6       1       8       7       5       1    ****
  0.0790 -0.1116 -0.0948  0.0532  0.0026  0.0453  0.0813 -0.0997 -0.0986  0.0802  0.0499 -0.0150  0.0172 -0.0409 -0.0529
 -0.5000 -0.4940 -0.0113 -0.0085  0.0459  0.0959  0.1616  0.5000
       7       1       6       5       1       2       1    ****
  0.0612 -0.0053  0.0730 -0.0136  0.0723 -0.0218  0.0685 -0.0291  0.0630 -0.0352  0.0562 -0.0398  0.0486 -0.0429  0.0405
 -0.5000  0.2093  0.2909  0.3243  0.4113  0.5000
       0      -1       0       1       0    ****
 -0.0046 -0.0223 -0.0792  0.1229  0.1113 -0.0348  0.0757 -0.1670 -0.1942  0.1470  0.0529  0.0400  0.0918 -0.0908 -0.0546
 -0.5000 -0.0085  0.0459  0.3980  0.4342  0.5000
       0       1       0      -1       0    ****
  0.0305  0.0411  0.1201 -0.0542  0.0422 -0.0043  0.0723 -0.0193  0.0854 -0.0682  0.0152  0.0060  0.0958 -0.0881  0.0005
   4   2   3   8   9   6   6
 -0.5000 -0.4940 -0.0113 -0.0085  0.0459  0.0959  0.1616  0.5000
       7       1       6       5       1       2       1    ****
  0.0612 -0.0053  0.0730 -0.0136  0.0723 -0.0218  0.0685 -0.0291  0.0630 -0.0352  0.0562 -0.0398  0.0486 -0.0429  0.0405
 -0.5000 -0.4940 -0.4464 -0.3504  0.2389  0.2774  0.3243  0.4113  0.5000
       7       1       6       1       8       7       5       1    ****
  0.0790 -0.1116 -0.0948  0.0532  0.0026  0.0453  0.0813 -0.0997 -0.0986  0.0802  0.0499 -0.0150  0.0172 -0.0409 -0.0529
 -0.5000 -0.0085  0.0459  0.3980  0.4342  0.5000
       0       1       0      -1       0    ****
  0.0305  0.0411  0.1201 -0.0542  0.0422 -0.0043  0.0723 -0.0193  0.0854 -0.0682  0.0152  0.0060  0.0958 -0.0881  0.0005
 -0.5000  0.2093  0.2909  0.3243  0.4113  0.5000
       0      -1       0       1       0    ****
 -0.0046 -0.0223 -0.0792  0.1229  0.1113 -0.0348  0.0757 -0.1670 -0.1942  0.1470  0.0529  0.0400  0.0918 -0.0908 -0.0546


  0.0000  0.0000  0.1250  0.2500  0.0000  0.0000  0.0000  0.0000  0.0000  0.0000  0.0000  0.0000  0.0000  0.0000  0.0000
  0.0000  0.0000  0.0000  0.0000  0.0000  0.0000  0.0000  0.0000  0.0000  0.0000  0.0000  0.0000  0.0000  0.0000  0.0000
  0.0000  0.0000  0.0000  0.0000  0.0000  0.0000  0.0000  0.0000  0.0000  0.0000  0.0000  0.0000  0.0000  0.0000  0.0000
  0.0000  0.0000  0.0000  0.0000  0.0000  0.0000  0.0000  0.0000  0.0000  0.0000  0.0000  0.0000  0.0000  0.0000  0.0000
  0.0000  0.0000  0.0000  0.0000  0.0000  0.0000  0.0000  0.0000  0.0000  0.0000  0.0000  0.0000  0.0000  0.0000  0.0000
  0.0000  0.0000  0.0000  0.0000  0.0000  0.0000  0.0000  0.0000  0.0000  0.0000  0.0000  0.0000  0.0000  0.0000  0.0000
  0.0000  0.0000  0.0000  0.0000  0.0000  0.0000  0.0000  0.0000  0.0000


  0.6545 -0.4697  0.1486 -0.1763  0.1796 -0.1400  0.2118 -0.2375  0.0340 -0.0557  0.1769 -0.1881  0.0434 -0.0985  0.0552
 -0.0531  0.1234 -0.1291  0.0588 -0.1047  0.0438 -0.0886  0.0365 -0.0725  0.0523 -0.1122 -0.0273 -0.0245  0.0246 -0.0358
 ... generation ...    8
   1   4   1  10  10   6   4
 -0.5000 -0.4940 -0.4464 -0.3504 -0.0113 -0.0085  0.0459  0.0959  0.1616  0.5000
       7       1       6       1       6       5       1       2       1    ****
  0.0612 -0.0053  0.0730 -0.0136  0.0723 -0.0218  0.0685 -0.0291  0.0630 -0.0352  0.0562 -0.0398  0.0486 -0.0429  0.0405
 -0.5000 -0.4388 -0.0113 -0.0085  0.0459  0.0959  0.1616  0.3974  0.4458  0.5000
       6       1       6       5       1       2       1       2       1    ****
  0.0612 -0.0053  0.0730 -0.0136  0.0723 -0.0218  0.0685 -0.0291  0.0630 -0.0352  0.0562 -0.0398  0.0486 -0.0429  0.0405
 -0.5000 -0.0085  0.0459  0.3243  0.4113  0.5000
       0       1       0      -1       0    ****
 -0.0177  0.1062  0.1679 -0.0669  0.0697 -0.0670 -0.0128  0.0706  0.1616 -0.1154  0.0063 -0.0248  0.0314 -0.0020  0.0934
 -0.5000  0.0459  0.2909  0.5000
       0      -1       0    ****
 -0.2627  0.1920 -0.1198  0.2625  0.1222  0.0715  0.1063 -0.0293  0.0021  0.0330  0.0334  0.0312  0.0742 -0.0378  0.0207
   2   2   3  12  11   6   7
 -0.5000 -0.3745 -0.2213 -0.0386 -0.0085  0.0459  0.0959  0.1616  0.4261  0.4342  0.4780  0.5000
       1       6       1       6       5       1       2       1       5       7       8    ****
  0.0680 -0.0157  0.0621 -0.0036  0.0807 -0.0280  0.0646 -0.0278  0.0616 -0.0313  0.0624 -0.0480  0.0388 -0.0321  0.0519
 -0.5000 -0.4940 -0.4120 -0.3696 -0.2055 -0.1199  0.2389  0.2774  0.3243  0.4104  0.5000
       7       1       6       1       6       1       8       7       5       1    ****
  0.0782 -0.1104 -0.0937  0.0523  0.0020  0.0456  0.0813 -0.0993 -0.0979  0.0792  0.0488 -0.0138  0.0184 -0.0420 -0.0538
 -0.5000  0.0398  0.0459  0.4261  0.4342  0.5000
       0       1       0       1       0    ****
  0.0137 -0.0118 -0.0029  0.0065  0.0157 -0.0117  0.0020 -0.0057  0.0027 -0.0042  0.0081 -0.0168 -0.0102  0.0024  0.0087
 -0.5000 -0.0085  0.0459  0.3243  0.4104  0.4113  0.5000
       0      -1       0       1      -1       0    ****
  0.0162 -0.1040 -0.1656  0.0650 -0.0710  0.0677  0.0128 -0.0699 -0.1602  0.1134 -0.0086  0.0273 -0.0290 -0.0002 -0.0952
   3   4   2  14  11   6   6
 -0.5000 -0.4940 -0.4464 -0.3504 -0.0113 -0.0085  0.0459  0.0959  0.1616  0.2389  0.2774  0.3243  0.4113  0.5000
       7       1       6       1       6       5       1       2       1       8       7       5       1    ****
  0.1402 -0.1169 -0.0218  0.0396  0.0750  0.0235  0.1498 -0.1288 -0.0356  0.0450  0.1062 -0.0549  0.0658 -0.0839 -0.0124
 -0.5000 -0.4120 -0.0386 -0.0085  0.0459  0.0959  0.1616  0.4261  0.4342  0.4780  0.5000
       6       1       6       5       1       2       1       5       7       8    ****
  0.0680 -0.0157  0.0621 -0.0036  0.0807 -0.0280  0.0646 -0.0278  0.0616 -0.0313  0.0624 -0.0480  0.0388 -0.0321  0.0519
 -0.5000 -0.0085  0.0459  0.3243  0.4113  0.5000
       0       1       0       1       0    ****
  0.1402 -0.1169 -0.0218  0.0396  0.0750  0.0235  0.1498 -0.1288 -0.0356  0.0450  0.1062 -0.0549  0.0658 -0.0839 -0.0124
 -0.5000  0.0398  0.0459  0.4261  0.4342  0.5000
       0       1       0       1       0    ****
  0.0137 -0.0118 -0.0029  0.0065  0.0157 -0.0117  0.0020 -0.0057  0.0027 -0.0042  0.0081 -0.0168 -0.0102  0.0024  0.0087
   4   1   2   7   9   4   6
 -0.5000 -0.4388 -0.0667 -0.0085  0.2909  0.4458  0.5000
       6       1       6       5       2       1    ****
  0.3239 -0.1973  0.1928 -0.2762 -0.0498 -0.0933 -0.0378  0.0002  0.0609 -0.0681  0.0228 -0.0711 -0.0256 -0.0051  0.0198
 -0.5000 -0.3745 -0.2213 -0.0386 -0.0085  0.0459  0.0959  0.1616  0.5000
       1       6       1       6       5       1       2       1    ****
  0.0612 -0.0053  0.0730 -0.0136  0.0723 -0.0218  0.0685 -0.0291  0.0630 -0.0352  0.0562 -0.0398  0.0486 -0.0429  0.0405
 -0.5000  0.0459  0.2909  0.5000
       0       1       0    ****
  0.2627 -0.1920  0.1198 -0.2625 -0.1222 -0.0715 -0.1063  0.0293 -0.0021 -0.0330 -0.0334 -0.0312 -0.0742  0.0378 -0.0207
 -0.5000  0.0398  0.0459  0.4261  0.4342  0.5000
       0       1       0      -1       0    ****
  0.0001  0.0090  0.0189 -0.0135 -0.0011  0.0008  0.0098 -0.0083  0.0054 -0.0120 -0.0043 -0.0004  0.0093 -0.0193 -0.0141


  0.0000  0.0000  0.1250  0.2500  0.0000  0.0000  0.0000  0.0000  0.0000  0.0000  0.0000  0.0000  0.0000  0.0000  0.0000
  0.0000  0.0000  0.0000  0.0000  0.0000  0.0000  0.0000  0.0000  0.0000  0.0000  0.0000  0.0000  0.0000  0.0000  0.0000
  0.0000  0.0000  0.0000  0.0000  0.0000  0.0000  0.0000  0.0000  0.0000  0.0000  0.0000  0.0000  0.0000  0.0000  0.0000
  0.0000  0.0000  0.0000  0.0000  0.0000  0.0000  0.0000  0.0000  0.0000  0.0000  0.0000  0.0000  0.0000  0.0000  0.0000
  0.0000  0.0000  0.0000  0.0000  0.0000  0.0000  0.0000  0.0000  0.0000  0.0000  0.0000  0.0000  0.0000  0.0000  0.0000
  0.0000  0.0000  0.0000  0.0000  0.0000  0.0000  0.0000  0.0000  0.0000  0.0000  0.0000  0.0000  0.0000  0.0000  0.0000
  0.0000  0.0000  0.0000  0.0000  0.0000  0.0000  0.0000  0.0000  0.0000


  0.7623 -0.5287  0.2012 -0.2054  0.2302 -0.1582  0.2778 -0.2839  0.0640 -0.0697  0.2358 -0.2325  0.0787 -0.1390  0.0776
 -0.0780  0.1603 -0.1731  0.0754 -0.1405  0.0536 -0.1153  0.0495 -0.1016  0.0601 -0.1414 -0.0302 -0.0410  0.0254 -0.0490
 ... generation ...    9
   1   2   4  12   7   8   4
 -0.5000 -0.3745 -0.2213 -0.0386 -0.0085  0.0459  0.0959  0.1616  0.4261  0.4342  0.4780  0.5000
       1       6       1       6       5       1       2       1       5       7       8    ****
  0.0680 -0.0157  0.0621 -0.0036  0.0807 -0.0280  0.0646 -0.0278  0.0616 -0.0313  0.0624 -0.0480  0.0388 -0.0321  0.0519
 -0.5000 -0.4388 -0.0667 -0.0085  0.2909  0.4458  0.5000
       6       1       6       5       2       1    ****
  0.3239 -0.1973  0.1928 -0.2762 -0.0498 -0.0933 -0.0378  0.0002  0.0609 -0.0681  0.0228 -0.0711 -0.0256 -0.0051  0.0198
 -0.5000 -0.0085  0.0459  0.3243  0.4104  0.4261  0.4342  0.5000
       0       1       0      -1       0       1       0    ****
 -0.0102  0.0947  0.1558 -0.0559  0.0787 -0.0736 -0.0166  0.0715  0.1595 -0.1105  0.0136 -0.0342  0.0204  0.0099  0.1057
 -0.5000  0.0459  0.2909  0.5000
       0       1       0    ****
  0.2627 -0.1920  0.1198 -0.2625 -0.1222 -0.0715 -0.1063  0.0293 -0.0021 -0.0330 -0.0334 -0.0312 -0.0742  0.0378 -0.0207
   2   4   2   8  14   4   9
 -0.5000 -0.3745 -0.2248 -0.0667 -0.0085  0.2909  0.2927  0.5000
       1       6       1       6       5       2       1    ****
  0.3239 -0.1973  0.1928 -0.2762 -0.0498 -0.0933 -0.0378  0.0002  0.0609 -0.0681  0.0228 -0.0711 -0.0256 -0.0051  0.0198
 -0.5000 -0.4940 -0.4120 -0.3696 -0.2055 -0.1199 -0.0386 -0.0085  0.0459  0.0959  0.1616  0.3502  0.4104  0.5000
       7       1       6       1       6       1       6       5       1       2       1       5       1    ****
  0.1150 -0.0830  0.0030  0.0325  0.0873 -0.0045  0.1141 -0.0949 -0.0125  0.0384  0.1175 -0.0807  0.0325 -0.0520  0.0097
 -0.5000  0.0459  0.2909  0.5000
       0       1       0    ****
  0.2627 -0.1920  0.1198 -0.2625 -0.1222 -0.0715 -0.1063  0.0293 -0.0021 -0.0330 -0.0334 -0.0312 -0.0742  0.0378 -0.0207
 -0.5000 -0.0085  0.0459  0.3243  0.3502  0.4104  0.4261  0.4342  0.5000
       0       1       0      -1       1       0      -1       0    ****
  0.0839 -0.0398  0.0377  0.0164  0.0920 -0.0265  0.0823 -0.0628  0.0113  0.0289  0.1237 -0.0996  0.0077 -0.0298  0.0213
   3   4   2   7  14   4   9
 -0.5000 -0.4388 -0.0667 -0.0085  0.2909  0.4458  0.5000
       6       1       6       5       2       1    ****
  0.3239 -0.1973  0.1928 -0.2762 -0.0498 -0.0933 -0.0378  0.0002  0.0609 -0.0681  0.0228 -0.0711 -0.0256 -0.0051  0.0198
 -0.5000 -0.4940 -0.4120 -0.3696 -0.2055 -0.1199  0.2389  0.2774  0.3243  0.3912  0.4261  0.4342  0.4780  0.5000
       7       1       6       1       6       1       8       7       5       1       5       7       8    ****
  0.0683 -0.0961 -0.0805  0.0433 -0.0012  0.0423  0.0717 -0.0843 -0.0790  0.0584  0.0284  0.0038  0.0312 -0.0482 -0.0523
 -0.5000  0.0459  0.2909  0.5000
       0       1       0    ****
  0.2627 -0.1920  0.1198 -0.2625 -0.1222 -0.0715 -0.1063  0.0293 -0.0021 -0.0330 -0.0334 -0.0312 -0.0742  0.0378 -0.0207
 -0.5000 -0.0085  0.0459  0.3243  0.3912  0.4104  0.4261  0.4342  0.5000
       0      -1       0       1      -1       0       1       0    ****
 -0.0096 -0.0660 -0.1295  0.0379 -0.0852  0.0671 -0.0025 -0.0415 -0.1217  0.0689 -0.0544  0.0695  0.0051 -0.0223 -0.1027
   4   2   2  13  12   8   8
 -0.5000 -0.4940 -0.4120 -0.3696 -0.2055 -0.1199 -0.0386 -0.0085  0.0459  0.4261  0.4342  0.4780  0.5000
       7       1       6       1       6       1       6       5       1       5       7       8    ****
  0.0680 -0.0157  0.0621 -0.0036  0.0807 -0.0280  0.0646 -0.0278  0.0616 -0.0313  0.0624 -0.0480  0.0388 -0.0321  0.0519
 -0.5000 -0.3745 -0.2213 -0.0386 -0.0085  0.0459  0.0959  0.1616  0.4261  0.4342  0.4780  0.5000
       1       6       1       6       5       1       2       1       5       7       8    ****
  0.0680 -0.0157  0.0621 -0.0036  0.0807 -0.0280  0.0646 -0.0278  0.0616 -0.0313  0.0624 -0.0480  0.0388 -0.0321  0.0519
 -0.5000 -0.0085  0.0459  0.3243  0.4104  0.4261  0.4342  0.5000
       0       1       0      -1       0       1       0    ****
 -0.0102  0.0947  0.1558 -0.0559  0.0787 -0.0736 -0.0166  0.0715  0.1595 -0.1105  0.0136 -0.0342  0.0204  0.0099  0.1057
 -0.5000 -0.0085  0.0459  0.3243  0.4104  0.4261  0.4342  0.5000
       0       1       0      -1       0       1       0    ****
 -0.0102  0.0947  0.1558 -0.0559  0.0787 -0.0736 -0.0166  0.0715  0.1595 -0.1105  0.0136 -0.0342  0.0204  0.0099  0.1057


  0.0000  0.0000  0.3750  0.2500  0.0000  0.0000  0.0000  0.0000  0.0000  0.0000  0.0000  0.0000  0.0000  0.0000  0.0000
  0.0000  0.0000  0.0000  0.0000  0.0000  0.0000  0.0000  0.0000  0.0000  0.0000  0.0000  0.0000  0.0000  0.0000  0.0000
  0.0000  0.0000  0.0000  0.0000  0.0000  0.0000  0.0000  0.0000  0.0000  0.0000  0.0000  0.0000  0.0000  0.0000  0.0000
  0.0000  0.0000  0.0000  0.0000  0.0000  0.0000  0.0000  0.0000  0.0000  0.0000  0.0000  0.0000  0.0000  0.0000  0.0000
  0.0000  0.0000  0.0000  0.0000  0.0000  0.0000  0.0000  0.0000  0.0000  0.0000  0.0000  0.0000  0.0000  0.0000  0.0000
  0.0000  0.0000  0.0000  0.0000  0.0000  0.0000  0.0000  0.0000  0.0000  0.0000  0.0000  0.0000  0.0000  0.0000  0.0000
  0.0000  0.0000  0.0000  0.0000  0.0000  0.0000  0.0000  0.0000  0.0000


  0.9322 -0.6309  0.2871 -0.3008  0.2526 -0.1990  0.3111 -0.3166  0.0985 -0.0949  0.2860 -0.2868  0.0916 -0.1655  0.0991
 -0.0991  0.1960 -0.2174  0.0849 -0.1709  0.0576 -0.1292  0.0711 -0.1327  0.0660 -0.1672 -0.0349 -0.0478  0.0369 -0.0674
 ... generation ...   10
   1   2   3  14  10   6   8
 -0.5000 -0.4940 -0.4120 -0.3696 -0.2055 -0.1199 -0.0386 -0.0085  0.0459  0.0959  0.1616  0.3502  0.4104  0.5000
       7       1       6       1       6       1       6       5       1       2       1       5       1    ****
  0.1150 -0.0830  0.0030  0.0325  0.0873 -0.0045  0.1141 -0.0949 -0.0125  0.0384  0.1175 -0.0807  0.0325 -0.0520  0.0097
 -0.5000 -0.4388  0.2389  0.2774  0.3243  0.3912  0.4261  0.4342  0.4780  0.5000
       6       1       8       7       5       1       5       7       8    ****
  0.0683 -0.0961 -0.0805  0.0433 -0.0012  0.0423  0.0717 -0.0843 -0.0790  0.0584  0.0284  0.0038  0.0312 -0.0482 -0.0523
 -0.5000  0.0459  0.2909  0.3502  0.4104  0.5000
       0      -1       0       1       0    ****
 -0.2088  0.1143 -0.1898  0.3087  0.1372  0.0888  0.1520 -0.0952 -0.0734  0.1066  0.0946 -0.0096  0.0581 -0.0469 -0.0101
 -0.5000 -0.0085  0.2909  0.3243  0.3912  0.4261  0.4342  0.5000
       0      -1       0       1       0       1       0    ****
 -0.2556  0.1012 -0.2733  0.3195  0.0486  0.1356  0.1095 -0.0845 -0.1398  0.1265  0.0056  0.0749  0.0568 -0.0431 -0.0721
   2   1   4  11  13   6   2
 -0.5000 -0.4388 -0.0386 -0.0085  0.0459  0.0959  0.1616  0.4261  0.4342  0.4780  0.5000
       6       1       6       5       1       2       1       5       7       8    ****
  0.0680 -0.0157  0.0621 -0.0036  0.0807 -0.0280  0.0646 -0.0278  0.0616 -0.0313  0.0624 -0.0480  0.0388 -0.0321  0.0519
 -0.5000 -0.4940 -0.4120 -0.3696 -0.2055 -0.1199 -0.0386 -0.0085  0.0459  0.4261  0.4342  0.4780  0.5000
       7       1       6       1       6       1       6       5       1       5       7       8    ****
  0.0680 -0.0157  0.0621 -0.0036  0.0807 -0.0280  0.0646 -0.0278  0.0616 -0.0313  0.0624 -0.0480  0.0388 -0.0321  0.0519
 -0.5000  0.0459  0.2909  0.4261  0.4342  0.5000
       0      -1       0       1       0    ****
 -0.2559  0.1816 -0.1307  0.2725  0.1305  0.0653  0.1025 -0.0280  0.0008  0.0368  0.0396  0.0231  0.0644 -0.0270  0.0321
 -0.5000  0.5000
       0    ****
  0.0000  0.0000  0.0000  0.0000  0.0000  0.0000  0.0000  0.0000  0.0000  0.0000  0.0000  0.0000  0.0000  0.0000  0.0000
   3   4   4  12  12   2   2
 -0.5000 -0.3745 -0.2213 -0.0386 -0.0085  0.0459  0.0959  0.1616  0.4261  0.4342  0.4780  0.5000
       1       6       1       6       5       1       2       1       5       7       8    ****
  0.0680 -0.0157  0.0621 -0.0036  0.0807 -0.0280  0.0646 -0.0278  0.0616 -0.0313  0.0624 -0.0480  0.0388 -0.0321  0.0519
 -0.5000 -0.3745 -0.2213 -0.0386 -0.0085  0.0459  0.0959  0.1616  0.4261  0.4342  0.4780  0.5000
       1       6       1       6       5       1       2       1       5       7       8    ****
  0.0680 -0.0157  0.0621 -0.0036  0.0807 -0.0280  0.0646 -0.0278  0.0616 -0.0313  0.0624 -0.0480  0.0388 -0.0321  0.0519
 -0.5000  0.5000
       0    ****
  0.0000  0.0000  0.0000  0.0000  0.0000  0.0000  0.0000  0.0000  0.0000  0.0000  0.0000  0.0000  0.0000  0.0000  0.0000
 -0.5000  0.5000
       0    ****
  0.0000  0.0000  0.0000  0.0000  0.0000  0.0000  0.0000  0.0000  0.0000  0.0000  0.0000  0.0000  0.0000  0.0000  0.0000
   4   2   4  11  12   6   2
 -0.5000 -0.4940 -0.4120 -0.3696 -0.2851 -0.2248 -0.0667 -0.0085  0.2909  0.2927  0.5000
       7       1       6       1       6       1       6       5       2       1    ****
  0.3239 -0.1973  0.1928 -0.2762 -0.0498 -0.0933 -0.0378  0.0002  0.0609 -0.0681  0.0228 -0.0711 -0.0256 -0.0051  0.0198
 -0.5000 -0.3745 -0.2213 -0.0386 -0.0085  0.0459  0.0959  0.1616  0.4261  0.4342  0.4780  0.5000
       1       6       1       6       5       1       2       1       5       7       8    ****
  0.0680 -0.0157  0.0621 -0.0036  0.0807 -0.0280  0.0646 -0.0278  0.0616 -0.0313  0.0624 -0.0480  0.0388 -0.0321  0.0519
 -0.5000  0.0459  0.2909  0.3502  0.4104  0.5000
       0       1       0      -1       0    ****
  0.2088 -0.1143  0.1898 -0.3087 -0.1372 -0.0888 -0.1520  0.0952  0.0734 -0.1066 -0.0946  0.0096 -0.0581  0.0469  0.0101
 -0.5000  0.5000
       0    ****
  0.0000  0.0000  0.0000  0.0000  0.0000  0.0000  0.0000  0.0000  0.0000  0.0000  0.0000  0.0000  0.0000  0.0000  0.0000


  0.0000  0.0000  0.1250  0.2500  0.0000  0.0000  0.0000  0.0000  0.0000  0.0000  0.0000  0.0000  0.0000  0.0000  0.0000
  0.0000  0.0000  0.0000  0.0000  0.0000  0.0000  0.0000  0.0000  0.0000  0.0000  0.0000  0.0000  0.0000  0.0000  0.0000
  0.0000  0.0000  0.0000  0.0000  0.0000  0.0000  0.0000  0.0000  0.0000  0.0000  0.0000  0.0000  0.0000  0.0000  0.0000
  0.0000  0.0000  0.0000  0.0000  0.0000  0.0000  0.0000  0.0000  0.0000  0.0000  0.0000  0.0000  0.0000  0.0000  0.0000
  0.0000  0.0000  0.0000  0.0000  0.0000  0.0000  0.0000  0.0000  0.0000  0.0000  0.0000  0.0000  0.0000  0.0000  0.0000
  0.0000  0.0000  0.0000  0.0000  0.0000  0.0000  0.0000  0.0000  0.0000  0.0000  0.0000  0.0000  0.0000  0.0000  0.0000
  0.0000  0.0000  0.0000  0.0000  0.0000  0.0000  0.0000  0.0000  0.0000


  1.0381 -0.6878  0.3404 -0.3282  0.3076 -0.2234  0.3700 -0.3563  0.1332 -0.1108  0.3461 -0.3353  0.1206 -0.1987  0.1287
 -0.1302  0.2280 -0.2579  0.1040 -0.2089  0.0651 -0.1531  0.0873 -0.1649  0.0717 -0.1961 -0.0402 -0.0588  0.0462 -0.0912
