 ... generation ...    0
   1   0   0   2   2   2   2
 -0.5000  0.5000
       1    ****
 -0.5000  0.5000
       2    ****
   2   0   0   2   2   2   2
 -0.5000  0.5000
       3    ****
 -0.5000  0.5000
       4    ****
   3   0   0   2   2   2   2
 -0.5000  0.5000
       5    ****
 -0.5000  0.5000
       6    ****
   4   0   0   2   2   2   2
 -0.5000  0.5000
       7    ****
 -0.5000  0.5000
       8    ****
 ... generation ...    1
   1   1   2   3   5   2   2
 -0.5000  0.2405  0.5000
       2       1    ****
 -0.5000 -0.3554  0.1048  0.4731  0.5000
       3       4       3       4    ****
   2   4   1   3   2   2   2
 -0.5000 -0.3725  0.5000
       8       7    ****
 -0.5000  0.5000
       2    ****
   3   1   4   2   5   2   2
 -0.5000  0.5000
       1    ****
 -0.5000 -0.4574 -0.2741  0.3104  0.5000
       7       8       7       8    ****
   4   2   2   3   5   2   2
 -0.5000  0.2326  0.5000
       4       3    ****
 -0.5000 -0.1119 -0.0676  0.3664  0.5000
       4       3       4       3    ****
 ... generation ...    2
   1   2   4   2   3   2   2
 -0.5000  0.5000
       2    ****
 -0.5000  0.2326  0.5000
       4       3    ****
   2   3   3   3   5   2   2
 -0.5000  0.3167  0.5000
       1       8    ****
 -0.5000 -0.4574 -0.2741 -0.1046  0.5000
       7       8       7       1    ****
   3   2   3   3   4   2   2
 -0.5000  0.0859  0.5000
       2       7    ****
 -0.5000  0.0498  0.3104  0.5000
       1       7       8    ****
   4   3   4   4   5   2   2
 -0.5000  0.1732  0.3104  0.5000
       1       7       8    ****
 -0.5000 -0.1119 -0.0676  0.2326  0.5000
       4       3       4       3    ****
 ... generation ...    3
   1   1   3   5   3   2   2
 -0.5000 -0.3300  0.0298  0.2326  0.5000
       4       2       4       3    ****
 -0.5000  0.0859  0.5000
       2       7    ****
   2   1   4   4   4   2   2
 -0.5000  0.1392  0.1480  0.5000
       2       4       2    ****
 -0.5000  0.1732  0.3104  0.5000
       1       7       8    ****
   3   4   1   5   4   2   2
 -0.5000 -0.0869 -0.0676  0.2326  0.5000
       1       3       4       3    ****
 -0.5000  0.2326  0.3380  0.5000
       4       3       2    ****
   4   3   3   3   3   2   2
 -0.5000  0.0859  0.5000
       2       7    ****
 -0.5000  0.0498  0.5000
       1       7    ****
 ... generation ...    4
   1   2   1   6   5   2   2
 -0.5000 -0.3883 -0.2430  0.1732  0.3104  0.5000
       1       2       1       7       8    ****
 -0.5000 -0.3300  0.0298  0.2326  0.5000
       4       2       4       3    ****
   2   4   4   4   3   2   2
 -0.5000 -0.0729  0.0859  0.5000
       1       2       7    ****
 -0.5000  0.0498  0.5000
       1       7    ****
   3   2   1   5   4   2   2
 -0.5000  0.0223  0.1732  0.3104  0.5000
       2       1       7       8    ****
 -0.5000 -0.3300  0.0859  0.5000
       4       2       7    ****
   4   4   2   4   6   2   2
 -0.5000 -0.3586  0.0498  0.5000
       2       1       7    ****
 -0.5000 -0.4646  0.0486  0.1392  0.1480  0.5000
       2       1       2       4       2    ****
 ... generation ...    5
   1   3   3   3   3   2   2
 -0.5000  0.0859  0.5000
       2       7    ****
 -0.5000  0.0859  0.5000
       2       7    ****
   2   2   1   3   5   2   2
 -0.5000  0.0498  0.5000
       1       7    ****
 -0.5000 -0.3300  0.0298  0.2326  0.5000
       4       2       4       3    ****
   3   3   1   4   6   2   2
 -0.5000 -0.3300  0.0859  0.5000
       4       2       7    ****
 -0.5000 -0.3883 -0.2430  0.1732  0.3104  0.5000
       1       2       1       7       8    ****
   4   2   4   4   6   2   2
 -0.5000 -0.0729  0.0859  0.5000
       1       2       7    ****
 -0.5000 -0.4646  0.0486  0.1392  0.1480  0.5000
       2       1       2       4       2    ****
 ... generation ...    6
   1   4   1   8   3   2   2
 -0.5000 -0.4646  0.0173  0.0183  0.0486  0.1392  0.1480  0.5000
       2       1       2       1       2       4       2    ****
 -0.5000  0.0859  0.5000
       2       7    ****
   2   1   1   3   3   2   2
 -0.5000  0.0859  0.5000
       2       7    ****
 -0.5000  0.0859  0.5000
       2       7    ****
   3   3   4   5   4   2   2
 -0.5000 -0.3883 -0.2430  0.1732  0.5000
       1       2       1       7    ****
 -0.5000 -0.0729  0.0859  0.5000
       1       2       7    ****
   4   4   2   4   5   2   2
 -0.5000 -0.0729  0.0859  0.5000
       1       2       7    ****
 -0.5000 -0.3119  0.0298  0.2326  0.5000
       1       2       4       3    ****
 ... generation ...    7
   1   2   4   3   4   2   2
 -0.5000  0.0859  0.5000
       2       7    ****
 -0.5000 -0.0729  0.0859  0.5000
       1       2       7    ****
   2   2   1   3   8   2   2
 -0.5000  0.0859  0.5000
       2       7    ****
 -0.5000 -0.4646  0.0173  0.0183  0.0486  0.1392  0.1480  0.5000
       2       1       2       1       2       4       2    ****
   3   4   4   5   6   2   2
 -0.5000 -0.0729  0.0298  0.2326  0.5000
       1       2       4       3    ****
 -0.5000 -0.3119 -0.2779 -0.0729  0.0859  0.5000
       1       2       1       2       7    ****
   4   3   2   4   3   2   2
 -0.5000 -0.0729  0.0859  0.5000
       1       2       7    ****
 -0.5000  0.0859  0.5000
       2       7    ****
 ... generation ...    8
   1   2   2   7  10   2   2
 -0.5000 -0.4646  0.0173  0.0183  0.0234  0.0859  0.5000
       2       1       2       1       2       7    ****
 -0.5000 -0.3513 -0.1091 -0.0289  0.0173  0.0183  0.0486  0.1392  0.1480  0.5000
       2       1       2       1       2       1       2       4       2    ****
   2   3   4   6   4   2   2
 -0.5000 -0.3119 -0.2779 -0.0729  0.0859  0.5000
       1       2       1       2       7    ****
 -0.5000 -0.0729  0.0859  0.5000
       1       2       7    ****
   3   2   4   9   4   2   2
 -0.5000 -0.4646  0.0173  0.0183  0.0486  0.1392  0.1480  0.4092  0.5000
       2       1       2       1       2       4       2       7    ****
 -0.5000 -0.0729  0.0859  0.5000
       1       2       7    ****
   4   3   2   5   3   2   2
 -0.5000 -0.0729  0.0298  0.2326  0.5000
       1       2       4       3    ****
 -0.5000  0.0859  0.5000
       2       7    ****
 ... generation ...    9
   1   1   3   7   4   2   2
 -0.5000 -0.4646  0.0173  0.0183  0.0234  0.0859  0.5000
       2       1       2       1       2       7    ****
 -0.5000 -0.0729  0.0859  0.5000
       1       2       7    ****
   2   2   3   6   5   2   2
 -0.5000 -0.3119 -0.2779 -0.0729  0.0859  0.5000
       1       2       1       2       7    ****
 -0.5000 -0.4646  0.0004  0.0859  0.5000
       2       1       2       7    ****
   3   2   3   4   5   2   2
 -0.5000 -0.0729  0.0859  0.5000
       1       2       7    ****
 -0.5000 -0.4646 -0.0729  0.0859  0.5000
       2       1       2       7    ****
   4   1   2   9   4   2   2
 -0.5000 -0.3513 -0.1091 -0.1015  0.0173  0.0183  0.0234  0.0859  0.5000
       2       1       2       1       2       1       2       7    ****
 -0.5000 -0.0729  0.0859  0.5000
       1       2       7    ****
 ... generation ...   10
   1   1   4   4   9   2   2
 -0.5000 -0.0729  0.0859  0.5000
       1       2       7    ****
 -0.5000 -0.3513 -0.1091 -0.1015  0.0173  0.0183  0.0234  0.0859  0.5000
       2       1       2       1       2       1       2       7    ****
   2   2   3   5   4   2   2
 -0.5000 -0.4646  0.0004  0.0859  0.5000
       2       1       2       7    ****
 -0.5000 -0.0729  0.0859  0.5000
       1       2       7    ****
   3   3   3   4   5   2   2
 -0.5000 -0.0729  0.0859  0.5000
       1       2       7    ****
 -0.5000 -0.4646 -0.0729  0.0859  0.5000
       2       1       2       7    ****
   4   2   3   5   5   2   2
 -0.5000 -0.4646  0.0004  0.0859  0.5000
       2       1       2       7    ****
 -0.5000 -0.4646 -0.0729  0.0859  0.5000
       2       1       2       7    ****
