 ... generation ...    0
   1   0   0   2   2   2   2
 -0.5000  0.5000
       1    ****
 -0.5000  0.5000
       2    ****
   2   0   0   2   2   2   2
 -0.5000  0.5000
       3    ****
 -0.5000  0.5000
       4    ****
   3   0   0   2   2   2   2
 -0.5000  0.5000
       5    ****
 -0.5000  0.5000
       6    ****
   4   0   0   2   2   2   2
 -0.5000  0.5000
       7    ****
 -0.5000  0.5000
       8    ****
 ... generation ...    1
   1   2   4   2   2   2   2
 -0.5000  0.5000
       4    ****
 -0.5000  0.5000
       7    ****
   2   2   1   4   2   2   2
 -0.5000 -0.1894  0.0587  0.5000
       4       3       4    ****
 -0.5000  0.5000
       2    ****
   3   1   3   2   2   2   2
 -0.5000  0.5000
       2    ****
 -0.5000  0.5000
       6    ****
   4   1   2   4   3   2   2
 -0.5000 -0.1994 -0.0627  0.5000
       1       2       1    ****
 -0.5000  0.2796  0.5000
       3       4    ****
 ... generation ...    2
   1   2   3   4   2   2   2
 -0.5000 -0.1894  0.0587  0.5000
       4       3       4    ****
 -0.5000  0.5000
       2    ****
   2   2   3   5   2   2   2
 -0.5000 -0.1894  0.0587  0.3072  0.5000
       4       3       4       2    ****
 -0.5000  0.5000
       2    ****
   3   4   3   4   2   2   2
 -0.5000 -0.1994 -0.0627  0.5000
       1       2       1    ****
 -0.5000  0.5000
       6    ****
   4   4   2   5   5   2   2
 -0.5000 -0.1994 -0.0627  0.4774  0.5000
       1       2       1       4    ****
 -0.5000 -0.4788 -0.1894  0.0587  0.5000
       2       4       3       4    ****
 ... generation ...    3
   1   1   2   3   5   2   2
 -0.5000  0.2566  0.5000
       2       4    ****
 -0.5000 -0.1749  0.0587  0.3072  0.5000
       2       3       4       2    ****
   2   4   4   5   5   2   2
 -0.5000 -0.1994 -0.0627  0.1123  0.5000
       1       2       1       4    ****
 -0.5000 -0.1994 -0.0627  0.4774  0.5000
       1       2       1       4    ****
   3   2   1   5   4   2   2
 -0.5000 -0.1894  0.0587  0.3072  0.5000
       4       3       4       2    ****
 -0.5000 -0.1894 -0.0674  0.5000
       4       3       2    ****
   4   4   2   5   4   2   2
 -0.5000 -0.1994 -0.0627  0.4774  0.5000
       1       2       1       4    ****
 -0.5000  0.1491  0.3072  0.5000
       2       4       2    ****
 ... generation ...    4
   1   1   3   7   4   2   2
 -0.5000 -0.1749 -0.1595 -0.0301  0.0587  0.3072  0.5000
       2       3       2       3       4       2    ****
 -0.5000 -0.1894 -0.0674  0.5000
       4       3       2    ****
   2   1   1   5   3   2   2
 -0.5000 -0.1749  0.0587  0.3072  0.5000
       2       3       4       2    ****
 -0.5000  0.2566  0.5000
       2       4    ****
   3   1   3   5   5   2   2
 -0.5000 -0.1749  0.0587  0.3072  0.5000
       2       3       4       2    ****
 -0.5000 -0.1894  0.0587  0.3072  0.5000
       4       3       4       2    ****
   4   4   2   5   5   2   2
 -0.5000 -0.1994  0.1491  0.3072  0.5000
       1       2       4       2    ****
 -0.5000 -0.1994 -0.0627  0.4774  0.5000
       1       2       1       4    ****
 ... generation ...    5
   1   3   4   6   5   2   2
 -0.5000 -0.3377 -0.1894  0.0587  0.3072  0.5000
       2       4       3       4       2    ****
 -0.5000 -0.1994  0.1491  0.3072  0.5000
       1       2       4       2    ****
   2   2   1   3   6   2   2
 -0.5000  0.2566  0.5000
       2       4    ****
 -0.5000 -0.1894 -0.0674  0.1162  0.3072  0.5000
       4       3       2       4       2    ****
   3   2   4   5   5   2   2
 -0.5000 -0.1749 -0.1340  0.2566  0.5000
       2       3       2       4    ****
 -0.5000 -0.1994 -0.0475  0.4774  0.5000
       1       2       1       4    ****
   4   3   2   5   3   2   2
 -0.5000 -0.1749  0.0587  0.3072  0.5000
       2       3       4       2    ****
 -0.5000  0.2566  0.5000
       2       4    ****
 ... generation ...    6
   1   4   2   4   6   2   2
 -0.5000 -0.1749  0.0587  0.5000
       2       3       4    ****
 -0.5000 -0.1894 -0.0674  0.1162  0.3072  0.5000
       4       3       2       4       2    ****
   2   3   2   8   5   2   2
 -0.5000 -0.1994 -0.0475  0.1312  0.2566  0.3924  0.4774  0.5000
       1       2       1       2       4       1       4    ****
 -0.5000 -0.4286  0.1162  0.3072  0.5000
       4       2       4       2    ****
   3   4   1   5   5   2   2
 -0.5000 -0.1749  0.0587  0.3072  0.5000
       2       3       4       2    ****
 -0.5000 -0.1994  0.1491  0.3072  0.5000
       1       2       4       2    ****
   4   2   4   3   6   2   2
 -0.5000  0.2566  0.5000
       2       4    ****
 -0.5000 -0.1749  0.0587  0.1764  0.2566  0.5000
       2       3       4       2       4    ****
 ... generation ...    7
   1   4   3   6   5   2   2
 -0.5000 -0.0948  0.0587  0.1764  0.2566  0.5000
       2       3       4       2       4    ****
 -0.5000 -0.1994  0.1491  0.3072  0.5000
       1       2       4       2    ****
   2   4   4   6   3   2   2
 -0.5000 -0.1749  0.0587  0.1764  0.2566  0.5000
       2       3       4       2       4    ****
 -0.5000  0.2566  0.5000
       2       4    ****
   3   3   2   6   5   2   2
 -0.5000 -0.1994 -0.0080  0.0587  0.3072  0.5000
       1       2       3       4       2    ****
 -0.5000 -0.4286  0.1162  0.3072  0.5000
       4       2       4       2    ****
   4   3   4   6   5   2   2
 -0.5000 -0.2240 -0.1749  0.0587  0.3072  0.5000
       1       2       3       4       2    ****
 -0.5000 -0.1749 -0.1213  0.2566  0.5000
       2       3       2       4    ****
 ... generation ...    8
   1   4   4   8   6   2   2
 -0.5000 -0.1749 -0.1213 -0.0769  0.0587  0.3072  0.3505  0.5000
       2       3       2       3       4       2       4    ****
 -0.5000 -0.1749 -0.1213  0.2566  0.4437  0.5000
       2       3       2       4       2    ****
   2   1   1   6   7   2   2
 -0.5000 -0.0948  0.0587  0.1764  0.2566  0.5000
       2       3       4       2       4    ****
 -0.5000 -0.0948  0.0587  0.1062  0.1491  0.3072  0.5000
       2       3       4       2       4       2    ****
   3   2   2   6   5   2   2
 -0.5000 -0.1749  0.0587  0.1764  0.2566  0.5000
       2       3       4       2       4    ****
 -0.5000 -0.0644  0.0462  0.2566  0.5000
       2       3       2       4    ****
   4   4   2   6   6   2   2
 -0.5000 -0.4033 -0.1749 -0.1213  0.2566  0.5000
       1       2       3       2       4    ****
 -0.5000 -0.1749  0.0587  0.1764  0.2566  0.5000
       2       3       4       2       4    ****
 ... generation ...    9
   1   3   4   6   5   2   2
 -0.5000 -0.1749  0.0587  0.1764  0.2566  0.5000
       2       3       4       2       4    ****
 -0.5000 -0.1749 -0.1213  0.2566  0.5000
       2       3       2       4    ****
   2   3   2   7   8   2   2
 -0.5000 -0.1749 -0.1555 -0.0644  0.0462  0.2566  0.5000
       2       3       2       3       2       4    ****
 -0.5000 -0.0948  0.0587  0.1062  0.1491  0.1764  0.2566  0.5000
       2       3       4       2       4       2       4    ****
   3   2   2   6   7   2   2
 -0.5000 -0.0948  0.0587  0.1764  0.2566  0.5000
       2       3       4       2       4    ****
 -0.5000 -0.0948  0.0587  0.1062  0.1491  0.3072  0.5000
       2       3       4       2       4       2    ****
   4   4   2   9   9   2   2
 -0.5000 -0.4033 -0.1749 -0.1213 -0.0283  0.0587  0.1764  0.2566  0.5000
       1       2       3       2       3       4       2       4    ****
 -0.5000 -0.0948  0.0587  0.1062  0.1491  0.1764  0.2566  0.4951  0.5000
       2       3       4       2       4       2       4       2    ****
 ... generation ...   10
   1   1   4   5  11   2   2
 -0.5000 -0.1749 -0.1213  0.2566  0.5000
       2       3       2       4    ****
 -0.5000 -0.4783 -0.4033 -0.1749 -0.1213 -0.0283  0.0587  0.1764  0.2566  0.4951
       2       1       2       3       2       3       4       2       4       2
  0.5000
    ****
   2   2   4   8   9   2   2
 -0.5000 -0.0948  0.0587  0.1062  0.1491  0.1764  0.2566  0.5000
       2       3       4       2       4       2       4    ****
 -0.5000 -0.0948  0.0587  0.1062  0.1491  0.1764  0.2566  0.4951  0.5000
       2       3       4       2       4       2       4       2    ****
   3   3   3   7   6   2   2
 -0.5000 -0.0948  0.0587  0.1062  0.1491  0.3072  0.5000
       2       3       4       2       4       2    ****
 -0.5000 -0.0948  0.0587  0.1764  0.2566  0.5000
       2       3       4       2       4    ****
   4   1   1   5   5   2   2
 -0.5000 -0.1749 -0.1213  0.2566  0.5000
       2       3       2       4    ****
 -0.5000 -0.1749 -0.1213  0.2566  0.5000
       2       3       2       4    ****
