  0   1   2   2
  0.0000  0.5000
       1       0
  0.0000  0.5000
       2       0
  0   2   2   2
  0.0000  0.5000
       3       0
  0.0000  0.5000
       4       0
  0   3   2   2
  0.0000  0.5000
       5       0
  0.0000  0.5000
       6       0
  0   4   2   2
  0.0000  0.5000
       7       0
  0.0000  0.5000
       8       0
  0   5   2   2
  0.0000  0.5000
       9       0
  0.0000  0.5000
      10       0
  0   6   2   2
  0.0000  0.5000
      11       0
  0.0000  0.5000
      12       0
  0   7   2   2
  0.0000  0.5000
      13       0
  0.0000  0.5000
      14       0
  0   8   2   2
  0.0000  0.5000
      15       0
  0.0000  0.5000
      16       0
  0   9   2   2
  0.0000  0.5000
      17       0
  0.0000  0.5000
      18       0
  0  10   2   2
  0.0000  0.5000
      19       0
  0.0000  0.5000
      20       0
