  0   1   2   2
  0.0000  0.5000
       1       0
  0.0000  0.5000
       2       0
  0   2   2   2
  0.0000  0.5000
       3       0
  0.0000  0.5000
       4       0
  0   3   2   2
  0.0000  0.5000
       5       0
  0.0000  0.5000
       6       0
  0   4   2   2
  0.0000  0.5000
       7       0
  0.0000  0.5000
       8       0
  0   5   2   2
  0.0000  0.5000
       9       0
  0.0000  0.5000
      10       0
  0   6   2   2
  0.0000  0.5000
      11       0
  0.0000  0.5000
      12       0
  0   7   2   2
  0.0000  0.5000
      13       0
  0.0000  0.5000
      14       0
  0   8   2   2
  0.0000  0.5000
      15       0
  0.0000  0.5000
      16       0
  0   9   2   2
  0.0000  0.5000
      17       0
  0.0000  0.5000
      18       0
  0  10   2   2
  0.0000  0.5000
      19       0
  0.0000  0.5000
      20       0
  1   1   2   2
  0.0000  0.5000
       7       0
  0.0000  0.5000
       9       0
  1   2   4   2
  0.0000  0.0320  0.2105  0.5000
      16      15      16       0
  0.0000  0.5000
      13       0
  1   3   2   5
  0.0000  0.5000
       5       0
  0.0000  0.0032  0.0477  0.0511  0.5000
      15      16      15      16       0
  1   4   2   4
  0.0000  0.5000
      19       0
  0.0000  0.0178  0.2055  0.5000
       2       1       2       0
  1   5   3   3
  0.0000  0.4142  0.5000
       2       1       0
  0.0000  0.1132  0.5000
       9      10       0
  1   6   2   2
  0.0000  0.5000
      17       0
  0.0000  0.5000
       7       0
  1   7   2   3
  0.0000  0.5000
      16       0
  0.0000  0.2709  0.5000
       5       6       0
  1   8   2   4
  0.0000  0.5000
       4       0
  0.0000  0.3499  0.3884  0.5000
       6       5       6       0
  1   9   2   4
  0.0000  0.5000
       5       0
  0.0000  0.0699  0.0897  0.5000
      20      19      20       0
  1  10   4   2
  0.0000  0.1468  0.4769  0.5000
       7       8       7       0
  0.0000  0.5000
      12       0
  2   1   4   2
  0.0000  0.0178  0.2055  0.5000
       2       1       2       0
  0.0000  0.5000
       9       0
  2   2   3   2
  0.0000  0.4674  0.5000
       9       7       0
  0.0000  0.5000
      16       0
  2   3   4   4
  0.0000  0.3499  0.3884  0.5000
       6       5       6       0
  0.0000  0.0178  0.0546  0.5000
       2       1      19       0
  2   4   2   3
  0.0000  0.5000
      19       0
  0.0000  0.4384  0.5000
      13      16       0
  2   5   2   3
  0.0000  0.5000
       7       0
  0.0000  0.2709  0.5000
       5       6       0
  2   6   5   3
  0.0000  0.0032  0.0477  0.0511  0.5000
      15      16      15      16       0
  0.0000  0.4956  0.5000
       9       7       0
  2   7   4   2
  0.0000  0.0320  0.2105  0.5000
      16      15      16       0
  0.0000  0.5000
      19       0
  2   8   3   5
  0.0000  0.1132  0.5000
       9      10       0
  0.0000  0.0320  0.2105  0.2564  0.5000
      16      15      16      13       0
  2   9   4   3
  0.0000  0.1955  0.2105  0.5000
      13      15      16       0
  0.0000  0.1969  0.5000
      17       7       0
  2  10   2   3
  0.0000  0.5000
       5       0
  0.0000  0.0786  0.5000
       5      16       0
  3   1   3   3
  0.0000  0.1132  0.5000
       9      10       0
  0.0000  0.0884  0.5000
       5       7       0
  3   2   3   4
  0.0000  0.4674  0.5000
       9       7       0
  0.0000  0.0320  0.2105  0.5000
      16      15      16       0
  3   3   5   3
  0.0000  0.0320  0.2105  0.2564  0.5000
      16      15      16      13       0
  0.0000  0.2927  0.5000
       7       6       0
  3   4   4   2
  0.0000  0.0786  0.4238  0.5000
       5      16       5       0
  0.0000  0.5000
       7       0
  3   5   3   4
  0.0000  0.4956  0.5000
       9       7       0
  0.0000  0.0178  0.2055  0.5000
       2       1       2       0
  3   6   3   2
  0.0000  0.2735  0.5000
       9       2       0
  0.0000  0.5000
      19       0
  3   7   2   6
  0.0000  0.5000
       9       0
  0.0000  0.0320  0.2105  0.2564  0.4917  0.5000
      16      15      16      13      10       0
  3   8   4   3
  0.0000  0.4384  0.4881  0.5000
      13      16      19       0
  0.0000  0.0786  0.5000
       5      16       0
  3   9   4   5
  0.0000  0.2105  0.4986  0.5000
       5      16       5       0
  0.0000  0.0178  0.0546  0.4222  0.5000
       2       1      19       6       0
  3  10   4   5
  0.0000  0.0320  0.2105  0.5000
      16      15      16       0
  0.0000  0.0104  0.1955  0.2105  0.5000
      17      13      15      16       0
  4   1   4   3
  0.0000  0.0320  0.2105  0.5000
      16      15      16       0
  0.0000  0.2735  0.5000
       9       2       0
  4   2   6   4
  0.0000  0.1132  0.2794  0.3153  0.3816  0.5000
       9      10       7      10       7       0
  0.0000  0.2735  0.2913  0.5000
       9       2      19       0
  4   3   5   6
  0.0000  0.0786  0.3139  0.4384  0.5000
       5      16      13      16       0
  0.0000  0.0320  0.1172  0.2927  0.3296  0.5000
      16      15       7       6      13       0
  4   4   4   4
  0.0000  0.2105  0.4986  0.5000
       5      16       5       0
  0.0000  0.0320  0.2105  0.5000
      16      15      16       0
  4   5   5   6
  0.0000  0.3628  0.4632  0.4956  0.5000
       9       2       9       7       0
  0.0000  0.0320  0.1764  0.1955  0.2105  0.5000
      16      15      13      15      16       0
  4   6   3   4
  0.0000  0.0786  0.5000
       5      16       0
  0.0000  0.2805  0.4238  0.5000
       7      16       5       0
  4   7   3   3
  0.0000  0.1132  0.5000
       9      10       0
  0.0000  0.2735  0.5000
       9       2       0
  4   8   3   3
  0.0000  0.4956  0.5000
       9       7       0
  0.0000  0.4956  0.5000
       9       7       0
  4   9   5   5
  0.0000  0.0104  0.1955  0.2105  0.5000
      17      13      15      16       0
  0.0000  0.0320  0.2105  0.2564  0.5000
      16      15      16      13       0
  4  10   3   3
  0.0000  0.0884  0.5000
       5       7       0
  0.0000  0.1132  0.5000
       9      10       0
  5   1   5   6
  0.0000  0.0152  0.2105  0.4986  0.5000
      16       5      16       5       0
  0.0000  0.1132  0.2794  0.3153  0.3816  0.5000
       9      10       7      10       7       0
  5   2   4   5
  0.0000  0.0786  0.4238  0.5000
       5      16       5       0
  0.0000  0.0320  0.2105  0.2564  0.5000
      16      15      16      13       0
  5   3   3   6
  0.0000  0.1961  0.5000
       9      10       0
  0.0000  0.1132  0.2794  0.3153  0.3816  0.5000
       9      10       7      10       7       0
  5   4   3   7
  0.0000  0.4956  0.5000
       9       7       0
  0.0000  0.1132  0.2794  0.3153  0.3816  0.4839  0.5000
       9      10       7      10       7      19       0
  5   5   3   3
  0.0000  0.0786  0.5000
       5      16       0
  0.0000  0.2735  0.5000
       9       2       0
  5   6   5   3
  0.0000  0.0104  0.1955  0.2105  0.5000
      17      13      15      16       0
  0.0000  0.2735  0.5000
       9       2       0
  5   7   4   3
  0.0000  0.0884  0.2303  0.5000
       5       7      10       0
  0.0000  0.1132  0.5000
       9      10       0
  5   8   3   4
  0.0000  0.2735  0.5000
       9       2       0
  0.0000  0.2735  0.2913  0.5000
       9       2      19       0
  5   9   4   5
  0.0000  0.2105  0.4986  0.5000
       5      16       5       0
  0.0000  0.3628  0.4632  0.4956  0.5000
       9       2       9       7       0
  5  10   6   4
  0.0000  0.0320  0.2105  0.2564  0.4348  0.5000
      16      15      16      13      16       0
  0.0000  0.0320  0.2105  0.5000
      16      15      16       0
  6   1   4   3
  0.0000  0.1098  0.2303  0.5000
       9       7      10       0
  0.0000  0.4876  0.5000
       9      19       0
  6   2   4   3
  0.0000  0.0786  0.2883  0.5000
       5      16      13       0
  0.0000  0.1961  0.5000
       9      10       0
  6   3   4   6
  0.0000  0.2735  0.2913  0.5000
       9       2      19       0
  0.0000  0.1132  0.2794  0.3153  0.3816  0.5000
       9      10       7      10       7       0
  6   4   7   6
  0.0000  0.2315  0.2794  0.3153  0.3816  0.4839  0.5000
       9      10       7      10       7      19       0
  0.0000  0.1132  0.2794  0.3153  0.3816  0.5000
       9      10       7      10       7       0
  6   5   4   3
  0.0000  0.2735  0.2913  0.5000
       9       2      19       0
  0.0000  0.4956  0.5000
       9       7       0
  6   6   3   4
  0.0000  0.2735  0.5000
       9       2       0
  0.0000  0.0884  0.2303  0.5000
       5       7      10       0
  6   7   6   4
  0.0000  0.2538  0.3831  0.4632  0.4956  0.5000
       9      16       2       9       7       0
  0.0000  0.0294  0.1132  0.5000
       5       9      10       0
  6   8   4   4
  0.0000  0.0786  0.4238  0.5000
       5      16       5       0
  0.0000  0.3161  0.4986  0.5000
       9      16       5       0
  6   9   6   9
  0.0000  0.0104  0.1955  0.2105  0.4982  0.5000
      17      13      15      16       2       0
  0.0000  0.0152  0.2029  0.2794  0.3153  0.3816  0.3914  0.4986  0.5000
      16       5      10       7      10       7      16       5       0
  6  10   3   7
  0.0000  0.4956  0.5000
       9       7       0
  0.0000  0.1753  0.2794  0.3153  0.3816  0.4839  0.5000
       9      10       7      10       7      19       0
  7   1   6   7
  0.0000  0.1132  0.2794  0.3153  0.3816  0.5000
       9      10       7      10       7       0
  0.0000  0.1132  0.2794  0.3153  0.3816  0.4839  0.5000
       9      10       7      10       7      19       0
  7   2   6   6
  0.0000  0.1970  0.2190  0.3161  0.4986  0.5000
       9      16       9      16       5       0
  0.0000  0.1132  0.2794  0.3153  0.3816  0.5000
       9      10       7      10       7       0
  7   3   4   4
  0.0000  0.0294  0.1132  0.5000
       5       9      10       0
  0.0000  0.0884  0.2303  0.5000
       5       7      10       0
  7   4   7   4
  0.0000  0.1132  0.2794  0.3153  0.3816  0.4218  0.5000
       9      10       7      10       7      19       0
  0.0000  0.2735  0.2913  0.5000
       9       2      19       0
  7   5   7   6
  0.0000  0.2315  0.2794  0.3153  0.3816  0.4839  0.5000
       9      10       7      10       7      19       0
  0.0000  0.0104  0.1955  0.2105  0.4982  0.5000
      17      13      15      16       2       0
  7   6   6   6
  0.0000  0.1132  0.2794  0.3153  0.3816  0.5000
       9      10       7      10       7       0
  0.0000  0.2735  0.2913  0.3634  0.4956  0.5000
       9       2      19       9       7       0
  7   7   6   3
  0.0000  0.1132  0.2794  0.3153  0.3816  0.5000
       9      10       7      10       7       0
  0.0000  0.4956  0.5000
       9       7       0
  7   8   3   3
  0.0000  0.2735  0.5000
       9       2       0
  0.0000  0.4876  0.5000
       9      19       0
  7   9   4   4
  0.0000  0.1098  0.2303  0.5000
       9       7      10       0
  0.0000  0.2735  0.2913  0.5000
       9       2      19       0
  7  10   5   3
  0.0000  0.0461  0.3161  0.4986  0.5000
       5       9      16       5       0
  0.0000  0.4956  0.5000
       9       7       0
  8   1   4   5
  0.0000  0.2735  0.2913  0.5000
       9       2      19       0
  0.0000  0.2735  0.2803  0.3928  0.5000
       9       2       9       2       0
  8   2   6   4
  0.0000  0.1132  0.2794  0.3153  0.3816  0.5000
       9      10       7      10       7       0
  0.0000  0.2735  0.2913  0.5000
       9       2      19       0
  8   3   3   4
  0.0000  0.2735  0.5000
       9       2       0
  0.0000  0.0461  0.4956  0.5000
       5       9       7       0
  8   4   3   7
  0.0000  0.4876  0.5000
       9      19       0
  0.0000  0.2315  0.2794  0.3153  0.3816  0.4839  0.5000
       9      10       7      10       7      19       0
  8   5   3   7
  0.0000  0.2735  0.5000
       9       2       0
  0.0000  0.1132  0.2794  0.3153  0.3816  0.4218  0.5000
       9      10       7      10       7      19       0
  8   6   8   7
  0.0000  0.1132  0.2794  0.3153  0.3816  0.4367  0.4956  0.5000
       9      10       7      10       7       9       7       0
  0.0000  0.1132  0.2794  0.3153  0.3816  0.4218  0.5000
       9      10       7      10       7      19       0
  8   7   3   6
  0.0000  0.4956  0.5000
       9       7       0
  0.0000  0.2735  0.2913  0.3634  0.4956  0.5000
       9       2      19       9       7       0
  8   8   4   3
  0.0000  0.0884  0.2303  0.5000
       5       7      10       0
  0.0000  0.4956  0.5000
       9       7       0
  8   9   6   6
  0.0000  0.2526  0.2794  0.2837  0.4956  0.5000
       9      10       7       9       7       0
  0.0000  0.1132  0.2509  0.2735  0.2913  0.5000
       9      10       9       2      19       0
  8  10   6   6
  0.0000  0.2735  0.2913  0.3634  0.4956  0.5000
       9       2      19       9       7       0
  0.0000  0.2735  0.2913  0.3634  0.4956  0.5000
       9       2      19       9       7       0
  9   1   5   4
  0.0000  0.1132  0.2781  0.4393  0.5000
       9      10       2      19       0
  0.0000  0.2735  0.4873  0.5000
       9       2      19       0
  9   2   6   4
  0.0000  0.2735  0.2913  0.3634  0.4956  0.5000
       9       2      19       9       7       0
  0.0000  0.0461  0.4956  0.5000
       5       9       7       0
  9   3   5   3
  0.0000  0.0884  0.1811  0.4956  0.5000
       5       7       9       7       0
  0.0000  0.4876  0.5000
       9      19       0
  9   4   6   3
  0.0000  0.2735  0.2913  0.3634  0.4956  0.5000
       9       2      19       9       7       0
  0.0000  0.4956  0.5000
       9       7       0
  9   5   5   3
  0.0000  0.2735  0.2803  0.3928  0.5000
       9       2       9       2       0
  0.0000  0.4956  0.5000
       9       7       0
  9   6   6   6
  0.0000  0.2526  0.2794  0.2837  0.4956  0.5000
       9      10       7       9       7       0
  0.0000  0.2735  0.2913  0.3634  0.4956  0.5000
       9       2      19       9       7       0
  9   7   6   6
  0.0000  0.2526  0.2794  0.2837  0.4956  0.5000
       9      10       7       9       7       0
  0.0000  0.2526  0.2794  0.2837  0.4956  0.5000
       9      10       7       9       7       0
  9   8   6   6
  0.0000  0.2526  0.2794  0.2837  0.4956  0.5000
       9      10       7       9       7       0
  0.0000  0.1132  0.2509  0.2735  0.2913  0.5000
       9      10       9       2      19       0
  9   9   6   6
  0.0000  0.1132  0.2509  0.2735  0.2913  0.5000
       9      10       9       2      19       0
  0.0000  0.2526  0.2794  0.2837  0.4956  0.5000
       9      10       7       9       7       0
  9  10   4   6
  0.0000  0.2735  0.2913  0.5000
       9       2      19       0
  0.0000  0.2735  0.2913  0.3634  0.4956  0.5000
       9       2      19       9       7       0
 10   1   4   5
  0.0000  0.0461  0.4956  0.5000
       5       9       7       0
  0.0000  0.0884  0.1811  0.4956  0.5000
       5       7       9       7       0
 10   2   6   4
  0.0000  0.2526  0.2794  0.2837  0.4956  0.5000
       9      10       7       9       7       0
  0.0000  0.0461  0.4956  0.5000
       5       9       7       0
 10   3   3   6
  0.0000  0.4884  0.5000
       9      19       0
  0.0000  0.2526  0.2794  0.2837  0.4956  0.5000
       9      10       7       9       7       0
 10   4   3   4
  0.0000  0.4956  0.5000
       9       7       0
  0.0000  0.2735  0.4873  0.5000
       9       2      19       0
 10   5   5   3
  0.0000  0.2735  0.2803  0.4956  0.5000
       9       2       9       7       0
  0.0000  0.4876  0.5000
       9      19       0
 10   6   3   6
  0.0000  0.4956  0.5000
       9       7       0
  0.0000  0.2735  0.2913  0.3634  0.4956  0.5000
       9       2      19       9       7       0
 10   7   6   7
  0.0000  0.2735  0.2913  0.3634  0.4956  0.5000
       9       2      19       9       7       0
  0.0000  0.0461  0.2735  0.2913  0.3634  0.4956  0.5000
       5       9       2      19       9       7       0
 10   8   6   6
  0.0000  0.2526  0.2794  0.2837  0.4956  0.5000
       9      10       7       9       7       0
  0.0000  0.2735  0.2913  0.3634  0.4956  0.5000
       9       2      19       9       7       0
 10   9   6   6
  0.0000  0.2735  0.2913  0.3634  0.4956  0.5000
       9       2      19       9       7       0
  0.0000  0.2735  0.2913  0.3634  0.4956  0.5000
       9       2      19       9       7       0
 10  10   6   6
  0.0000  0.2735  0.2913  0.3634  0.4956  0.5000
       9       2      19       9       7       0
  0.0000  0.2526  0.2794  0.2837  0.4956  0.5000
       9      10       7       9       7       0
 11   1   3   7
  0.0000  0.4884  0.5000
       9      19       0
  0.0000  0.0461  0.2735  0.2913  0.3634  0.4956  0.5000
       5       9       2      19       9       7       0
 11   2   5   5
  0.0000  0.2735  0.2803  0.4956  0.5000
       9       2       9       7       0
  0.0000  0.0884  0.1811  0.4956  0.5000
       5       7       9       7       0
 11   3   6   6
  0.0000  0.2526  0.2794  0.2837  0.4956  0.5000
       9      10       7       9       7       0
  0.0000  0.2735  0.2913  0.3634  0.4956  0.5000
       9       2      19       9       7       0
 11   4   3   5
  0.0000  0.4876  0.5000
       9      19       0
  0.0000  0.2735  0.2803  0.4956  0.5000
       9       2       9       7       0
 11   5   3   6
  0.0000  0.4876  0.5000
       9      19       0
  0.0000  0.2735  0.2913  0.3057  0.4956  0.5000
       9       2      19       9       7       0
 11   6   6   7
  0.0000  0.2735  0.2913  0.3634  0.4956  0.5000
       9       2      19       9       7       0
  0.0000  0.0461  0.2735  0.2913  0.3634  0.4956  0.5000
       5       9       2      19       9       7       0
 11   7   6   5
  0.0000  0.2735  0.2913  0.3634  0.4956  0.5000
       9       2      19       9       7       0
  0.0000  0.2735  0.2803  0.4956  0.5000
       9       2       9       7       0
 11   8   6   4
  0.0000  0.2735  0.2913  0.3634  0.4956  0.5000
       9       2      19       9       7       0
  0.0000  0.2735  0.4873  0.5000
       9       2      19       0
 11   9   6   7
  0.0000  0.2735  0.2913  0.3634  0.4956  0.5000
       9       2      19       9       7       0
  0.0000  0.0461  0.2735  0.2913  0.3634  0.4956  0.5000
       5       9       2      19       9       7       0
 11  10   6   4
  0.0000  0.2735  0.2913  0.3634  0.4956  0.5000
       9       2      19       9       7       0
  0.0000  0.3800  0.4873  0.5000
       9       2      19       0
 12   1   6   6
  0.0000  0.2735  0.2913  0.3634  0.4956  0.5000
       9       2      19       9       7       0
  0.0000  0.2735  0.2913  0.3634  0.4956  0.5000
       9       2      19       9       7       0
 12   2   7   4
  0.0000  0.0461  0.2735  0.2913  0.3634  0.4956  0.5000
       5       9       2      19       9       7       0
  0.0000  0.0461  0.4884  0.5000
       5       9      19       0
 12   3   7   7
  0.0000  0.0461  0.2735  0.2913  0.3634  0.4956  0.5000
       5       9       2      19       9       7       0
  0.0000  0.0461  0.2735  0.2913  0.3634  0.4956  0.5000
       5       9       2      19       9       7       0
 12   4   3   6
  0.0000  0.4876  0.5000
       9      19       0
  0.0000  0.2735  0.2913  0.3634  0.4956  0.5000
       9       2      19       9       7       0
 12   5   7   6
  0.0000  0.2735  0.2913  0.2939  0.3800  0.4873  0.5000
       9       2      19       9       2      19       0
  0.0000  0.2735  0.2913  0.3634  0.4956  0.5000
       9       2      19       9       7       0
 12   6   3   4
  0.0000  0.4876  0.5000
       9      19       0
  0.0000  0.2735  0.4873  0.5000
       9       2      19       0
 12   7   7   7
  0.0000  0.0461  0.2735  0.2913  0.3634  0.4956  0.5000
       5       9       2      19       9       7       0
  0.0000  0.0461  0.2735  0.2913  0.3634  0.4884  0.5000
       5       9       2      19       9      19       0
 12   8   6   6
  0.0000  0.2735  0.2913  0.3634  0.4956  0.5000
       9       2      19       9       7       0
  0.0000  0.2735  0.2913  0.3634  0.4956  0.5000
       9       2      19       9       7       0
 12   9   3   6
  0.0000  0.4876  0.5000
       9      19       0
  0.0000  0.2526  0.2794  0.2837  0.4956  0.5000
       9      10       7       9       7       0
 12  10   4   3
  0.0000  0.2735  0.4873  0.5000
       9       2      19       0
  0.0000  0.4876  0.5000
       9      19       0
 13   1   6   6
  0.0000  0.2526  0.2794  0.2836  0.4876  0.5000
       9      10       7       9      19       0
  0.0000  0.0461  0.3183  0.3634  0.4956  0.5000
       5       9      19       9       7       0
 13   2   7   6
  0.0000  0.0461  0.2735  0.2913  0.3634  0.4884  0.5000
       5       9       2      19       9      19       0
  0.0000  0.2735  0.2913  0.3634  0.4956  0.5000
       9       2      19       9       7       0
 13   3   7   7
  0.0000  0.2735  0.2913  0.2939  0.3800  0.4873  0.5000
       9       2      19       9       2      19       0
  0.0000  0.2735  0.2913  0.2939  0.3800  0.4873  0.5000
       9       2      19       9       2      19       0
 13   4   4   4
  0.0000  0.2735  0.4873  0.5000
       9       2      19       0
  0.0000  0.0461  0.4884  0.5000
       5       9      19       0
 13   5   6   7
  0.0000  0.2735  0.2913  0.3634  0.4956  0.5000
       9       2      19       9       7       0
  0.0000  0.2735  0.2913  0.2993  0.3800  0.4873  0.5000
       9       2      19       9       2      19       0
 13   6   6   6
  0.0000  0.2735  0.2913  0.3634  0.4956  0.5000
       9       2      19       9       7       0
  0.0000  0.2735  0.2913  0.3634  0.4956  0.5000
       9       2      19       9       7       0
 13   7   6   6
  0.0000  0.2735  0.2913  0.3634  0.4956  0.5000
       9       2      19       9       7       0
  0.0000  0.2735  0.2913  0.3634  0.4956  0.5000
       9       2      19       9       7       0
 13   8   6   6
  0.0000  0.2735  0.2943  0.3338  0.4873  0.5000
       9       2       9       2      19       0
  0.0000  0.2735  0.2913  0.3634  0.4956  0.5000
       9       2      19       9       7       0
 13   9   5   6
  0.0000  0.3270  0.3634  0.4956  0.5000
       9      19       9       7       0
  0.0000  0.2735  0.3524  0.3863  0.4873  0.5000
       9       2       9       2      19       0
 13  10   3   7
  0.0000  0.4876  0.5000
       9      19       0
  0.0000  0.0461  0.2735  0.2913  0.3634  0.4956  0.5000
       5       9       2      19       9       7       0
 14   1   6   7
  0.0000  0.0461  0.3183  0.3634  0.4956  0.5000
       5       9      19       9       7       0
  0.0000  0.2735  0.2913  0.2939  0.3800  0.4873  0.5000
       9       2      19       9       2      19       0
 14   2   8   7
  0.0000  0.2735  0.3524  0.3863  0.4873  0.4934  0.4956  0.5000
       9       2       9       2      19       9       7       0
  0.0000  0.2735  0.3136  0.3270  0.3634  0.4956  0.5000
       9       2       9      19       9       7       0
 14   3   3   7
  0.0000  0.4956  0.5000
       9       7       0
  0.0000  0.2735  0.2913  0.3634  0.3863  0.4873  0.5000
       9       2      19       9       2      19       0
 14   4   4   6
  0.0000  0.2735  0.4873  0.5000
       9       2      19       0
  0.0000  0.2735  0.2913  0.3634  0.4956  0.5000
       9       2      19       9       7       0
 14   5   6   6
  0.0000  0.2735  0.2913  0.3634  0.4956  0.5000
       9       2      19       9       7       0
  0.0000  0.0461  0.3183  0.3634  0.4956  0.5000
       5       9      19       9       7       0
 14   6   7   7
  0.0000  0.2735  0.2913  0.2939  0.3800  0.4873  0.5000
       9       2      19       9       2      19       0
  0.0000  0.2735  0.2943  0.3338  0.4678  0.4956  0.5000
       9       2       9       2       9       7       0
 14   7   7   7
  0.0000  0.2735  0.2913  0.2993  0.3800  0.4873  0.5000
       9       2      19       9       2      19       0
  0.0000  0.2735  0.2913  0.2939  0.3800  0.4873  0.5000
       9       2      19       9       2      19       0
 14   8   6   6
  0.0000  0.2735  0.2913  0.3634  0.4956  0.5000
       9       2      19       9       7       0
  0.0000  0.2526  0.2794  0.2836  0.4876  0.5000
       9      10       7       9      19       0
 14   9   7   7
  0.0000  0.2735  0.2913  0.2939  0.3800  0.4873  0.5000
       9       2      19       9       2      19       0
  0.0000  0.2735  0.2913  0.2939  0.3800  0.4873  0.5000
       9       2      19       9       2      19       0
 14  10   6   7
  0.0000  0.2735  0.2943  0.3338  0.4873  0.5000
       9       2       9       2      19       0
  0.0000  0.2735  0.3524  0.3863  0.3915  0.4956  0.5000
       9       2       9       2       9       7       0
 15   1   7   6
  0.0000  0.2735  0.2913  0.2939  0.3800  0.4873  0.5000
       9       2      19       9       2      19       0
  0.0000  0.2735  0.2943  0.3338  0.4873  0.5000
       9       2       9       2      19       0
 15   2   6   4
  0.0000  0.0461  0.3183  0.3634  0.4956  0.5000
       5       9      19       9       7       0
  0.0000  0.2735  0.4873  0.5000
       9       2      19       0
 15   3   6   9
  0.0000  0.2735  0.2913  0.3634  0.4876  0.5000
       9       2      19       9      19       0
  0.0000  0.2735  0.3136  0.3270  0.3634  0.4900  0.4934  0.4956  0.5000
       9       2       9      19       9      19       9       7       0
 15   4   7   5
  0.0000  0.2735  0.2913  0.2939  0.3800  0.4873  0.5000
       9       2      19       9       2      19       0
  0.0000  0.3183  0.3634  0.4956  0.5000
       9      19       9       7       0
 15   5   6   5
  0.0000  0.2735  0.2913  0.3634  0.4956  0.5000
       9       2      19       9       7       0
  0.0000  0.3183  0.3634  0.4956  0.5000
       9      19       9       7       0
 15   6   7   8
  0.0000  0.2735  0.2913  0.2939  0.3800  0.4873  0.5000
       9       2      19       9       2      19       0
  0.0000  0.2735  0.3524  0.3863  0.4873  0.4934  0.4956  0.5000
       9       2       9       2      19       9       7       0
 15   7   6   7
  0.0000  0.2735  0.2913  0.3634  0.4956  0.5000
       9       2      19       9       7       0
  0.0000  0.2735  0.2913  0.2939  0.3800  0.4873  0.5000
       9       2      19       9       2      19       0
 15   8   7   8
  0.0000  0.2735  0.2913  0.2939  0.3800  0.4873  0.5000
       9       2      19       9       2      19       0
  0.0000  0.2735  0.2943  0.3338  0.3771  0.3800  0.4873  0.5000
       9       2       9       2       9       2      19       0
 15   9   7   7
  0.0000  0.2735  0.2913  0.2939  0.3800  0.4873  0.5000
       9       2      19       9       2      19       0
  0.0000  0.2735  0.2913  0.2939  0.3800  0.4873  0.5000
       9       2      19       9       2      19       0
 15  10   7   7
  0.0000  0.2735  0.3524  0.3863  0.3915  0.4956  0.5000
       9       2       9       2       9       7       0
  0.0000  0.2735  0.3524  0.3863  0.3897  0.4956  0.5000
       9       2       9       2       9       7       0
 16   1   8   7
  0.0000  0.2735  0.2943  0.3338  0.3743  0.3800  0.4873  0.5000
       9       2       9       2       9       2      19       0
  0.0000  0.2735  0.2913  0.2939  0.3800  0.4873  0.5000
       9       2      19       9       2      19       0
 16   2   7   4
  0.0000  0.2735  0.2913  0.2939  0.3800  0.4873  0.5000
       9       2      19       9       2      19       0
  0.0000  0.2735  0.4873  0.5000
       9       2      19       0
 16   3   6   6
  0.0000  0.2735  0.2913  0.3634  0.4956  0.5000
       9       2      19       9       7       0
  0.0000  0.2735  0.2943  0.3338  0.4873  0.5000
       9       2       9       2      19       0
 16   4   9   5
  0.0000  0.2735  0.3136  0.3270  0.3634  0.4900  0.4934  0.4956  0.5000
       9       2       9      19       9      19       9       7       0
  0.0000  0.3183  0.3634  0.4956  0.5000
       9      19       9       7       0
 16   5   8   6
  0.0000  0.2735  0.2913  0.2939  0.3800  0.3943  0.4956  0.5000
       9       2      19       9       2       9       7       0
  0.0000  0.2735  0.2913  0.3634  0.4956  0.5000
       9       2      19       9       7       0
 16   6   8   9
  0.0000  0.2735  0.2943  0.3338  0.3716  0.3800  0.4873  0.5000
       9       2       9       2       9       2      19       0
  0.0000  0.2735  0.3136  0.3270  0.3634  0.4900  0.4934  0.4956  0.5000
       9       2       9      19       9      19       9       7       0
 16   7   6   8
  0.0000  0.2735  0.2913  0.3634  0.4956  0.5000
       9       2      19       9       7       0
  0.0000  0.2735  0.2943  0.3338  0.3771  0.3800  0.4873  0.5000
       9       2       9       2       9       2      19       0
 16   8   7   7
  0.0000  0.2735  0.2913  0.2939  0.3800  0.4873  0.5000
       9       2      19       9       2      19       0
  0.0000  0.2735  0.3524  0.3863  0.3897  0.4956  0.5000
       9       2       9       2       9       7       0
 16   9   7   6
  0.0000  0.2735  0.2913  0.2939  0.3800  0.4873  0.5000
       9       2      19       9       2      19       0
  0.0000  0.2735  0.2943  0.3338  0.4873  0.5000
       9       2       9       2      19       0
 16  10   7   6
  0.0000  0.2735  0.3524  0.3863  0.3897  0.4956  0.5000
       9       2       9       2       9       7       0
  0.0000  0.2735  0.2913  0.3634  0.4956  0.5000
       9       2      19       9       7       0
 17   1   9   7
  0.0000  0.2735  0.3136  0.3270  0.3634  0.4900  0.4934  0.4956  0.5000
       9       2       9      19       9      19       9       7       0
  0.0000  0.2735  0.3524  0.3863  0.3897  0.4896  0.5000
       9       2       9       2       9      19       0
 17   2   8   7
  0.0000  0.2735  0.2943  0.3338  0.3771  0.3800  0.4873  0.5000
       9       2       9       2       9       2      19       0
  0.0000  0.2735  0.2913  0.3634  0.4071  0.4873  0.5000
       9       2      19       9       2      19       0
 17   3   7   7
  0.0000  0.2735  0.3136  0.3270  0.3634  0.4956  0.5000
       9       2       9      19       9       7       0
  0.0000  0.2735  0.3524  0.3863  0.3897  0.4956  0.5000
       9       2       9       2       9       7       0
 17   4   7   7
  0.0000  0.2735  0.3524  0.3863  0.3897  0.4956  0.5000
       9       2       9       2       9       7       0
  0.0000  0.2735  0.3524  0.3863  0.3897  0.4956  0.5000
       9       2       9       2       9       7       0
 17   5   5   6
  0.0000  0.3183  0.3634  0.4956  0.5000
       9      19       9       7       0
  0.0000  0.2735  0.2913  0.3634  0.4956  0.5000
       9       2      19       9       7       0
 17   6   6   7
  0.0000  0.2735  0.2913  0.3634  0.4956  0.5000
       9       2      19       9       7       0
  0.0000  0.2735  0.3524  0.3863  0.3897  0.4956  0.5000
       9       2       9       2       9       7       0
 17   7   6   8
  0.0000  0.2735  0.2913  0.3634  0.4956  0.5000
       9       2      19       9       7       0
  0.0000  0.2735  0.3136  0.3270  0.3634  0.4683  0.4873  0.5000
       9       2       9      19       9       2      19       0
 17   8   8   8
  0.0000  0.2735  0.2913  0.3595  0.3800  0.3943  0.4956  0.5000
       9       2      19       9       2       9       7       0
  0.0000  0.2735  0.2943  0.3338  0.3771  0.3800  0.4873  0.5000
       9       2       9       2       9       2      19       0
 17   9   6   6
  0.0000  0.2735  0.2913  0.3634  0.4956  0.5000
       9       2      19       9       7       0
  0.0000  0.2735  0.3260  0.3800  0.4873  0.5000
       9       2       9       2      19       0
 17  10   9   7
  0.0000  0.2735  0.3136  0.3270  0.3634  0.4900  0.4934  0.4956  0.5000
       9       2       9      19       9      19       9       7       0
  0.0000  0.2735  0.2913  0.2939  0.3800  0.4873  0.5000
       9       2      19       9       2      19       0
 18   1   8   6
  0.0000  0.2735  0.3136  0.3270  0.3634  0.4794  0.4873  0.5000
       9       2       9      19       9       2      19       0
  0.0000  0.2735  0.2913  0.3634  0.4956  0.5000
       9       2      19       9       7       0
 18   2   9   6
  0.0000  0.2735  0.3136  0.3270  0.3634  0.4900  0.4934  0.4956  0.5000
       9       2       9      19       9      19       9       7       0
  0.0000  0.2735  0.2913  0.3634  0.4956  0.5000
       9       2      19       9       7       0
 18   3   6   7
  0.0000  0.2735  0.2913  0.3634  0.4956  0.5000
       9       2      19       9       7       0
  0.0000  0.2735  0.3524  0.3863  0.3897  0.4956  0.5000
       9       2       9       2       9       7       0
 18   4   9   5
  0.0000  0.2735  0.3136  0.3270  0.3634  0.4900  0.4934  0.4956  0.5000
       9       2       9      19       9      19       9       7       0
  0.0000  0.3183  0.3634  0.4956  0.5000
       9      19       9       7       0
 18   5   7   9
  0.0000  0.2735  0.3524  0.3863  0.3897  0.4956  0.5000
       9       2       9       2       9       7       0
  0.0000  0.2735  0.3524  0.3863  0.3897  0.4896  0.4950  0.4956  0.5000
       9       2       9       2       9      19       9       7       0
 18   6   7   8
  0.0000  0.2735  0.2913  0.3634  0.4071  0.4873  0.5000
       9       2      19       9       2      19       0
  0.0000  0.2735  0.2913  0.3595  0.3800  0.3943  0.4956  0.5000
       9       2      19       9       2       9       7       0
 18   7   7   9
  0.0000  0.2735  0.3136  0.3270  0.3634  0.4956  0.5000
       9       2       9      19       9       7       0
  0.0000  0.2735  0.3136  0.3270  0.3634  0.4900  0.4934  0.4956  0.5000
       9       2       9      19       9      19       9       7       0
 18   8   7   7
  0.0000  0.2735  0.3136  0.3270  0.3634  0.4956  0.5000
       9       2       9      19       9       7       0
  0.0000  0.2735  0.3524  0.3863  0.3897  0.4956  0.5000
       9       2       9       2       9       7       0
 18   9   7   7
  0.0000  0.2735  0.3524  0.3863  0.3897  0.4956  0.5000
       9       2       9       2       9       7       0
  0.0000  0.2735  0.3260  0.3800  0.3961  0.4956  0.5000
       9       2       9       2       9       7       0
 18  10   6   7
  0.0000  0.2735  0.2913  0.3634  0.4956  0.5000
       9       2      19       9       7       0
  0.0000  0.2735  0.2913  0.3634  0.4071  0.4873  0.5000
       9       2      19       9       2      19       0
 19   1   7   7
  0.0000  0.2735  0.3524  0.3863  0.3897  0.4956  0.5000
       9       2       9       2       9       7       0
  0.0000  0.3183  0.3634  0.4900  0.4934  0.4956  0.5000
       9      19       9      19       9       7       0
 19   2   8   7
  0.0000  0.2735  0.2913  0.3595  0.3800  0.3943  0.4956  0.5000
       9       2      19       9       2       9       7       0
  0.0000  0.2735  0.3524  0.3863  0.3897  0.4956  0.5000
       9       2       9       2       9       7       0
 19   3   7   8
  0.0000  0.3183  0.3634  0.4900  0.4934  0.4956  0.5000
       9      19       9      19       9       7       0
  0.0000  0.2735  0.3136  0.3270  0.3634  0.4794  0.4873  0.5000
       9       2       9      19       9       2      19       0
 19   4   6   7
  0.0000  0.2735  0.2913  0.3634  0.4956  0.5000
       9       2      19       9       7       0
  0.0000  0.2735  0.2913  0.3634  0.4071  0.4873  0.5000
       9       2      19       9       2      19       0
 19   5   6   7
  0.0000  0.2735  0.2913  0.3634  0.4956  0.5000
       9       2      19       9       7       0
  0.0000  0.2735  0.3524  0.3863  0.3897  0.4956  0.5000
       9       2       9       2       9       7       0
 19   6   8   9
  0.0000  0.2735  0.3136  0.3270  0.3634  0.4794  0.4873  0.5000
       9       2       9      19       9       2      19       0
  0.0000  0.2735  0.3136  0.3270  0.3634  0.4900  0.4934  0.4956  0.5000
       9       2       9      19       9      19       9       7       0
 19   7   9   7
  0.0000  0.2735  0.2913  0.3458  0.3524  0.3863  0.3897  0.4956  0.5000
       9       2      19       2       9       2       9       7       0
  0.0000  0.2735  0.2913  0.3634  0.4071  0.4873  0.5000
       9       2      19       9       2      19       0
 19   8   7   7
  0.0000  0.2735  0.2874  0.3183  0.3634  0.4956  0.5000
       9       2       9      19       9       7       0
  0.0000  0.2735  0.3524  0.3863  0.3897  0.4956  0.5000
       9       2       9       2       9       7       0
 19   9   9   9
  0.0000  0.2735  0.3136  0.3270  0.3634  0.4900  0.4934  0.4956  0.5000
       9       2       9      19       9      19       9       7       0
  0.0000  0.2735  0.3524  0.3863  0.3897  0.4896  0.4950  0.4956  0.5000
       9       2       9       2       9      19       9       7       0
 19  10   9   7
  0.0000  0.2735  0.2913  0.3595  0.3800  0.3943  0.4641  0.4873  0.5000
       9       2      19       9       2       9       2      19       0
  0.0000  0.2735  0.3524  0.3863  0.3897  0.4956  0.5000
       9       2       9       2       9       7       0
 20   1   7   8
  0.0000  0.2735  0.3524  0.3863  0.3897  0.4956  0.5000
       9       2       9       2       9       7       0
  0.0000  0.2735  0.3136  0.3270  0.3634  0.4794  0.4873  0.5000
       9       2       9      19       9       2      19       0
 20   2   9   7
  0.0000  0.2735  0.2913  0.3370  0.3524  0.3863  0.3897  0.4956  0.5000
       9       2      19       2       9       2       9       7       0
  0.0000  0.2735  0.2874  0.3183  0.3634  0.4956  0.5000
       9       2       9      19       9       7       0
 20   3   9   9
  0.0000  0.2735  0.2913  0.3458  0.3524  0.3863  0.3897  0.4956  0.5000
       9       2      19       2       9       2       9       7       0
  0.0000  0.2735  0.3524  0.3863  0.3897  0.4896  0.4950  0.4956  0.5000
       9       2       9       2       9      19       9       7       0
 20   4   7   7
  0.0000  0.2735  0.2874  0.3183  0.3634  0.4956  0.5000
       9       2       9      19       9       7       0
  0.0000  0.3183  0.3634  0.4900  0.4934  0.4956  0.5000
       9      19       9      19       9       7       0
 20   5   8   7
  0.0000  0.2735  0.3136  0.3270  0.3634  0.4794  0.4873  0.5000
       9       2       9      19       9       2      19       0
  0.0000  0.2735  0.3524  0.3863  0.3897  0.4956  0.5000
       9       2       9       2       9       7       0
 20   6   7   7
  0.0000  0.2735  0.3524  0.3863  0.3897  0.4956  0.5000
       9       2       9       2       9       7       0
  0.0000  0.2735  0.3524  0.3863  0.3897  0.4956  0.5000
       9       2       9       2       9       7       0
 20   7   7   9
  0.0000  0.2735  0.3524  0.3863  0.3897  0.4956  0.5000
       9       2       9       2       9       7       0
  0.0000  0.2735  0.2877  0.3183  0.3634  0.4900  0.4934  0.4956  0.5000
       9       2       9      19       9      19       9       7       0
 20   8   7   9
  0.0000  0.2735  0.3524  0.3863  0.3897  0.4956  0.5000
       9       2       9       2       9       7       0
  0.0000  0.2735  0.3136  0.3270  0.3634  0.4900  0.4934  0.4956  0.5000
       9       2       9      19       9      19       9       7       0
 20   9   7   8
  0.0000  0.3183  0.3634  0.4900  0.4934  0.4956  0.5000
       9      19       9      19       9       7       0
  0.0000  0.2735  0.2913  0.3541  0.3863  0.3897  0.4956  0.5000
       9       2      19       9       2       9       7       0
 20  10   7   7
  0.0000  0.2735  0.3524  0.3863  0.3897  0.4956  0.5000
       9       2       9       2       9       7       0
  0.0000  0.2735  0.3524  0.3863  0.3897  0.4956  0.5000
       9       2       9       2       9       7       0
 21   1   7   9
  0.0000  0.2735  0.3524  0.3863  0.3897  0.4956  0.5000
       9       2       9       2       9       7       0
  0.0000  0.2735  0.2877  0.3183  0.3634  0.4900  0.4934  0.4956  0.5000
       9       2       9      19       9      19       9       7       0
 21   2   8   7
  0.0000  0.2735  0.3136  0.3270  0.3634  0.4794  0.4873  0.5000
       9       2       9      19       9       2      19       0
  0.0000  0.2735  0.3524  0.3863  0.3897  0.4956  0.5000
       9       2       9       2       9       7       0
 21   3   7   7
  0.0000  0.2735  0.3524  0.3863  0.3897  0.4956  0.5000
       9       2       9       2       9       7       0
  0.0000  0.2735  0.3524  0.3863  0.3897  0.4956  0.5000
       9       2       9       2       9       7       0
 21   4   7   7
  0.0000  0.3183  0.3634  0.4900  0.4934  0.4956  0.5000
       9      19       9      19       9       7       0
  0.0000  0.2735  0.3524  0.3863  0.3897  0.4956  0.5000
       9       2       9       2       9       7       0
 21   5   9   8
  0.0000  0.2735  0.2913  0.3458  0.3524  0.3863  0.3897  0.4956  0.5000
       9       2      19       2       9       2       9       7       0
  0.0000  0.2735  0.2913  0.3541  0.3863  0.3897  0.4956  0.5000
       9       2      19       9       2       9       7       0
 21   6   7   9
  0.0000  0.3183  0.3634  0.4900  0.4934  0.4956  0.5000
       9      19       9      19       9       7       0
  0.0000  0.2735  0.3524  0.3863  0.3897  0.4896  0.4950  0.4956  0.5000
       9       2       9       2       9      19       9       7       0
 21   7   9   9
  0.0000  0.2735  0.3524  0.3863  0.3897  0.4896  0.4950  0.4956  0.5000
       9       2       9       2       9      19       9       7       0
  0.0000  0.2735  0.3524  0.3863  0.3897  0.4896  0.4950  0.4956  0.5000
       9       2       9       2       9      19       9       7       0
 21   8   7   9
  0.0000  0.3183  0.3634  0.4900  0.4934  0.4956  0.5000
       9      19       9      19       9       7       0
  0.0000  0.2735  0.2913  0.3458  0.3524  0.3863  0.3897  0.4956  0.5000
       9       2      19       2       9       2       9       7       0
 21   9   7   9
  0.0000  0.2735  0.3524  0.3863  0.3897  0.4956  0.5000
       9       2       9       2       9       7       0
  0.0000  0.2735  0.3524  0.3863  0.3897  0.4896  0.4950  0.4956  0.5000
       9       2       9       2       9      19       9       7       0
 21  10   9   9
  0.0000  0.2735  0.2877  0.3183  0.3634  0.4900  0.4934  0.4956  0.5000
       9       2       9      19       9      19       9       7       0
  0.0000  0.2735  0.3136  0.3270  0.3634  0.4900  0.4934  0.4956  0.5000
       9       2       9      19       9      19       9       7       0
 22   1   7   9
  0.0000  0.2735  0.3524  0.3863  0.3897  0.4956  0.5000
       9       2       9       2       9       7       0
  0.0000  0.2735  0.2877  0.3183  0.3634  0.4900  0.4934  0.4956  0.5000
       9       2       9      19       9      19       9       7       0
 22   2   9   7
  0.0000  0.2735  0.3136  0.3270  0.3634  0.4900  0.4934  0.4956  0.5000
       9       2       9      19       9      19       9       7       0
  0.0000  0.2735  0.3524  0.3863  0.3897  0.4956  0.5000
       9       2       9       2       9       7       0
 22   3   9   9
  0.0000  0.2735  0.2877  0.3183  0.3634  0.4900  0.4934  0.4956  0.5000
       9       2       9      19       9      19       9       7       0
  0.0000  0.2735  0.3524  0.3863  0.3897  0.4896  0.4950  0.4956  0.5000
       9       2       9       2       9      19       9       7       0
 22   4   9   7
  0.0000  0.2735  0.2913  0.3458  0.3524  0.3863  0.3897  0.4956  0.5000
       9       2      19       2       9       2       9       7       0
  0.0000  0.3183  0.3634  0.4900  0.4934  0.4956  0.5000
       9      19       9      19       9       7       0
 22   5   9   7
  0.0000  0.2735  0.3524  0.3863  0.3897  0.4896  0.4950  0.4956  0.5000
       9       2       9       2       9      19       9       7       0
  0.0000  0.3183  0.3634  0.4900  0.4934  0.4956  0.5000
       9      19       9      19       9       7       0
 22   6   9   9
  0.0000  0.2735  0.3524  0.3863  0.3897  0.4896  0.4950  0.4956  0.5000
       9       2       9       2       9      19       9       7       0
  0.0000  0.2735  0.2913  0.3458  0.3524  0.3622  0.3634  0.4956  0.5000
       9       2      19       2       9      19       9       7       0
 22   7   9   9
  0.0000  0.2735  0.3136  0.3270  0.3634  0.4900  0.4934  0.4956  0.5000
       9       2       9      19       9      19       9       7       0
  0.0000  0.2735  0.2913  0.3458  0.3524  0.3863  0.3897  0.4956  0.5000
       9       2      19       2       9       2       9       7       0
 22   8   7   9
  0.0000  0.2735  0.3287  0.3634  0.4794  0.4873  0.5000
       9       2      19       9       2      19       0
  0.0000  0.2735  0.2877  0.3183  0.3572  0.3863  0.3897  0.4956  0.5000
       9       2       9      19       9       2       9       7       0
 22   9   9   9
  0.0000  0.2735  0.3524  0.3863  0.3897  0.4896  0.4950  0.4956  0.5000
       9       2       9       2       9      19       9       7       0
  0.0000  0.2735  0.2913  0.3458  0.3524  0.3863  0.3897  0.4956  0.5000
       9       2      19       2       9       2       9       7       0
 22  10   9   7
  0.0000  0.2735  0.3524  0.3863  0.3897  0.4896  0.4950  0.4956  0.5000
       9       2       9       2       9      19       9       7       0
  0.0000  0.2735  0.3524  0.3863  0.3897  0.4956  0.5000
       9       2       9       2       9       7       0
 23   1   9   9
  0.0000  0.2735  0.3524  0.3863  0.3897  0.4896  0.4950  0.4956  0.5000
       9       2       9       2       9      19       9       7       0
  0.0000  0.2735  0.3524  0.3863  0.3897  0.4896  0.4950  0.4956  0.5000
       9       2       9       2       9      19       9       7       0
 23   2   9   7
  0.0000  0.2735  0.2913  0.3458  0.3524  0.3863  0.3897  0.4956  0.5000
       9       2      19       2       9       2       9       7       0
  0.0000  0.3183  0.3634  0.4900  0.4934  0.4956  0.5000
       9      19       9      19       9       7       0
 23   3   9   9
  0.0000  0.2735  0.3524  0.3863  0.3897  0.4896  0.4950  0.4956  0.5000
       9       2       9       2       9      19       9       7       0
  0.0000  0.2735  0.3524  0.3863  0.3897  0.4896  0.4950  0.4956  0.5000
       9       2       9       2       9      19       9       7       0
 23   4   9   9
  0.0000  0.2735  0.3303  0.3458  0.3524  0.3622  0.3634  0.4956  0.5000
       9       2      19       2       9      19       9       7       0
  0.0000  0.2735  0.2913  0.3458  0.3524  0.3863  0.3897  0.4956  0.5000
       9       2      19       2       9       2       9       7       0
 23   5   9   7
  0.0000  0.2735  0.2913  0.3458  0.3524  0.4900  0.4934  0.4956  0.5000
       9       2      19       2       9      19       9       7       0
  0.0000  0.2735  0.3524  0.4900  0.4934  0.4956  0.5000
       9       2       9      19       9       7       0
 23   6   9   9
  0.0000  0.2735  0.3136  0.3270  0.3634  0.4900  0.4934  0.4956  0.5000
       9       2       9      19       9      19       9       7       0
  0.0000  0.2735  0.3524  0.3863  0.3897  0.4896  0.4950  0.4956  0.5000
       9       2       9       2       9      19       9       7       0
 23   7   9   9
  0.0000  0.2735  0.3524  0.3863  0.3897  0.4896  0.4950  0.4956  0.5000
       9       2       9       2       9      19       9       7       0
  0.0000  0.2735  0.2913  0.3458  0.3524  0.3622  0.3634  0.4956  0.5000
       9       2      19       2       9      19       9       7       0
 23   8   9   9
  0.0000  0.2735  0.3136  0.3270  0.3634  0.4900  0.4934  0.4956  0.5000
       9       2       9      19       9      19       9       7       0
  0.0000  0.2735  0.3524  0.3863  0.3897  0.4896  0.4950  0.4956  0.5000
       9       2       9       2       9      19       9       7       0
 23   9   9   8
  0.0000  0.2735  0.3136  0.3270  0.3634  0.4900  0.4934  0.4956  0.5000
       9       2       9      19       9      19       9       7       0
  0.0000  0.2735  0.2877  0.3183  0.3634  0.4794  0.4873  0.5000
       9       2       9      19       9       2      19       0
 23  10   9   9
  0.0000  0.2735  0.3524  0.3863  0.3897  0.4896  0.4950  0.4956  0.5000
       9       2       9       2       9      19       9       7       0
  0.0000  0.2735  0.2913  0.3458  0.3524  0.3863  0.3897  0.4956  0.5000
       9       2      19       2       9       2       9       7       0
 24   1   9   9
  0.0000  0.2735  0.3524  0.3863  0.3897  0.4896  0.4950  0.4956  0.5000
       9       2       9       2       9      19       9       7       0
  0.0000  0.2735  0.3136  0.3270  0.3634  0.4900  0.4934  0.4956  0.5000
       9       2       9      19       9      19       9       7       0
 24   2   9   9
  0.0000  0.2735  0.2913  0.3458  0.3524  0.4900  0.4934  0.4956  0.5000
       9       2      19       2       9      19       9       7       0
  0.0000  0.2735  0.3524  0.3863  0.3897  0.4896  0.4950  0.4956  0.5000
       9       2       9       2       9      19       9       7       0
 24   3   9   9
  0.0000  0.2735  0.3524  0.3863  0.3897  0.4896  0.4950  0.4956  0.5000
       9       2       9       2       9      19       9       7       0
  0.0000  0.2735  0.3303  0.3458  0.3524  0.3622  0.3634  0.4956  0.5000
       9       2      19       2       9      19       9       7       0
 24   4   9   9
  0.0000  0.2735  0.2913  0.3458  0.3524  0.3863  0.3897  0.4956  0.5000
       9       2      19       2       9       2       9       7       0
  0.0000  0.2735  0.3524  0.3863  0.3897  0.4896  0.4950  0.4956  0.5000
       9       2       9       2       9      19       9       7       0
 24   5   7   9
  0.0000  0.3183  0.3634  0.4900  0.4934  0.4956  0.5000
       9      19       9      19       9       7       0
  0.0000  0.2735  0.2913  0.3458  0.3524  0.3622  0.3634  0.4956  0.5000
       9       2      19       2       9      19       9       7       0
 24   6   9  11
  0.0000  0.2735  0.3524  0.3863  0.3897  0.4896  0.4950  0.4956  0.5000
       9       2       9       2       9      19       9       7       0
  0.0000  0.2735  0.2913  0.3458  0.3524  0.3863  0.3897  0.4896  0.4950  0.4956
       9       2      19       2       9       2       9      19       9       7
  0.5000
       0
 24   7   9   9
  0.0000  0.2735  0.3524  0.3863  0.3897  0.4896  0.4950  0.4956  0.5000
       9       2       9       2       9      19       9       7       0
  0.0000  0.2735  0.2877  0.3183  0.3634  0.4900  0.4934  0.4956  0.5000
       9       2       9      19       9      19       9       7       0
 24   8   9   9
  0.0000  0.2735  0.2913  0.3458  0.3524  0.3863  0.3897  0.4956  0.5000
       9       2      19       2       9       2       9       7       0
  0.0000  0.2735  0.2913  0.3458  0.3524  0.3863  0.3897  0.4956  0.5000
       9       2      19       2       9       2       9       7       0
 24   9   9   8
  0.0000  0.2735  0.3524  0.3863  0.3897  0.4896  0.4950  0.4956  0.5000
       9       2       9       2       9      19       9       7       0
  0.0000  0.2735  0.2877  0.3183  0.3634  0.4794  0.4873  0.5000
       9       2       9      19       9       2      19       0
 24  10   9   9
  0.0000  0.2735  0.2913  0.3458  0.3524  0.3863  0.3897  0.4956  0.5000
       9       2      19       2       9       2       9       7       0
  0.0000  0.2735  0.3524  0.3863  0.3897  0.4896  0.4950  0.4956  0.5000
       9       2       9       2       9      19       9       7       0
 25   1   9   9
  0.0000  0.2735  0.2913  0.3458  0.3524  0.3863  0.3897  0.4956  0.5000
       9       2      19       2       9       2       9       7       0
  0.0000  0.2735  0.3524  0.3863  0.3897  0.4896  0.4950  0.4956  0.5000
       9       2       9       2       9      19       9       7       0
 25   2   9   9
  0.0000  0.2735  0.2877  0.3183  0.3634  0.4900  0.4934  0.4956  0.5000
       9       2       9      19       9      19       9       7       0
  0.0000  0.2735  0.2877  0.3183  0.3634  0.4900  0.4934  0.4956  0.5000
       9       2       9      19       9      19       9       7       0
 25   3   9   7
  0.0000  0.2735  0.3524  0.3863  0.3897  0.4896  0.4950  0.4956  0.5000
       9       2       9       2       9      19       9       7       0
  0.0000  0.2735  0.3524  0.3863  0.3897  0.4956  0.5000
       9       2       9       2       9       7       0
 25   4   9   7
  0.0000  0.2735  0.3524  0.3863  0.3897  0.4896  0.4950  0.4956  0.5000
       9       2       9       2       9      19       9       7       0
  0.0000  0.2735  0.3474  0.3634  0.4794  0.4873  0.5000
       9       2      19       9       2      19       0
 25   5  12   9
  0.0000  0.2735  0.2877  0.3183  0.3349  0.3524  0.3863  0.3897  0.4896  0.4950
       9       2       9      19       2       9       2       9      19       9
  0.4956  0.5000
       7       0
  0.0000  0.2735  0.3524  0.3863  0.3897  0.4896  0.4950  0.4956  0.5000
       9       2       9       2       9      19       9       7       0
 25   6   9   9
  0.0000  0.2735  0.2913  0.3458  0.3524  0.3863  0.3897  0.4956  0.5000
       9       2      19       2       9       2       9       7       0
  0.0000  0.2735  0.3524  0.3863  0.3897  0.4896  0.4950  0.4956  0.5000
       9       2       9       2       9      19       9       7       0
 25   7   9   9
  0.0000  0.2735  0.2913  0.3458  0.3524  0.3863  0.3897  0.4956  0.5000
       9       2      19       2       9       2       9       7       0
  0.0000  0.2735  0.3136  0.3270  0.3634  0.4900  0.4934  0.4956  0.5000
       9       2       9      19       9      19       9       7       0
 25   8   9   9
  0.0000  0.2735  0.3524  0.3863  0.3897  0.4896  0.4950  0.4956  0.5000
       9       2       9       2       9      19       9       7       0
  0.0000  0.2735  0.3524  0.3863  0.3897  0.4896  0.4950  0.4956  0.5000
       9       2       9       2       9      19       9       7       0
 25   9   9   7
  0.0000  0.2735  0.2877  0.3183  0.3634  0.4900  0.4934  0.4956  0.5000
       9       2       9      19       9      19       9       7       0
  0.0000  0.2735  0.3524  0.3863  0.3897  0.4956  0.5000
       9       2       9       2       9       7       0
 25  10  11   7
  0.0000  0.2735  0.2913  0.3458  0.3524  0.3622  0.3634  0.4900  0.4934  0.4956
       9       2      19       2       9      19       9      19       9       7
  0.5000
       0
  0.0000  0.2735  0.3524  0.3863  0.3897  0.4956  0.5000
       9       2       9       2       9       7       0
 26   1  12   9
  0.0000  0.2735  0.2877  0.3183  0.3341  0.3524  0.3863  0.3897  0.4900  0.4934
       9       2       9      19       2       9       2       9      19       9
  0.4956  0.5000
       7       0
  0.0000  0.2735  0.2877  0.3183  0.3634  0.4900  0.4934  0.4956  0.5000
       9       2       9      19       9      19       9       7       0
 26   2   9   9
  0.0000  0.2735  0.2913  0.3458  0.3524  0.3863  0.3897  0.4956  0.5000
       9       2      19       2       9       2       9       7       0
  0.0000  0.2735  0.2913  0.3458  0.3524  0.3863  0.3897  0.4956  0.5000
       9       2      19       2       9       2       9       7       0
 26   3  11   9
  0.0000  0.2735  0.2913  0.3458  0.3524  0.3622  0.3634  0.4900  0.4934  0.4956
       9       2      19       2       9      19       9      19       9       7
  0.5000
       0
  0.0000  0.2735  0.3524  0.3863  0.3897  0.4896  0.4950  0.4956  0.5000
       9       2       9       2       9      19       9       7       0
 26   4   9  11
  0.0000  0.2735  0.2877  0.3183  0.3634  0.4900  0.4934  0.4956  0.5000
       9       2       9      19       9      19       9       7       0
  0.0000  0.2735  0.2913  0.3212  0.3524  0.3863  0.3897  0.4896  0.4950  0.4956
       9       2      19       2       9       2       9      19       9       7
  0.5000
       0
 26   5   9  10
  0.0000  0.2735  0.3524  0.3863  0.3897  0.4896  0.4950  0.4956  0.5000
       9       2       9       2       9      19       9       7       0
  0.0000  0.2735  0.3136  0.3270  0.3459  0.3524  0.3863  0.3897  0.4956  0.5000
       9       2       9      19       2       9       2       9       7       0


 26   6   7  12
  0.0000  0.2735  0.3474  0.3634  0.4794  0.4873  0.5000
       9       2      19       9       2      19       0
  0.0000  0.2735  0.2877  0.3183  0.3349  0.3524  0.3863  0.3897  0.4896  0.4950
       9       2       9      19       2       9       2       9      19       9
  0.4956  0.5000
       7       0
 26   7   9   7
  0.0000  0.2735  0.3524  0.3863  0.3897  0.4896  0.4950  0.4956  0.5000
       9       2       9       2       9      19       9       7       0
  0.0000  0.2735  0.3474  0.3634  0.4794  0.4873  0.5000
       9       2      19       9       2      19       0
 26   8   7   9
  0.0000  0.2735  0.3474  0.3634  0.4794  0.4873  0.5000
       9       2      19       9       2      19       0
  0.0000  0.2735  0.2913  0.3458  0.3524  0.3863  0.3897  0.4956  0.5000
       9       2      19       2       9       2       9       7       0
 26   9   9   7
  0.0000  0.2735  0.3524  0.3863  0.3897  0.4896  0.4950  0.4956  0.5000
       9       2       9       2       9      19       9       7       0
  0.0000  0.2735  0.2877  0.3183  0.3634  0.4956  0.5000
       9       2       9      19       9       7       0
 26  10  12   7
  0.0000  0.2735  0.2877  0.3183  0.3349  0.3524  0.3863  0.3897  0.4896  0.4950
       9       2       9      19       2       9       2       9      19       9
  0.4956  0.5000
       7       0
  0.0000  0.2735  0.3524  0.3863  0.3897  0.4956  0.5000
       9       2       9       2       9       7       0
 27   1   7  10
  0.0000  0.2735  0.3524  0.3863  0.3897  0.4956  0.5000
       9       2       9       2       9       7       0
  0.0000  0.2735  0.2877  0.3183  0.3349  0.3524  0.3863  0.3897  0.4956  0.5000
       9       2       9      19       2       9       2       9       7       0


 27   2   9   7
  0.0000  0.2735  0.3524  0.3863  0.3897  0.4896  0.4950  0.4956  0.5000
       9       2       9       2       9      19       9       7       0
  0.0000  0.2735  0.3474  0.3634  0.4794  0.4873  0.5000
       9       2      19       9       2      19       0
 27   3   9  11
  0.0000  0.2735  0.3524  0.3863  0.3897  0.4896  0.4950  0.4956  0.5000
       9       2       9       2       9      19       9       7       0
  0.0000  0.2735  0.2877  0.3034  0.3524  0.3863  0.3897  0.4896  0.4913  0.4956
       9       2       9       2       9       2       9      19       9       7
  0.5000
       0
 27   4   9   7
  0.0000  0.2735  0.2913  0.3458  0.3524  0.3863  0.3897  0.4956  0.5000
       9       2      19       2       9       2       9       7       0
  0.0000  0.2735  0.3474  0.3634  0.4794  0.4873  0.5000
       9       2      19       9       2      19       0
 27   5  10  11
  0.0000  0.2735  0.2913  0.3458  0.3524  0.3863  0.3897  0.4794  0.4873  0.5000
       9       2      19       2       9       2       9       2      19       0


  0.0000  0.2735  0.2877  0.3183  0.3634  0.3863  0.3897  0.4896  0.4950  0.4956
       9       2       9      19       9       2       9      19       9       7
  0.5000
       0
 27   6  12   9
  0.0000  0.2735  0.2877  0.3183  0.3341  0.3524  0.3863  0.3897  0.4900  0.4934
       9       2       9      19       2       9       2       9      19       9
  0.4956  0.5000
       7       0
  0.0000  0.2735  0.3524  0.3863  0.3897  0.4896  0.4950  0.4956  0.5000
       9       2       9       2       9      19       9       7       0
 27   7   7  10
  0.0000  0.2735  0.2877  0.3183  0.3634  0.4956  0.5000
       9       2       9      19       9       7       0
  0.0000  0.2735  0.3136  0.3270  0.3459  0.3524  0.3863  0.3897  0.4956  0.5000
       9       2       9      19       2       9       2       9       7       0


 27   8   9   7
  0.0000  0.2735  0.3524  0.3863  0.3897  0.4896  0.4950  0.4956  0.5000
       9       2       9       2       9      19       9       7       0
  0.0000  0.2735  0.3474  0.3634  0.4794  0.4873  0.5000
       9       2      19       9       2      19       0
 27   9   7   9
  0.0000  0.2735  0.3474  0.3634  0.4794  0.4873  0.5000
       9       2      19       9       2      19       0
  0.0000  0.2735  0.2913  0.3458  0.3524  0.3863  0.3897  0.4956  0.5000
       9       2      19       2       9       2       9       7       0
 27  10   9  11
  0.0000  0.2735  0.3524  0.3863  0.3897  0.4896  0.4950  0.4956  0.5000
       9       2       9       2       9      19       9       7       0
  0.0000  0.2735  0.2913  0.3212  0.3524  0.3863  0.3897  0.4896  0.4950  0.4956
       9       2      19       2       9       2       9      19       9       7
  0.5000
       0
 28   1   7   7
  0.0000  0.2735  0.3474  0.3634  0.4794  0.4873  0.5000
       9       2      19       9       2      19       0
  0.0000  0.2735  0.3474  0.3634  0.4794  0.4873  0.5000
       9       2      19       9       2      19       0
 28   2   9  11
  0.0000  0.2735  0.2913  0.3458  0.3524  0.3863  0.3897  0.4956  0.5000
       9       2      19       2       9       2       9       7       0
  0.0000  0.2735  0.2877  0.3183  0.3634  0.3863  0.3897  0.4896  0.4950  0.4956
       9       2       9      19       9       2       9      19       9       7
  0.5000
       0
 28   3  12  11
  0.0000  0.2735  0.2877  0.3183  0.3341  0.3524  0.3863  0.3897  0.4900  0.4934
       9       2       9      19       2       9       2       9      19       9
  0.4956  0.5000
       7       0
  0.0000  0.2735  0.2877  0.3034  0.3524  0.3863  0.3897  0.4896  0.4913  0.4956
       9       2       9       2       9       2       9      19       9       7
  0.5000
       0
 28   4  11   9
  0.0000  0.2735  0.2913  0.3212  0.3524  0.3863  0.3897  0.4896  0.4950  0.4956
       9       2      19       2       9       2       9      19       9       7
  0.5000
       0
  0.0000  0.2735  0.3524  0.3863  0.3897  0.4896  0.4950  0.4956  0.5000
       9       2       9       2       9      19       9       7       0
 28   5   9  10
  0.0000  0.2735  0.3524  0.3863  0.3897  0.4896  0.4950  0.4956  0.5000
       9       2       9       2       9      19       9       7       0
  0.0000  0.2735  0.2877  0.3183  0.3349  0.3524  0.3863  0.3897  0.4956  0.5000
       9       2       9      19       2       9       2       9       7       0


 28   6   7  11
  0.0000  0.2735  0.3474  0.3634  0.4794  0.4873  0.5000
       9       2      19       9       2      19       0
  0.0000  0.2735  0.2877  0.3034  0.3524  0.3863  0.3897  0.4896  0.4913  0.4956
       9       2       9       2       9       2       9      19       9       7
  0.5000
       0
 28   7   7   9
  0.0000  0.2735  0.3474  0.3634  0.4794  0.4873  0.5000
       9       2      19       9       2      19       0
  0.0000  0.2735  0.2913  0.3458  0.3524  0.3863  0.3897  0.4956  0.5000
       9       2      19       2       9       2       9       7       0
 28   8   9  10
  0.0000  0.2735  0.3524  0.3863  0.3897  0.4900  0.4934  0.4956  0.5000
       9       2       9       2       9      19       9       7       0
  0.0000  0.2735  0.2877  0.3183  0.3349  0.3524  0.3863  0.3897  0.4956  0.5000
       9       2       9      19       2       9       2       9       7       0


 28   9   9  10
  0.0000  0.2735  0.3158  0.3458  0.3524  0.3863  0.3897  0.4956  0.5000
       9       2      19       2       9       2       9       7       0
  0.0000  0.2735  0.2877  0.3183  0.3349  0.3524  0.3863  0.3897  0.4956  0.5000
       9       2       9      19       2       9       2       9       7       0


 28  10   7   7
  0.0000  0.2735  0.3474  0.3634  0.4794  0.4873  0.5000
       9       2      19       9       2      19       0
  0.0000  0.2735  0.3474  0.3634  0.4794  0.4873  0.5000
       9       2      19       9       2      19       0
 29   1  10  10
  0.0000  0.2735  0.2877  0.3183  0.3349  0.3524  0.3863  0.3897  0.4956  0.5000
       9       2       9      19       2       9       2       9       7       0


  0.0000  0.2735  0.2877  0.3183  0.3349  0.3524  0.3863  0.3897  0.4956  0.5000
       9       2       9      19       2       9       2       9       7       0


 29   2   9  10
  0.0000  0.2735  0.3524  0.3863  0.3897  0.4900  0.4934  0.4956  0.5000
       9       2       9       2       9      19       9       7       0
  0.0000  0.2735  0.2877  0.3183  0.3349  0.3524  0.3863  0.3897  0.4956  0.5000
       9       2       9      19       2       9       2       9       7       0


 29   3   7   9
  0.0000  0.2735  0.3474  0.3634  0.4794  0.4873  0.5000
       9       2      19       9       2      19       0
  0.0000  0.2735  0.2913  0.3458  0.3524  0.3863  0.3897  0.4956  0.5000
       9       2      19       2       9       2       9       7       0
 29   4  12  10
  0.0000  0.2735  0.2877  0.3183  0.3341  0.3524  0.3863  0.3897  0.4900  0.4934
       9       2       9      19       2       9       2       9      19       9
  0.4956  0.5000
       7       0
  0.0000  0.2735  0.2877  0.3183  0.3349  0.3524  0.3863  0.3897  0.4956  0.5000
       9       2       9      19       2       9       2       9       7       0


 29   5   9   7
  0.0000  0.2735  0.3158  0.3458  0.3524  0.3863  0.3897  0.4956  0.5000
       9       2      19       2       9       2       9       7       0
  0.0000  0.2735  0.3474  0.3634  0.4794  0.4873  0.5000
       9       2      19       9       2      19       0
 29   6   9  12
  0.0000  0.2735  0.3524  0.3863  0.3897  0.4900  0.4934  0.4956  0.5000
       9       2       9       2       9      19       9       7       0
  0.0000  0.2735  0.2877  0.3183  0.3341  0.3524  0.3863  0.3897  0.4900  0.4934
       9       2       9      19       2       9       2       9      19       9
  0.4956  0.5000
       7       0
 29   7   8  11
  0.0000  0.2735  0.3474  0.3634  0.4896  0.4913  0.4956  0.5000
       9       2      19       9      19       9       7       0
  0.0000  0.2735  0.2877  0.3183  0.3634  0.3863  0.3897  0.4896  0.4950  0.4956
       9       2       9      19       9       2       9      19       9       7
  0.5000
       0
 29   8   7  11
  0.0000  0.2735  0.3474  0.3634  0.4794  0.4873  0.5000
       9       2      19       9       2      19       0
  0.0000  0.2735  0.2877  0.3183  0.3634  0.3863  0.3897  0.4896  0.4950  0.4956
       9       2       9      19       9       2       9      19       9       7
  0.5000
       0
 29   9   9   9
  0.0000  0.2735  0.3158  0.3458  0.3524  0.3863  0.3897  0.4956  0.5000
       9       2      19       2       9       2       9       7       0
  0.0000  0.2735  0.3158  0.3458  0.3524  0.3863  0.3897  0.4956  0.5000
       9       2      19       2       9       2       9       7       0
 29  10  11   7
  0.0000  0.2735  0.2877  0.2945  0.3524  0.3863  0.3897  0.4900  0.4934  0.4956
       9       2       9       2       9       2       9      19       9       7
  0.5000
       0
  0.0000  0.2735  0.3474  0.3634  0.4794  0.4873  0.5000
       9       2      19       9       2      19       0
 30   1   9   9
  0.0000  0.2735  0.3158  0.3458  0.3524  0.3863  0.3897  0.4956  0.5000
       9       2      19       2       9       2       9       7       0
  0.0000  0.2735  0.3524  0.3863  0.3897  0.4900  0.4934  0.4956  0.5000
       9       2       9       2       9      19       9       7       0
 30   2   7  10
  0.0000  0.2735  0.3474  0.3634  0.4794  0.4873  0.5000
       9       2      19       9       2      19       0
  0.0000  0.2735  0.2877  0.2945  0.3524  0.3863  0.3897  0.4794  0.4873  0.5000
       9       2       9       2       9       2       9       2      19       0


 30   3   9   7
  0.0000  0.2735  0.3158  0.3458  0.3524  0.3863  0.3897  0.4956  0.5000
       9       2      19       2       9       2       9       7       0
  0.0000  0.2735  0.3474  0.3634  0.4794  0.4873  0.5000
       9       2      19       9       2      19       0
 30   4  11   9
  0.0000  0.2735  0.2877  0.3183  0.3634  0.3863  0.3897  0.4896  0.4950  0.4956
       9       2       9      19       9       2       9      19       9       7
  0.5000
       0
  0.0000  0.2735  0.3158  0.3458  0.3524  0.3863  0.3897  0.4956  0.5000
       9       2      19       2       9       2       9       7       0
 30   5  11  10
  0.0000  0.2735  0.2877  0.3183  0.3634  0.3863  0.3897  0.4896  0.4950  0.4956
       9       2       9      19       9       2       9      19       9       7
  0.5000
       0
  0.0000  0.2735  0.2877  0.3183  0.3349  0.3524  0.3863  0.3897  0.4956  0.5000
       9       2       9      19       2       9       2       9       7       0


 30   6   7   7
  0.0000  0.2735  0.3474  0.3634  0.4794  0.4873  0.5000
       9       2      19       9       2      19       0
  0.0000  0.2735  0.3474  0.3634  0.4794  0.4873  0.5000
       9       2      19       9       2      19       0
 30   7  10  10
  0.0000  0.2735  0.2877  0.3183  0.3349  0.3524  0.3863  0.3897  0.4956  0.5000
       9       2       9      19       2       9       2       9       7       0


  0.0000  0.2735  0.2877  0.3183  0.3349  0.3524  0.3863  0.3897  0.4956  0.5000
       9       2       9      19       2       9       2       9       7       0


 30   8  11   9
  0.0000  0.2735  0.2877  0.2945  0.3524  0.3863  0.3897  0.4900  0.4934  0.4956
       9       2       9       2       9       2       9      19       9       7
  0.5000
       0
  0.0000  0.2735  0.3158  0.3458  0.3524  0.3863  0.3897  0.4956  0.5000
       9       2      19       2       9       2       9       7       0
 30   9  12   9
  0.0000  0.2735  0.2877  0.3183  0.3341  0.3524  0.3863  0.3897  0.4900  0.4934
       9       2       9      19       2       9       2       9      19       9
  0.4956  0.5000
       7       0
  0.0000  0.2735  0.3158  0.3458  0.3524  0.3863  0.3897  0.4956  0.5000
       9       2      19       2       9       2       9       7       0
 30  10   8  11
  0.0000  0.2735  0.3474  0.3634  0.4896  0.4913  0.4956  0.5000
       9       2      19       9      19       9       7       0
  0.0000  0.2735  0.2877  0.3183  0.3634  0.3863  0.3897  0.4896  0.4950  0.4956
       9       2       9      19       9       2       9      19       9       7
  0.5000
       0
 31   1  11   7
  0.0000  0.2735  0.2877  0.3183  0.3634  0.3863  0.3897  0.4896  0.4950  0.4956
       9       2       9      19       9       2       9      19       9       7
  0.5000
       0
  0.0000  0.2735  0.3474  0.3634  0.4794  0.4873  0.5000
       9       2      19       9       2      19       0
 31   2   9  10
  0.0000  0.2735  0.3158  0.3458  0.3524  0.3863  0.3897  0.4956  0.5000
       9       2      19       2       9       2       9       7       0
  0.0000  0.2735  0.2877  0.3183  0.3349  0.3524  0.3863  0.3897  0.4956  0.5000
       9       2       9      19       2       9       2       9       7       0


 31   3   8  10
  0.0000  0.2735  0.3474  0.3634  0.4896  0.4913  0.4956  0.5000
       9       2      19       9      19       9       7       0
  0.0000  0.2735  0.2877  0.3183  0.3349  0.3524  0.3863  0.3897  0.4956  0.5000
       9       2       9      19       2       9       2       9       7       0


 31   4   7   8
  0.0000  0.2735  0.3474  0.3634  0.4794  0.4873  0.5000
       9       2      19       9       2      19       0
  0.0000  0.2735  0.3474  0.3634  0.4896  0.4913  0.4956  0.5000
       9       2      19       9      19       9       7       0
 31   5   8   9
  0.0000  0.2735  0.3524  0.3863  0.3897  0.4794  0.4873  0.5000
       9       2       9       2       9       2      19       0
  0.0000  0.2735  0.3524  0.3863  0.3897  0.4900  0.4934  0.4956  0.5000
       9       2       9       2       9      19       9       7       0
 31   6   8   9
  0.0000  0.2735  0.3524  0.3863  0.3897  0.4794  0.4873  0.5000
       9       2       9       2       9       2      19       0
  0.0000  0.2735  0.3158  0.3458  0.3524  0.3863  0.3897  0.4956  0.5000
       9       2      19       2       9       2       9       7       0
 31   7  10   9
  0.0000  0.2735  0.3158  0.3458  0.3524  0.3556  0.3634  0.4794  0.4873  0.5000
       9       2      19       2       9      19       9       2      19       0


  0.0000  0.2735  0.3158  0.3458  0.3524  0.3863  0.3897  0.4956  0.5000
       9       2      19       2       9       2       9       7       0
 31   8   7   7
  0.0000  0.2735  0.3474  0.3634  0.4794  0.4873  0.5000
       9       2      19       9       2      19       0
  0.0000  0.2735  0.3474  0.3634  0.4794  0.4873  0.5000
       9       2      19       9       2      19       0
 31   9   7   9
  0.0000  0.2735  0.3474  0.3634  0.4794  0.4873  0.5000
       9       2      19       9       2      19       0
  0.0000  0.2735  0.2877  0.3183  0.3634  0.3863  0.3897  0.4956  0.5000
       9       2       9      19       9       2       9       7       0
 31  10   7  11
  0.0000  0.2735  0.3474  0.3634  0.4794  0.4873  0.5000
       9       2      19       9       2      19       0
  0.0000  0.2735  0.2877  0.3183  0.3634  0.3863  0.3897  0.4896  0.4950  0.4956
       9       2       9      19       9       2       9      19       9       7
  0.5000
       0
 32   1   9  10
  0.0000  0.2735  0.3158  0.3458  0.3524  0.3863  0.3897  0.4956  0.5000
       9       2      19       2       9       2       9       7       0
  0.0000  0.2735  0.3158  0.3458  0.3524  0.3556  0.3634  0.4794  0.4873  0.5000
       9       2      19       2       9      19       9       2      19       0


 32   2  10   8
  0.0000  0.2735  0.3158  0.3458  0.3524  0.3556  0.3634  0.4794  0.4873  0.5000
       9       2      19       2       9      19       9       2      19       0


  0.0000  0.2735  0.3474  0.3546  0.3863  0.3897  0.4956  0.5000
       9       2      19       9       2       9       7       0
 32   3   8   9
  0.0000  0.2735  0.3524  0.3863  0.3897  0.4794  0.4873  0.5000
       9       2       9       2       9       2      19       0
  0.0000  0.2735  0.3158  0.3458  0.3524  0.3863  0.3897  0.4956  0.5000
       9       2      19       2       9       2       9       7       0
 32   4   9   7
  0.0000  0.2735  0.2877  0.3183  0.3634  0.3863  0.3897  0.4956  0.5000
       9       2       9      19       9       2       9       7       0
  0.0000  0.2735  0.3474  0.3634  0.4794  0.4873  0.5000
       9       2      19       9       2      19       0
 32   5   9   7
  0.0000  0.2735  0.2877  0.3183  0.3634  0.3863  0.3897  0.4956  0.5000
       9       2       9      19       9       2       9       7       0
  0.0000  0.2735  0.3474  0.3634  0.4794  0.4873  0.5000
       9       2      19       9       2      19       0
 32   6   8  11
  0.0000  0.2735  0.3474  0.3634  0.4896  0.4913  0.4956  0.5000
       9       2      19       9      19       9       7       0
  0.0000  0.2735  0.2877  0.3183  0.3634  0.3863  0.3897  0.4896  0.4950  0.4956
       9       2       9      19       9       2       9      19       9       7
  0.5000
       0
 32   7   9   7
  0.0000  0.2735  0.3158  0.3458  0.3524  0.3863  0.3897  0.4956  0.5000
       9       2      19       2       9       2       9       7       0
  0.0000  0.2735  0.3474  0.3634  0.4794  0.4873  0.5000
       9       2      19       9       2      19       0
 32   8   7   8
  0.0000  0.2735  0.3474  0.3634  0.4794  0.4873  0.5000
       9       2      19       9       2      19       0
  0.0000  0.2735  0.3524  0.3863  0.3897  0.4794  0.4873  0.5000
       9       2       9       2       9       2      19       0
 32   9   9   7
  0.0000  0.2735  0.3158  0.3458  0.3524  0.3863  0.3897  0.4956  0.5000
       9       2      19       2       9       2       9       7       0
  0.0000  0.2735  0.3474  0.3634  0.4794  0.4873  0.5000
       9       2      19       9       2      19       0
 32  10   7   7
  0.0000  0.2735  0.3474  0.3634  0.4794  0.4873  0.5000
       9       2      19       9       2      19       0
  0.0000  0.2735  0.3474  0.3634  0.4794  0.4873  0.5000
       9       2      19       9       2      19       0
 33   1   9  10
  0.0000  0.2735  0.2877  0.3183  0.3634  0.3863  0.3897  0.4956  0.5000
       9       2       9      19       9       2       9       7       0
  0.0000  0.2735  0.3158  0.3458  0.3524  0.3556  0.3634  0.4794  0.4873  0.5000
       9       2      19       2       9      19       9       2      19       0


 33   2   7   8
  0.0000  0.2735  0.3474  0.3634  0.4794  0.4873  0.5000
       9       2      19       9       2      19       0
  0.0000  0.2735  0.3474  0.3634  0.4896  0.4913  0.4956  0.5000
       9       2      19       9      19       9       7       0
 33   3  10   7
  0.0000  0.2735  0.3158  0.3458  0.3524  0.3863  0.3897  0.4794  0.4873  0.5000
       9       2      19       2       9       2       9       2      19       0


  0.0000  0.2735  0.3474  0.3634  0.4794  0.4873  0.5000
       9       2      19       9       2      19       0
 33   4   9   7
  0.0000  0.2735  0.3158  0.3458  0.3524  0.3863  0.3897  0.4956  0.5000
       9       2      19       2       9       2       9       7       0
  0.0000  0.2735  0.3474  0.3634  0.4794  0.4873  0.5000
       9       2      19       9       2      19       0
 33   5  13   7
  0.0000  0.2735  0.2877  0.3183  0.3634  0.3863  0.3897  0.4896  0.4913  0.4930
       9       2       9      19       9       2       9      19       9      19
  0.4950  0.4956  0.5000
       9       7       0
  0.0000  0.2735  0.3474  0.3634  0.4794  0.4873  0.5000
       9       2      19       9       2      19       0
 33   6   7   8
  0.0000  0.2735  0.3474  0.3634  0.4794  0.4873  0.5000
       9       2      19       9       2      19       0
  0.0000  0.2735  0.3524  0.3863  0.3897  0.4794  0.4873  0.5000
       9       2       9       2       9       2      19       0
 33   7   8  10
  0.0000  0.2735  0.3524  0.3863  0.3897  0.4794  0.4873  0.5000
       9       2       9       2       9       2      19       0
  0.0000  0.2735  0.3158  0.3458  0.3524  0.3556  0.3634  0.4794  0.4873  0.5000
       9       2      19       2       9      19       9       2      19       0


 33   8   9  10
  0.0000  0.2735  0.3158  0.3458  0.3524  0.3863  0.3897  0.4956  0.5000
       9       2      19       2       9       2       9       7       0
  0.0000  0.2735  0.3158  0.3458  0.3524  0.3556  0.3634  0.4794  0.4873  0.5000
       9       2      19       2       9      19       9       2      19       0


 33   9   7   9
  0.0000  0.2735  0.3474  0.3634  0.4794  0.4873  0.5000
       9       2      19       9       2      19       0
  0.0000  0.2735  0.3158  0.3458  0.3524  0.3863  0.3897  0.4956  0.5000
       9       2      19       2       9       2       9       7       0
 33  10  10   7
  0.0000  0.2735  0.3158  0.3458  0.3524  0.3556  0.3634  0.4794  0.4873  0.5000
       9       2      19       2       9      19       9       2      19       0


  0.0000  0.2735  0.3474  0.3634  0.4794  0.4873  0.5000
       9       2      19       9       2      19       0
 34   1   7  10
  0.0000  0.2735  0.3474  0.3634  0.4794  0.4873  0.5000
       9       2      19       9       2      19       0
  0.0000  0.2735  0.3158  0.3458  0.3524  0.3556  0.3634  0.4794  0.4873  0.5000
       9       2      19       2       9      19       9       2      19       0


 34   2   8   7
  0.0000  0.2735  0.3524  0.3863  0.3897  0.4794  0.4873  0.5000
       9       2       9       2       9       2      19       0
  0.0000  0.2735  0.3474  0.3634  0.4794  0.4873  0.5000
       9       2      19       9       2      19       0
 34   3   9   9
  0.0000  0.2735  0.3158  0.3307  0.3474  0.3634  0.4794  0.4873  0.5000
       9       2      19       2      19       9       2      19       0
  0.0000  0.2735  0.3158  0.3454  0.3474  0.3634  0.4794  0.4873  0.5000
       9       2      19       2      19       9       2      19       0
 34   4   7   7
  0.0000  0.2735  0.3474  0.3634  0.4794  0.4873  0.5000
       9       2      19       9       2      19       0
  0.0000  0.2735  0.3474  0.3634  0.4794  0.4873  0.5000
       9       2      19       9       2      19       0
 34   5   7  10
  0.0000  0.2735  0.3474  0.3634  0.4794  0.4873  0.5000
       9       2      19       9       2      19       0
  0.0000  0.2735  0.3158  0.3458  0.3524  0.3556  0.3634  0.4794  0.4873  0.5000
       9       2      19       2       9      19       9       2      19       0


 34   6   7   7
  0.0000  0.2735  0.3474  0.3634  0.4794  0.4873  0.5000
       9       2      19       9       2      19       0
  0.0000  0.2735  0.3474  0.3634  0.4794  0.4873  0.5000
       9       2      19       9       2      19       0
 34   7   7  10
  0.0000  0.2735  0.3474  0.3634  0.4794  0.4873  0.5000
       9       2      19       9       2      19       0
  0.0000  0.2735  0.3158  0.3458  0.3524  0.3556  0.3634  0.4794  0.4873  0.5000
       9       2      19       2       9      19       9       2      19       0


 34   8  13   9
  0.0000  0.2735  0.2877  0.3183  0.3634  0.3863  0.3897  0.4896  0.4913  0.4930
       9       2       9      19       9       2       9      19       9      19
  0.4950  0.4956  0.5000
       9       7       0
  0.0000  0.2735  0.3158  0.3458  0.3524  0.3863  0.3897  0.4956  0.5000
       9       2      19       2       9       2       9       7       0
 34   9  10   9
  0.0000  0.2735  0.3158  0.3458  0.3524  0.3556  0.3634  0.4794  0.4873  0.5000
       9       2      19       2       9      19       9       2      19       0


  0.0000  0.2735  0.3158  0.3458  0.3524  0.3863  0.3897  0.4956  0.5000
       9       2      19       2       9       2       9       7       0
 34  10  10   7
  0.0000  0.2735  0.3158  0.3458  0.3524  0.3556  0.3634  0.4794  0.4873  0.5000
       9       2      19       2       9      19       9       2      19       0


  0.0000  0.2735  0.3474  0.3634  0.4794  0.4873  0.5000
       9       2      19       9       2      19       0
 35   1   7   8
  0.0000  0.2735  0.3474  0.3634  0.4794  0.4873  0.5000
       9       2      19       9       2      19       0
  0.0000  0.2735  0.3524  0.3863  0.3897  0.4794  0.4873  0.5000
       9       2       9       2       9       2      19       0
 35   2   7   9
  0.0000  0.2735  0.3474  0.3634  0.4794  0.4873  0.5000
       9       2      19       9       2      19       0
  0.0000  0.2735  0.3158  0.3307  0.3474  0.3634  0.4794  0.4873  0.5000
       9       2      19       2      19       9       2      19       0
 35   3   7   7
  0.0000  0.2735  0.3474  0.3634  0.4794  0.4873  0.5000
       9       2      19       9       2      19       0
  0.0000  0.2735  0.3474  0.3634  0.4794  0.4873  0.5000
       9       2      19       9       2      19       0
 35   4   7   7
  0.0000  0.2735  0.3474  0.3634  0.4794  0.4873  0.5000
       9       2      19       9       2      19       0
  0.0000  0.2735  0.3474  0.3634  0.4794  0.4873  0.5000
       9       2      19       9       2      19       0
 35   5   9  10
  0.0000  0.2735  0.3158  0.3454  0.3474  0.3634  0.4794  0.4873  0.5000
       9       2      19       2      19       9       2      19       0
  0.0000  0.2735  0.3158  0.3458  0.3524  0.3556  0.3634  0.4794  0.4873  0.5000
       9       2      19       2       9      19       9       2      19       0


 35   6   7  10
  0.0000  0.2735  0.3474  0.3634  0.4794  0.4873  0.5000
       9       2      19       9       2      19       0
  0.0000  0.2735  0.3158  0.3458  0.3524  0.3556  0.3634  0.4794  0.4873  0.5000
       9       2      19       2       9      19       9       2      19       0


 35   7   9   9
  0.0000  0.2735  0.3158  0.3307  0.3474  0.3634  0.4794  0.4873  0.5000
       9       2      19       2      19       9       2      19       0
  0.0000  0.2735  0.3158  0.3307  0.3474  0.3634  0.4794  0.4873  0.5000
       9       2      19       2      19       9       2      19       0
 35   8   7   7
  0.0000  0.2735  0.3474  0.3634  0.4794  0.4873  0.5000
       9       2      19       9       2      19       0
  0.0000  0.2735  0.3474  0.3634  0.4794  0.4873  0.5000
       9       2      19       9       2      19       0
 35   9   9  10
  0.0000  0.2735  0.3158  0.3454  0.3474  0.3634  0.4794  0.4873  0.5000
       9       2      19       2      19       9       2      19       0
  0.0000  0.2735  0.3158  0.3458  0.3524  0.3556  0.3634  0.4794  0.4873  0.5000
       9       2      19       2       9      19       9       2      19       0


 35  10  10   7
  0.0000  0.2735  0.3158  0.3458  0.3524  0.3556  0.3634  0.4794  0.4873  0.5000
       9       2      19       2       9      19       9       2      19       0


  0.0000  0.2735  0.3474  0.3634  0.4794  0.4873  0.5000
       9       2      19       9       2      19       0
 36   1  10  10
  0.0000  0.2735  0.3158  0.3458  0.3524  0.3556  0.3634  0.4794  0.4873  0.5000
       9       2      19       2       9      19       9       2      19       0


  0.0000  0.2735  0.3158  0.3458  0.3524  0.3556  0.3634  0.4794  0.4873  0.5000
       9       2      19       2       9      19       9       2      19       0


 36   2   7   7
  0.0000  0.2735  0.3474  0.3634  0.4794  0.4873  0.5000
       9       2      19       9       2      19       0
  0.0000  0.2735  0.3474  0.3634  0.4794  0.4873  0.5000
       9       2      19       9       2      19       0
 36   3  10   7
  0.0000  0.2735  0.3158  0.3458  0.3524  0.3556  0.3634  0.4794  0.4873  0.5000
       9       2      19       2       9      19       9       2      19       0


  0.0000  0.2735  0.3474  0.3634  0.4794  0.4873  0.5000
       9       2      19       9       2      19       0
 36   4   8   7
  0.0000  0.2735  0.3524  0.3863  0.3897  0.4794  0.4873  0.5000
       9       2       9       2       9       2      19       0
  0.0000  0.2735  0.3474  0.3634  0.4794  0.4873  0.5000
       9       2      19       9       2      19       0
 36   5   8   7
  0.0000  0.2735  0.3524  0.3863  0.3897  0.4794  0.4873  0.5000
       9       2       9       2       9       2      19       0
  0.0000  0.2735  0.3474  0.3634  0.4794  0.4873  0.5000
       9       2      19       9       2      19       0
 36   6   7  10
  0.0000  0.2735  0.3474  0.3634  0.4794  0.4873  0.5000
       9       2      19       9       2      19       0
  0.0000  0.2735  0.3158  0.3458  0.3524  0.3556  0.3634  0.4794  0.4873  0.5000
       9       2      19       2       9      19       9       2      19       0


 36   7   7   9
  0.0000  0.2735  0.3474  0.3634  0.4794  0.4873  0.5000
       9       2      19       9       2      19       0
  0.0000  0.2735  0.3158  0.3454  0.3474  0.3634  0.4794  0.4873  0.5000
       9       2      19       2      19       9       2      19       0
 36   8   9   7
  0.0000  0.2735  0.3158  0.3454  0.3474  0.3634  0.4794  0.4873  0.5000
       9       2      19       2      19       9       2      19       0
  0.0000  0.2735  0.3474  0.3634  0.4794  0.4873  0.5000
       9       2      19       9       2      19       0
 36   9   7  10
  0.0000  0.2735  0.3474  0.3634  0.4794  0.4873  0.5000
       9       2      19       9       2      19       0
  0.0000  0.2735  0.3158  0.3458  0.3524  0.3556  0.3634  0.4794  0.4873  0.5000
       9       2      19       2       9      19       9       2      19       0


 36  10   7  10
  0.0000  0.2735  0.3474  0.3634  0.4794  0.4873  0.5000
       9       2      19       9       2      19       0
  0.0000  0.2735  0.3158  0.3458  0.3524  0.3556  0.3634  0.4794  0.4873  0.5000
       9       2      19       2       9      19       9       2      19       0


 37   1   7   7
  0.0000  0.2735  0.3474  0.3634  0.4794  0.4873  0.5000
       9       2      19       9       2      19       0
  0.0000  0.2735  0.3474  0.3634  0.4794  0.4873  0.5000
       9       2      19       9       2      19       0
 37   2  10  10
  0.0000  0.2735  0.3158  0.3458  0.3524  0.3556  0.3634  0.4794  0.4873  0.5000
       9       2      19       2       9      19       9       2      19       0


  0.0000  0.2735  0.3158  0.3458  0.3524  0.3556  0.3634  0.4794  0.4873  0.5000
       9       2      19       2       9      19       9       2      19       0


 37   3   7   7
  0.0000  0.2735  0.3474  0.3634  0.4794  0.4873  0.5000
       9       2      19       9       2      19       0
  0.0000  0.2735  0.3474  0.3634  0.4794  0.4873  0.5000
       9       2      19       9       2      19       0
 37   4  10  10
  0.0000  0.2735  0.3158  0.3458  0.3524  0.3556  0.3634  0.4794  0.4873  0.5000
       9       2      19       2       9      19       9       2      19       0


  0.0000  0.2735  0.3158  0.3458  0.3524  0.3556  0.3634  0.4794  0.4873  0.5000
       9       2      19       2       9      19       9       2      19       0


 37   5   7  10
  0.0000  0.2735  0.3474  0.3634  0.4794  0.4873  0.5000
       9       2      19       9       2      19       0
  0.0000  0.2735  0.3158  0.3458  0.3524  0.3556  0.3634  0.4794  0.4873  0.5000
       9       2      19       2       9      19       9       2      19       0


 37   6   7  10
  0.0000  0.2735  0.3474  0.3634  0.4794  0.4873  0.5000
       9       2      19       9       2      19       0
  0.0000  0.2735  0.3158  0.3458  0.3524  0.3556  0.3634  0.4794  0.4873  0.5000
       9       2      19       2       9      19       9       2      19       0


 37   7   7   7
  0.0000  0.2735  0.3474  0.3634  0.4794  0.4873  0.5000
       9       2      19       9       2      19       0
  0.0000  0.2735  0.3474  0.3634  0.4794  0.4873  0.5000
       9       2      19       9       2      19       0
 37   8  10   7
  0.0000  0.2735  0.3158  0.3458  0.3524  0.3556  0.3634  0.4794  0.4873  0.5000
       9       2      19       2       9      19       9       2      19       0


  0.0000  0.2735  0.3474  0.3634  0.4794  0.4873  0.5000
       9       2      19       9       2      19       0
 37   9   7  10
  0.0000  0.2735  0.3474  0.3634  0.4794  0.4873  0.5000
       9       2      19       9       2      19       0
  0.0000  0.2735  0.3158  0.3458  0.3524  0.3556  0.3634  0.4794  0.4873  0.5000
       9       2      19       2       9      19       9       2      19       0


 37  10   8   7
  0.0000  0.2735  0.3524  0.3863  0.3897  0.4794  0.4873  0.5000
       9       2       9       2       9       2      19       0
  0.0000  0.2735  0.3474  0.3634  0.4794  0.4873  0.5000
       9       2      19       9       2      19       0
 38   1  10   7
  0.0000  0.2735  0.3158  0.3458  0.3524  0.3556  0.3634  0.4794  0.4873  0.5000
       9       2      19       2       9      19       9       2      19       0


  0.0000  0.2735  0.3474  0.3634  0.4794  0.4873  0.5000
       9       2      19       9       2      19       0
 38   2  10   7
  0.0000  0.2735  0.3158  0.3458  0.3524  0.3556  0.3634  0.4794  0.4873  0.5000
       9       2      19       2       9      19       9       2      19       0


  0.0000  0.2735  0.3474  0.3634  0.4794  0.4873  0.5000
       9       2      19       9       2      19       0
 38   3  10   8
  0.0000  0.2735  0.3158  0.3458  0.3524  0.3556  0.3634  0.4794  0.4873  0.5000
       9       2      19       2       9      19       9       2      19       0


  0.0000  0.2735  0.3524  0.3863  0.3897  0.4794  0.4873  0.5000
       9       2       9       2       9       2      19       0
 38   4   7   8
  0.0000  0.2735  0.3474  0.3634  0.4794  0.4873  0.5000
       9       2      19       9       2      19       0
  0.0000  0.2735  0.3524  0.3863  0.3897  0.4794  0.4873  0.5000
       9       2       9       2       9       2      19       0
 38   5   7  10
  0.0000  0.2735  0.3474  0.3634  0.4794  0.4873  0.5000
       9       2      19       9       2      19       0
  0.0000  0.2735  0.3158  0.3458  0.3524  0.3556  0.3634  0.4794  0.4873  0.5000
       9       2      19       2       9      19       9       2      19       0


 38   6   7   7
  0.0000  0.2735  0.3474  0.3634  0.4794  0.4873  0.5000
       9       2      19       9       2      19       0
  0.0000  0.2735  0.3474  0.3634  0.4794  0.4873  0.5000
       9       2      19       9       2      19       0
 38   7   7   8
  0.0000  0.2735  0.3474  0.3634  0.4794  0.4873  0.5000
       9       2      19       9       2      19       0
  0.0000  0.2735  0.3524  0.3863  0.3897  0.4794  0.4873  0.5000
       9       2       9       2       9       2      19       0
 38   8  10   7
  0.0000  0.2735  0.3158  0.3458  0.3524  0.3556  0.3634  0.4794  0.4873  0.5000
       9       2      19       2       9      19       9       2      19       0


  0.0000  0.2735  0.3474  0.3634  0.4794  0.4873  0.5000
       9       2      19       9       2      19       0
 38   9  10   7
  0.0000  0.2735  0.3158  0.3458  0.3524  0.3556  0.3634  0.4794  0.4873  0.5000
       9       2      19       2       9      19       9       2      19       0


  0.0000  0.2735  0.3474  0.3634  0.4794  0.4873  0.5000
       9       2      19       9       2      19       0
 38  10  10   7
  0.0000  0.2735  0.3158  0.3458  0.3524  0.3556  0.3634  0.4794  0.4873  0.5000
       9       2      19       2       9      19       9       2      19       0


  0.0000  0.2735  0.3474  0.3634  0.4794  0.4873  0.5000
       9       2      19       9       2      19       0
 39   1  10  10
  0.0000  0.2735  0.3158  0.3458  0.3524  0.3556  0.3634  0.4794  0.4873  0.5000
       9       2      19       2       9      19       9       2      19       0


  0.0000  0.2735  0.3158  0.3458  0.3524  0.3556  0.3634  0.4794  0.4873  0.5000
       9       2      19       2       9      19       9       2      19       0


 39   2   7   7
  0.0000  0.2735  0.3474  0.3634  0.4794  0.4873  0.5000
       9       2      19       9       2      19       0
  0.0000  0.2735  0.3474  0.3634  0.4794  0.4873  0.5000
       9       2      19       9       2      19       0
 39   3   7   7
  0.0000  0.2735  0.3474  0.3634  0.4794  0.4873  0.5000
       9       2      19       9       2      19       0
  0.0000  0.2735  0.3474  0.3634  0.4794  0.4873  0.5000
       9       2      19       9       2      19       0
 39   4   9   7
  0.0000  0.2735  0.3158  0.3207  0.3474  0.3634  0.4794  0.4873  0.5000
       9       2      19       2      19       9       2      19       0
  0.0000  0.2735  0.3474  0.3634  0.4794  0.4873  0.5000
       9       2      19       9       2      19       0
 39   5   7   7
  0.0000  0.2735  0.3474  0.3634  0.4794  0.4873  0.5000
       9       2      19       9       2      19       0
  0.0000  0.2735  0.3474  0.3634  0.4794  0.4873  0.5000
       9       2      19       9       2      19       0
 39   6   7  10
  0.0000  0.2735  0.3474  0.3634  0.4794  0.4873  0.5000
       9       2      19       9       2      19       0
  0.0000  0.2735  0.3158  0.3458  0.3524  0.3556  0.3634  0.4794  0.4873  0.5000
       9       2      19       2       9      19       9       2      19       0


 39   7  10  10
  0.0000  0.2735  0.3158  0.3458  0.3524  0.3556  0.3634  0.4794  0.4873  0.5000
       9       2      19       2       9      19       9       2      19       0


  0.0000  0.2735  0.3230  0.3458  0.3524  0.3556  0.3634  0.4794  0.4873  0.5000
       9       2      19       2       9      19       9       2      19       0


 39   8   7   7
  0.0000  0.2735  0.3474  0.3634  0.4794  0.4873  0.5000
       9       2      19       9       2      19       0
  0.0000  0.2735  0.3474  0.3634  0.4794  0.4873  0.5000
       9       2      19       9       2      19       0
 39   9   7   7
  0.0000  0.2735  0.3474  0.3634  0.4794  0.4873  0.5000
       9       2      19       9       2      19       0
  0.0000  0.2735  0.3474  0.3634  0.4794  0.4873  0.5000
       9       2      19       9       2      19       0
 39  10  10  10
  0.0000  0.2735  0.3158  0.3458  0.3524  0.3556  0.3634  0.4794  0.4873  0.5000
       9       2      19       2       9      19       9       2      19       0


  0.0000  0.2735  0.3158  0.3458  0.3524  0.3556  0.3634  0.4794  0.4873  0.5000
       9       2      19       2       9      19       9       2      19       0


 40   1  10   7
  0.0000  0.2735  0.3158  0.3458  0.3524  0.3556  0.3634  0.4794  0.4873  0.5000
       9       2      19       2       9      19       9       2      19       0


  0.0000  0.2735  0.3474  0.3634  0.4794  0.4873  0.5000
       9       2      19       9       2      19       0
 40   2  10   7
  0.0000  0.2735  0.3158  0.3458  0.3524  0.3556  0.3634  0.4794  0.4873  0.5000
       9       2      19       2       9      19       9       2      19       0


  0.0000  0.2735  0.3474  0.3634  0.4794  0.4873  0.5000
       9       2      19       9       2      19       0
 40   3  10   7
  0.0000  0.2735  0.3158  0.3458  0.3524  0.3556  0.3634  0.4794  0.4873  0.5000
       9       2      19       2       9      19       9       2      19       0


  0.0000  0.2735  0.3474  0.3634  0.4794  0.4873  0.5000
       9       2      19       9       2      19       0
 40   4   7   7
  0.0000  0.2735  0.3474  0.3634  0.4794  0.4873  0.5000
       9       2      19       9       2      19       0
  0.0000  0.2735  0.3474  0.3634  0.4794  0.4873  0.5000
       9       2      19       9       2      19       0
 40   5   7   7
  0.0000  0.2735  0.3474  0.3634  0.4794  0.4873  0.5000
       9       2      19       9       2      19       0
  0.0000  0.2735  0.3474  0.3634  0.4794  0.4873  0.5000
       9       2      19       9       2      19       0
 40   6   7   7
  0.0000  0.2735  0.3474  0.3634  0.4794  0.4873  0.5000
       9       2      19       9       2      19       0
  0.0000  0.2735  0.3474  0.3634  0.4794  0.4873  0.5000
       9       2      19       9       2      19       0
 40   7  10  10
  0.0000  0.2735  0.3158  0.3458  0.3524  0.3556  0.3634  0.4794  0.4873  0.5000
       9       2      19       2       9      19       9       2      19       0


  0.0000  0.2735  0.3158  0.3458  0.3524  0.3556  0.3634  0.4794  0.4873  0.5000
       9       2      19       2       9      19       9       2      19       0


 40   8   7  10
  0.0000  0.2735  0.3474  0.3634  0.4794  0.4873  0.5000
       9       2      19       9       2      19       0
  0.0000  0.2735  0.3158  0.3458  0.3524  0.3556  0.3634  0.4794  0.4873  0.5000
       9       2      19       2       9      19       9       2      19       0


 40   9   7   7
  0.0000  0.2735  0.3474  0.3634  0.4794  0.4873  0.5000
       9       2      19       9       2      19       0
  0.0000  0.2735  0.3474  0.3634  0.4794  0.4873  0.5000
       9       2      19       9       2      19       0
 40  10   7   7
  0.0000  0.2735  0.3474  0.3634  0.4794  0.4873  0.5000
       9       2      19       9       2      19       0
  0.0000  0.2735  0.3474  0.3634  0.4794  0.4873  0.5000
       9       2      19       9       2      19       0
