 ... generation ...    0
   1   0   0   2   2   2   2
 -0.5000  0.5000
       1    ****
 -0.5000  0.5000
       2    ****
   2   0   0   2   2   2   2
 -0.5000  0.5000
       3    ****
 -0.5000  0.5000
       4    ****
   3   0   0   2   2   2   2
 -0.5000  0.5000
       5    ****
 -0.5000  0.5000
       6    ****
   4   0   0   2   2   2   2
 -0.5000  0.5000
       7    ****
 -0.5000  0.5000
       8    ****
 ... generation ...    1
   1   1   1   2   2   2   2
 -0.5000  0.5000
       1    ****
 -0.5000  0.5000
       1    ****
   2   3   4   4   3   2   2
 -0.5000 -0.2320  0.4117  0.5000
       6       5       6    ****
 -0.5000 -0.3523  0.5000
       7       8    ****
   3   2   1   2   4   2   2
 -0.5000  0.5000
       3    ****
 -0.5000 -0.4262  0.4220  0.5000
       1       2       1    ****
   4   1   3   2   4   2   2
 -0.5000  0.5000
       1    ****
 -0.5000 -0.2405  0.0476  0.5000
       5       6       5    ****
 ... generation ...    2
   1   4   1   4   2   2   2
 -0.5000 -0.0202  0.0476  0.5000
       1       6       5    ****
 -0.5000  0.5000
       1    ****
   2   1   4   2   4   2   2
 -0.5000  0.5000
       1    ****
 -0.5000 -0.2405 -0.1309  0.5000
       5       6       1    ****
   3   1   1   2   2   2   2
 -0.5000  0.5000
       1    ****
 -0.5000  0.5000
       1    ****
   4   2   1   5   2   2   2
 -0.5000 -0.3523  0.1020  0.1516  0.5000
       7       8       5       8    ****
 -0.5000  0.5000
       1    ****
 ... generation ...    3
   1   4   1   5   5   2   2
 -0.5000 -0.3523  0.1020  0.1240  0.5000
       7       8       5       1    ****
 -0.5000  0.0280  0.0476  0.3340  0.5000
       1       6       5       1    ****
   2   4   4   5   2   2   2
 -0.5000  0.0090  0.1020  0.1516  0.5000
       1       8       5       8    ****
 -0.5000  0.5000
       1    ****
   3   4   1   5   4   2   2
 -0.5000  0.2423  0.3016  0.3850  0.5000
       1       8       1       8    ****
 -0.5000 -0.0202  0.0476  0.5000
       1       6       5    ****
   4   4   1   6   4   2   2
 -0.5000 -0.3849 -0.3523  0.1020  0.1516  0.5000
       1       7       8       5       8    ****
 -0.5000 -0.0202  0.0476  0.5000
       1       6       5    ****
 ... generation ...    4
   1   1   1   6   5   2   2
 -0.5000  0.0280  0.0418  0.1020  0.1240  0.5000
       1       6       8       5       1    ****
 -0.5000 -0.3523  0.1020  0.1240  0.5000
       7       8       5       1    ****
   2   4   4   4   8   2   2
 -0.5000 -0.0202  0.0476  0.5000
       1       6       5    ****
 -0.5000 -0.3849 -0.3523 -0.0827 -0.0202  0.0476  0.1603  0.5000
       1       7       8       1       6       5       8    ****
   3   4   1   6   5   2   2
 -0.5000 -0.3849 -0.3523  0.1020  0.1516  0.5000
       1       7       8       5       8    ****
 -0.5000  0.0280  0.0476  0.3340  0.5000
       1       6       5       1    ****
   4   3   3   5   9   2   2
 -0.5000  0.2423  0.3016  0.3850  0.5000
       1       8       1       8    ****
 -0.5000 -0.0202  0.0476  0.1300  0.2423  0.3016  0.3850  0.4958  0.5000
       1       6       5       1       8       1       8       5    ****
 ... generation ...    5
   1   3   3   7  10   2   2
 -0.5000 -0.3849 -0.3717  0.0280  0.0476  0.3340  0.5000
       1       7       1       6       5       1    ****
 -0.5000 -0.3849 -0.3523  0.0165  0.0280  0.0476  0.2652  0.2860  0.3340  0.5000
       1       7       8       1       6       5       8       5       1    ****
   2   1   1   8   6   2   2
 -0.5000 -0.3523 -0.1236  0.0280  0.0418  0.1020  0.1240  0.5000
       7       8       1       6       8       5       1    ****
 -0.5000  0.0280  0.0418  0.1020  0.1240  0.5000
       1       6       8       5       1    ****
   3   3   4   5   9   2   2
 -0.5000  0.0280  0.0476  0.3340  0.5000
       1       6       5       1    ****
 -0.5000 -0.0202  0.0476  0.1300  0.2423  0.3016  0.3850  0.4958  0.5000
       1       6       5       1       8       1       8       5    ****
   4   3   2   5   5   2   2
 -0.5000  0.0280  0.0476  0.3340  0.5000
       1       6       5       1    ****
 -0.5000 -0.0202  0.0476  0.4843  0.5000
       1       6       5       8    ****
 ... generation ...    6
   1   3   1   5  10   2   2
 -0.5000 -0.0202  0.0476  0.3340  0.5000
       1       6       5       1    ****
 -0.5000 -0.3849 -0.3523  0.0165  0.0280  0.0476  0.2652  0.2860  0.3340  0.5000
       1       7       8       1       6       5       8       5       1    ****
   2   3   1   9   7   2   2
 -0.5000 -0.0202  0.0476  0.1300  0.2423  0.3016  0.3850  0.4958  0.5000
       1       6       5       1       8       1       8       5    ****
 -0.5000 -0.3849 -0.3717  0.0280  0.0476  0.3340  0.5000
       1       7       1       6       5       1    ****
   3   3   2   9   8   2   2
 -0.5000 -0.0202  0.0476  0.1300  0.2423  0.3016  0.3850  0.4958  0.5000
       1       6       5       1       8       1       8       5    ****
 -0.5000 -0.2956 -0.1236  0.0280  0.0418  0.1020  0.1240  0.5000
       1       8       1       6       8       5       1    ****
   4   2   3   8   9   2   2
 -0.5000 -0.3523 -0.1236  0.0280  0.0418  0.1020  0.1240  0.5000
       7       8       1       6       8       5       1    ****
 -0.5000 -0.0202  0.0476  0.1300  0.2423  0.3016  0.3850  0.4958  0.5000
       1       6       5       1       8       1       8       5    ****
 ... generation ...    7
   1   3   4  11   9   2   2
 -0.5000 -0.2956 -0.2625 -0.0202  0.0476  0.1300  0.2423  0.3016  0.3850  0.4958
       1       8       1       6       5       1       8       1       8       5
  0.5000
    ****
 -0.5000 -0.0202  0.0476  0.0481  0.1020  0.1240  0.4920  0.4958  0.5000
       1       6       5       8       5       1       8       5    ****
   2   4   1  11  10   2   2
 -0.5000 -0.3523 -0.2156 -0.0202  0.0476  0.1300  0.2423  0.3016  0.3850  0.4635
       7       8       1       6       5       1       8       1       8       1
  0.5000
    ****
 -0.5000 -0.3849 -0.3523  0.0165  0.0280  0.0476  0.2652  0.2860  0.3340  0.5000
       1       7       8       1       6       5       8       5       1    ****
   3   4   3  10   9   2   2
 -0.5000 -0.3800 -0.0202  0.0476  0.1300  0.2423  0.3016  0.3850  0.4695  0.5000
       7       1       6       5       1       8       1       8       1    ****
 -0.5000 -0.0202  0.0476  0.1300  0.2423  0.3016  0.3850  0.4958  0.5000
       1       6       5       1       8       1       8       5    ****
   4   1   2   8   7   2   2
 -0.5000 -0.3849 -0.3523  0.0165  0.0280  0.0476  0.3340  0.5000
       1       7       8       1       6       5       1    ****
 -0.5000 -0.3849 -0.3717  0.0280  0.0476  0.3340  0.5000
       1       7       1       6       5       1    ****
 ... generation ...    8
   1   2   2  10  11   2   2
 -0.5000 -0.3523 -0.2156 -0.0202  0.0476  0.1300  0.2423  0.2860  0.3340  0.5000
       7       8       1       6       5       1       8       5       1    ****
 -0.5000 -0.3523 -0.2156 -0.0202  0.0476  0.1300  0.2423  0.3016  0.3850  0.4635
       7       8       1       6       5       1       8       1       8       1
  0.5000
    ****
   2   1   1  11   9   2   2
 -0.5000 -0.2956 -0.2625 -0.0202  0.0476  0.0481  0.1020  0.1240  0.4920  0.4958
       1       8       1       6       5       8       5       1       8       5
  0.5000
    ****
 -0.5000 -0.2956 -0.2625 -0.0202  0.0476  0.1300  0.4920  0.4958  0.5000
       1       8       1       6       5       1       8       5    ****
   3   3   1  10  13   2   2
 -0.5000 -0.3800 -0.0202  0.0476  0.1300  0.2423  0.3016  0.3850  0.4695  0.5000
       7       1       6       5       1       8       1       8       1    ****
 -0.5000 -0.2956 -0.2625 -0.0202  0.0476  0.0481  0.1020  0.1240  0.2423  0.3016
       1       8       1       6       5       8       5       1       8       1
  0.3850  0.4958  0.5000
       8       5    ****
   4   3   4   9  10   2   2
 -0.5000 -0.0202  0.0476  0.1300  0.2423  0.3016  0.3850  0.4695  0.5000
       1       6       5       1       8       1       8       1    ****
 -0.5000 -0.3849 -0.3717 -0.3715 -0.3523  0.0165  0.0280  0.0476  0.3340  0.5000
       1       7       1       7       8       1       6       5       1    ****
 ... generation ...    9
   1   4   2  10   9   2   2
 -0.5000 -0.3849 -0.3717 -0.3715 -0.3523  0.0165  0.0280  0.0476  0.3340  0.5000
       1       7       1       7       8       1       6       5       1    ****
 -0.5000 -0.2956 -0.2625 -0.0202  0.0476  0.1300  0.4920  0.4958  0.5000
       1       8       1       6       5       1       8       5    ****
   2   1   3  10  12   2   2
 -0.5000 -0.3523 -0.2156 -0.0202  0.0476  0.1300  0.2423  0.2860  0.3340  0.5000
       7       8       1       6       5       1       8       5       1    ****
 -0.5000 -0.3800 -0.0202  0.0476  0.0481  0.1020  0.1240  0.2423  0.3016  0.3850
       7       1       6       5       8       5       1       8       1       8
  0.4958  0.5000
       5    ****
   3   1   3  10  10   2   2
 -0.5000 -0.3523 -0.2156 -0.0202  0.0476  0.1300  0.2423  0.2860  0.3340  0.5000
       7       8       1       6       5       1       8       5       1    ****
 -0.5000 -0.3800 -0.0202  0.0476  0.1300  0.2423  0.3016  0.3850  0.4958  0.5000
       7       1       6       5       1       8       1       8       5    ****
   4   4   1   7  11   2   2
 -0.5000 -0.0202  0.0476  0.1300  0.2423  0.3016  0.5000
       1       6       5       1       8       1    ****
 -0.5000 -0.3523 -0.2156 -0.0202  0.0476  0.1300  0.2423  0.3016  0.3850  0.4635
       7       8       1       6       5       1       8       1       8       1
  0.5000
    ****
 ... generation ...   10
   1   2   1  12  10   2   2
 -0.5000 -0.3800 -0.0202  0.0476  0.0481  0.1020  0.1240  0.2423  0.3016  0.3850
       7       1       6       5       8       5       1       8       1       8
  0.4958  0.5000
       5    ****
 -0.5000 -0.3849 -0.3717 -0.3715 -0.3523  0.0165  0.0280  0.0476  0.3340  0.5000
       1       7       1       7       8       1       6       5       1    ****
   2   1   2  12  10   2   2
 -0.5000 -0.3849 -0.3717 -0.3715 -0.3523  0.0165  0.0280  0.0476  0.3231  0.4920
       1       7       1       7       8       1       6       5       1       8
  0.4958  0.5000
       5    ****
 -0.5000 -0.3800 -0.0202  0.0476  0.1300  0.2423  0.3016  0.3850  0.4958  0.5000
       7       1       6       5       1       8       1       8       5    ****
   3   1   3  12  11   2   2
 -0.5000 -0.3849 -0.3717 -0.3715 -0.3523  0.0165  0.0280  0.0476  0.3340  0.4920
       1       7       1       7       8       1       6       5       1       8
  0.4958  0.5000
       5    ****
 -0.5000 -0.3523 -0.2156 -0.0202  0.0476  0.1300  0.2423  0.3016  0.3850  0.4958
       7       8       1       6       5       1       8       1       8       5
  0.5000
    ****
   4   3   2   9  10   2   2
 -0.5000 -0.3800 -0.0202  0.0476  0.1300  0.2423  0.2860  0.3340  0.5000
       7       1       6       5       1       8       5       1    ****
 -0.5000 -0.3523 -0.2156 -0.0202  0.0476  0.1300  0.2423  0.2860  0.3340  0.5000
       7       8       1       6       5       1       8       5       1    ****
