 ... generation ...    0
   1   0   0   2   2   2   2
 -0.5000  0.5000
       1    ****
  0.0000  0.0000  0.0000  0.0000  0.0000  0.0000  0.0000  0.0000  0.0000  0.0000  0.0000  0.0000  0.0000  0.0000  0.0000
 -0.5000  0.5000
       2    ****
  0.0000  0.0000  0.0000  0.0000  0.0000  0.0000  0.0000  0.0000  0.0000  0.0000  0.0000  0.0000  0.0000  0.0000  0.0000
 -0.5000  0.5000
       0    ****
  0.0000  0.0000  0.0000  0.0000  0.0000  0.0000  0.0000  0.0000  0.0000  0.0000  0.0000  0.0000  0.0000  0.0000  0.0000
 -0.5000  0.5000
       0    ****
  0.0000  0.0000  0.0000  0.0000  0.0000  0.0000  0.0000  0.0000  0.0000  0.0000  0.0000  0.0000  0.0000  0.0000  0.0000
   2   0   0   2   2   2   2
 -0.5000  0.5000
       3    ****
  0.0000  0.0000  0.0000  0.0000  0.0000  0.0000  0.0000  0.0000  0.0000  0.0000  0.0000  0.0000  0.0000  0.0000  0.0000
 -0.5000  0.5000
       4    ****
  0.0000  0.0000  0.0000  0.0000  0.0000  0.0000  0.0000  0.0000  0.0000  0.0000  0.0000  0.0000  0.0000  0.0000  0.0000
 -0.5000  0.5000
       0    ****
  0.0000  0.0000  0.0000  0.0000  0.0000  0.0000  0.0000  0.0000  0.0000  0.0000  0.0000  0.0000  0.0000  0.0000  0.0000
 -0.5000  0.5000
       0    ****
  0.0000  0.0000  0.0000  0.0000  0.0000  0.0000  0.0000  0.0000  0.0000  0.0000  0.0000  0.0000  0.0000  0.0000  0.0000
   3   0   0   2   2   2   2
 -0.5000  0.5000
       5    ****
  0.0000  0.0000  0.0000  0.0000  0.0000  0.0000  0.0000  0.0000  0.0000  0.0000  0.0000  0.0000  0.0000  0.0000  0.0000
 -0.5000  0.5000
       6    ****
  0.0000  0.0000  0.0000  0.0000  0.0000  0.0000  0.0000  0.0000  0.0000  0.0000  0.0000  0.0000  0.0000  0.0000  0.0000
 -0.5000  0.5000
       0    ****
  0.0000  0.0000  0.0000  0.0000  0.0000  0.0000  0.0000  0.0000  0.0000  0.0000  0.0000  0.0000  0.0000  0.0000  0.0000
 -0.5000  0.5000
       0    ****
  0.0000  0.0000  0.0000  0.0000  0.0000  0.0000  0.0000  0.0000  0.0000  0.0000  0.0000  0.0000  0.0000  0.0000  0.0000
   4   0   0   2   2   2   2
 -0.5000  0.5000
       7    ****
  0.0000  0.0000  0.0000  0.0000  0.0000  0.0000  0.0000  0.0000  0.0000  0.0000  0.0000  0.0000  0.0000  0.0000  0.0000
 -0.5000  0.5000
       8    ****
  0.0000  0.0000  0.0000  0.0000  0.0000  0.0000  0.0000  0.0000  0.0000  0.0000  0.0000  0.0000  0.0000  0.0000  0.0000
 -0.5000  0.5000
       0    ****
  0.0000  0.0000  0.0000  0.0000  0.0000  0.0000  0.0000  0.0000  0.0000  0.0000  0.0000  0.0000  0.0000  0.0000  0.0000
 -0.5000  0.5000
       0    ****
  0.0000  0.0000  0.0000  0.0000  0.0000  0.0000  0.0000  0.0000  0.0000  0.0000  0.0000  0.0000  0.0000  0.0000  0.0000
  0.0000  0.0000  0.0000  0.0000  0.0000  0.0000  0.0000  0.0000  0.0000  0.0000  0.0000  0.0000  0.0000  0.0000  0.0000
  0.0000  0.0000  0.0000  0.0000  0.0000  0.0000  0.0000  0.0000  0.0000  0.0000  0.0000  0.0000  0.0000  0.0000  0.0000
  0.0000  0.0000  0.0000  0.0000  0.0000  0.0000  0.0000  0.0000  0.0000  0.0000  0.0000  0.0000  0.0000  0.0000  0.0000
  0.0000  0.0000  0.0000  0.0000  0.0000  0.0000  0.0000  0.0000  0.0000  0.0000  0.0000  0.0000  0.0000  0.0000  0.0000
  0.0000  0.0000  0.0000  0.0000  0.0000  0.0000  0.0000  0.0000  0.0000  0.0000  0.0000  0.0000  0.0000  0.0000  0.0000
  0.0000  0.0000  0.0000  0.0000  0.0000  0.0000  0.0000  0.0000  0.0000  0.0000  0.0000  0.0000  0.0000  0.0000  0.0000
  0.0000  0.0000  0.0000  0.0000  0.0000  0.0000  0.0000  0.0000  0.0000
  0.0000  0.0000  0.0000  0.0000  0.0000  0.0000  0.0000  0.0000  0.0000  0.0000  0.0000  0.0000  0.0000  0.0000  0.0000
  0.0000  0.0000  0.0000  0.0000  0.0000  0.0000  0.0000  0.0000  0.0000  0.0000  0.0000  0.0000  0.0000  0.0000  0.0000
 ... generation ...    1
   1   3   1   3   2   2   2
 -0.5000 -0.1821  0.5000
       5       6    ****
  0.0000  0.0000  0.0000  0.0000  0.0000  0.0000  0.0000  0.0000  0.0000  0.0000  0.0000  0.0000  0.0000  0.0000  0.0000
 -0.5000  0.5000
       2    ****
  0.0000  0.0000  0.0000  0.0000  0.0000  0.0000  0.0000  0.0000  0.0000  0.0000  0.0000  0.0000  0.0000  0.0000  0.0000
 -0.5000  0.5000
       0    ****
  0.0000  0.0000  0.0000  0.0000  0.0000  0.0000  0.0000  0.0000  0.0000  0.0000  0.0000  0.0000  0.0000  0.0000  0.0000
 -0.5000  0.5000
       0    ****
  0.0000  0.0000  0.0000  0.0000  0.0000  0.0000  0.0000  0.0000  0.0000  0.0000  0.0000  0.0000  0.0000  0.0000  0.0000
   2   3   1   2   4   2   2
 -0.5000  0.5000
       6    ****
  0.0000  0.0000  0.0000  0.0000  0.0000  0.0000  0.0000  0.0000  0.0000  0.0000  0.0000  0.0000  0.0000  0.0000  0.0000
 -0.5000  0.1451  0.3685  0.5000
       2       1       2    ****
  0.0000  0.0000  0.0000  0.0000  0.0000  0.0000  0.0000  0.0000  0.0000  0.0000  0.0000  0.0000  0.0000  0.0000  0.0000
 -0.5000  0.5000
       0    ****
  0.0000  0.0000  0.0000  0.0000  0.0000  0.0000  0.0000  0.0000  0.0000  0.0000  0.0000  0.0000  0.0000  0.0000  0.0000
 -0.5000  0.5000
       0    ****
  0.0000  0.0000  0.0000  0.0000  0.0000  0.0000  0.0000  0.0000  0.0000  0.0000  0.0000  0.0000  0.0000  0.0000  0.0000
   3   3   1   4   2   2   2
 -0.5000 -0.1641 -0.1557  0.5000
       6       5       6    ****
  0.0000  0.0000  0.0000  0.0000  0.0000  0.0000  0.0000  0.0000  0.0000  0.0000  0.0000  0.0000  0.0000  0.0000  0.0000
 -0.5000  0.5000
       2    ****
  0.0000  0.0000  0.0000  0.0000  0.0000  0.0000  0.0000  0.0000  0.0000  0.0000  0.0000  0.0000  0.0000  0.0000  0.0000
 -0.5000  0.5000
       0    ****
  0.0000  0.0000  0.0000  0.0000  0.0000  0.0000  0.0000  0.0000  0.0000  0.0000  0.0000  0.0000  0.0000  0.0000  0.0000
 -0.5000  0.5000
       0    ****
  0.0000  0.0000  0.0000  0.0000  0.0000  0.0000  0.0000  0.0000  0.0000  0.0000  0.0000  0.0000  0.0000  0.0000  0.0000
   4   4   2   2   2   2   2
 -0.5000  0.5000
       7    ****
  0.9930  0.0000 -0.1114 -0.0000  0.0333  0.0000 -0.0154 -0.0000  0.0088  0.0000 -0.0057 -0.0000  0.0039 -0.0000 -0.0029
 -0.5000  0.5000
       4    ****
  0.0000  0.0000  0.0000  0.0000  0.0000  0.0000  0.0000  0.0000  0.0000  0.0000  0.0000  0.0000  0.0000  0.0000  0.0000
 -0.5000  0.5000
       1    ****
  0.9930  0.0000 -0.1114 -0.0000  0.0333  0.0000 -0.0154 -0.0000  0.0088  0.0000 -0.0057 -0.0000  0.0039 -0.0000 -0.0029
 -0.5000  0.5000
       0    ****
  0.0000  0.0000  0.0000  0.0000  0.0000  0.0000  0.0000  0.0000  0.0000  0.0000  0.0000  0.0000  0.0000  0.0000  0.0000
  0.1250  0.1250  0.1250  0.1250  0.0000  0.0000  0.0000  0.0000  0.0000  0.0000  0.0000  0.0000  0.0000  0.0000  0.0000
  0.0000  0.0000  0.0000  0.0000  0.0000  0.0000  0.0000  0.0000  0.0000  0.0000  0.0000  0.0000  0.0000  0.0000  0.0000
  0.0000  0.0000  0.0000  0.0000  0.0000  0.0000  0.0000  0.0000  0.0000  0.0000  0.0000  0.0000  0.0000  0.0000  0.0000
  0.0000  0.0000  0.0000  0.0000  0.0000  0.0000  0.0000  0.0000  0.0000  0.0000  0.0000  0.0000  0.0000  0.0000  0.0000
  0.0000  0.0000  0.0000  0.0000  0.0000  0.0000  0.0000  0.0000  0.0000  0.0000  0.0000  0.0000  0.0000  0.0000  0.0000
  0.0000  0.0000  0.0000  0.0000  0.0000  0.0000  0.0000  0.0000  0.0000  0.0000  0.0000  0.0000  0.0000  0.0000  0.0000
  0.0000  0.0000  0.0000  0.0000  0.0000  0.0000  0.0000  0.0000  0.0000
  0.1241  0.0000 -0.0139 -0.0000  0.0042  0.0000 -0.0019 -0.0000  0.0011  0.0000 -0.0007 -0.0000  0.0005 -0.0000 -0.0004
  0.0000  0.0003 -0.0000 -0.0002 -0.0000  0.0002 -0.0000 -0.0001  0.0000  0.0001 -0.0000 -0.0001  0.0000  0.0001 -0.0000
 ... generation ...    2
   1   2   3   5   4   2   2
 -0.5000 -0.4276  0.1451  0.3685  0.5000
       6       2       1       2    ****
  0.0000  0.0000  0.0000  0.0000  0.0000  0.0000  0.0000  0.0000  0.0000  0.0000  0.0000  0.0000  0.0000  0.0000  0.0000
 -0.5000 -0.1641 -0.1557  0.5000
       6       5       6    ****
  0.0000  0.0000  0.0000  0.0000  0.0000  0.0000  0.0000  0.0000  0.0000  0.0000  0.0000  0.0000  0.0000  0.0000  0.0000
 -0.5000  0.5000
       0    ****
  0.0000  0.0000  0.0000  0.0000  0.0000  0.0000  0.0000  0.0000  0.0000  0.0000  0.0000  0.0000  0.0000  0.0000  0.0000
 -0.5000  0.5000
       0    ****
  0.0000  0.0000  0.0000  0.0000  0.0000  0.0000  0.0000  0.0000  0.0000  0.0000  0.0000  0.0000  0.0000  0.0000  0.0000
   2   2   4   6   3   2   3
 -0.5000 -0.4581 -0.2300  0.1451  0.3685  0.5000
       2       6       2       1       2    ****
  0.0000  0.0000  0.0000  0.0000  0.0000  0.0000  0.0000  0.0000  0.0000  0.0000  0.0000  0.0000  0.0000  0.0000  0.0000
 -0.5000 -0.0438  0.5000
       4       7    ****
  0.5459 -0.4547  0.0031 -0.1001  0.0747 -0.0782  0.0470 -0.0301  0.0543 -0.0194  0.0411  0.0003  0.0392  0.0060  0.0285
 -0.5000  0.5000
       0    ****
  0.0000  0.0000  0.0000  0.0000  0.0000  0.0000  0.0000  0.0000  0.0000  0.0000  0.0000  0.0000  0.0000  0.0000  0.0000
 -0.5000 -0.0438  0.5000
      -1       1    ****
  0.0987 -0.9094  0.1176 -0.2002  0.1161 -0.1565  0.1094 -0.0602  0.0998 -0.0387  0.0879  0.0005  0.0744  0.0119  0.0600
   3   2   2   4   2   2   2
 -0.5000 -0.4420  0.0355  0.5000
       6       2       6    ****
  0.0000  0.0000  0.0000  0.0000  0.0000  0.0000  0.0000  0.0000  0.0000  0.0000  0.0000  0.0000  0.0000  0.0000  0.0000
 -0.5000  0.5000
       6    ****
  0.0000  0.0000  0.0000  0.0000  0.0000  0.0000  0.0000  0.0000  0.0000  0.0000  0.0000  0.0000  0.0000  0.0000  0.0000
 -0.5000  0.5000
       0    ****
  0.0000  0.0000  0.0000  0.0000  0.0000  0.0000  0.0000  0.0000  0.0000  0.0000  0.0000  0.0000  0.0000  0.0000  0.0000
 -0.5000  0.5000
       0    ****
  0.0000  0.0000  0.0000  0.0000  0.0000  0.0000  0.0000  0.0000  0.0000  0.0000  0.0000  0.0000  0.0000  0.0000  0.0000
   4   4   4   3   4   3   4
 -0.5000 -0.1594  0.5000
       7       4    ****
  0.3191  0.3953 -0.2321 -0.0276 -0.0795 -0.0618 -0.0153 -0.0644  0.0477 -0.0055  0.0397  0.0273  0.0114  0.0352 -0.0232
 -0.5000  0.2382  0.4250  0.5000
       7       4       7    ****
  0.8166  0.2299  0.0417 -0.0262  0.1201 -0.1467 -0.1597  0.0978  0.0486  0.0001  0.0032  0.0069  0.0322 -0.0368 -0.0273
 -0.5000 -0.1594  0.5000
       1      -1    ****
 -0.3549  0.7906 -0.3529 -0.0552 -0.1924 -0.1236 -0.0151 -0.1288  0.0867 -0.0110  0.0850  0.0546  0.0189  0.0703 -0.0434
 -0.5000  0.2382  0.4250  0.5000
       1      -1       1    ****
  0.6403  0.4597  0.1948 -0.0524  0.2069 -0.2934 -0.3040  0.1956  0.0885  0.0002  0.0121  0.0137  0.0605 -0.0736 -0.0517

  0.2500  0.1250  0.2500  0.1250  0.0000  0.0000  0.0000  0.0000  0.0000  0.0000  0.0000  0.0000  0.0000  0.0000  0.0000
  0.0000  0.0000  0.0000  0.0000  0.0000  0.0000  0.0000  0.0000  0.0000  0.0000  0.0000  0.0000  0.0000  0.0000  0.0000
  0.0000  0.0000  0.0000  0.0000  0.0000  0.0000  0.0000  0.0000  0.0000  0.0000  0.0000  0.0000  0.0000  0.0000  0.0000
  0.0000  0.0000  0.0000  0.0000  0.0000  0.0000  0.0000  0.0000  0.0000  0.0000  0.0000  0.0000  0.0000  0.0000  0.0000
  0.0000  0.0000  0.0000  0.0000  0.0000  0.0000  0.0000  0.0000  0.0000  0.0000  0.0000  0.0000  0.0000  0.0000  0.0000
  0.0000  0.0000  0.0000  0.0000  0.0000  0.0000  0.0000  0.0000  0.0000  0.0000  0.0000  0.0000  0.0000  0.0000  0.0000
  0.0000  0.0000  0.0000  0.0000  0.0000  0.0000  0.0000  0.0000  0.0000
  0.3343  0.0213 -0.0373 -0.0192  0.0186 -0.0358 -0.0179  0.0004  0.0199 -0.0031  0.0098  0.0043  0.0108  0.0005 -0.0031
  0.0026 -0.0037  0.0059  0.0053 -0.0035  0.0022  0.0013  0.0029  0.0017 -0.0020  0.0075 -0.0006  0.0035 -0.0007 -0.0023
 ... generation ...    3
   1   2   2   5   8   3   6
 -0.5000 -0.4581 -0.2638 -0.0438  0.5000
       2       6       4       7    ****
  0.5459 -0.4547  0.0031 -0.1001  0.0747 -0.0782  0.0470 -0.0301  0.0543 -0.0194  0.0411  0.0003  0.0392  0.0060  0.0285
 -0.5000 -0.4581 -0.2300  0.0483  0.3128  0.3685  0.4471  0.5000
       2       6       2       7       1       2       7    ****
  0.3222 -0.2820  0.0313 -0.1940 -0.0761 -0.1077 -0.1477  0.0819  0.0607 -0.1051 -0.1114  0.0404 -0.0246  0.0160 -0.0228
 -0.5000 -0.0438  0.5000
       0       1    ****
  0.5459 -0.4547  0.0031 -0.1001  0.0747 -0.0782  0.0470 -0.0301  0.0543 -0.0194  0.0411  0.0003  0.0392  0.0060  0.0285
 -0.5000 -0.0438  0.0483  0.3128  0.4471  0.5000
       0      -1       1      -1       1    ****
  0.0985 -0.1094  0.0595 -0.2879 -0.2269 -0.1372 -0.3425  0.1939  0.0671 -0.1908 -0.2638  0.0805 -0.0885  0.0260 -0.0741
   2   1   1   5   5   2   2
 -0.5000 -0.2629  0.1451  0.1902  0.5000
       6       2       1       6    ****
  0.0000  0.0000  0.0000  0.0000  0.0000  0.0000  0.0000  0.0000  0.0000  0.0000  0.0000  0.0000  0.0000  0.0000  0.0000
 -0.5000 -0.4197  0.1451  0.3652  0.5000
       6       2       1       6    ****
  0.0000  0.0000  0.0000  0.0000  0.0000  0.0000  0.0000  0.0000  0.0000  0.0000  0.0000  0.0000  0.0000  0.0000  0.0000
 -0.5000  0.5000
       0    ****
  0.0000  0.0000  0.0000  0.0000  0.0000  0.0000  0.0000  0.0000  0.0000  0.0000  0.0000  0.0000  0.0000  0.0000  0.0000
 -0.5000  0.5000
       0    ****
  0.0000  0.0000  0.0000  0.0000  0.0000  0.0000  0.0000  0.0000  0.0000  0.0000  0.0000  0.0000  0.0000  0.0000  0.0000
   3   3   2   4   3   2   3
 -0.5000 -0.4420 -0.1670  0.5000
       6       2       6    ****
  0.0000  0.0000  0.0000  0.0000  0.0000  0.0000  0.0000  0.0000  0.0000  0.0000  0.0000  0.0000  0.0000  0.0000  0.0000
 -0.5000 -0.0438  0.5000
       4       7    ****
  0.5459 -0.4547  0.0031 -0.1001  0.0747 -0.0782  0.0470 -0.0301  0.0543 -0.0194  0.0411  0.0003  0.0392  0.0060  0.0285
 -0.5000  0.5000
       0    ****
  0.0000  0.0000  0.0000  0.0000  0.0000  0.0000  0.0000  0.0000  0.0000  0.0000  0.0000  0.0000  0.0000  0.0000  0.0000
 -0.5000 -0.0438  0.5000
       0       1    ****
  0.5459 -0.4547  0.0031 -0.1001  0.0747 -0.0782  0.0470 -0.0301  0.0543 -0.0194  0.0411  0.0003  0.0392  0.0060  0.0285
   4   1   3   8   2   2   2
 -0.5000 -0.3340 -0.3056 -0.1641 -0.1557  0.1628  0.3685  0.5000
       6       2       6       5       6       1       2    ****
  0.0000  0.0000  0.0000  0.0000  0.0000  0.0000  0.0000  0.0000  0.0000  0.0000  0.0000  0.0000  0.0000  0.0000  0.0000
 -0.5000  0.5000
       6    ****
  0.0000  0.0000  0.0000  0.0000  0.0000  0.0000  0.0000  0.0000  0.0000  0.0000  0.0000  0.0000  0.0000  0.0000  0.0000
 -0.5000  0.5000
       0    ****
  0.0000  0.0000  0.0000  0.0000  0.0000  0.0000  0.0000  0.0000  0.0000  0.0000  0.0000  0.0000  0.0000  0.0000  0.0000
 -0.5000  0.5000
       0    ****
  0.0000  0.0000  0.0000  0.0000  0.0000  0.0000  0.0000  0.0000  0.0000  0.0000  0.0000  0.0000  0.0000  0.0000  0.0000
  0.0000  0.0000  0.3750  0.2500  0.0000  0.0000  0.0000  0.0000  0.0000  0.0000  0.0000  0.0000  0.0000  0.0000  0.0000
  0.0000  0.0000  0.0000  0.0000  0.0000  0.0000  0.0000  0.0000  0.0000  0.0000  0.0000  0.0000  0.0000  0.0000  0.0000
  0.0000  0.0000  0.0000  0.0000  0.0000  0.0000  0.0000  0.0000  0.0000  0.0000  0.0000  0.0000  0.0000  0.0000  0.0000
  0.0000  0.0000  0.0000  0.0000  0.0000  0.0000  0.0000  0.0000  0.0000  0.0000  0.0000  0.0000  0.0000  0.0000  0.0000
  0.0000  0.0000  0.0000  0.0000  0.0000  0.0000  0.0000  0.0000  0.0000  0.0000  0.0000  0.0000  0.0000  0.0000  0.0000
  0.0000  0.0000  0.0000  0.0000  0.0000  0.0000  0.0000  0.0000  0.0000  0.0000  0.0000  0.0000  0.0000  0.0000  0.0000
  0.0000  0.0000  0.0000  0.0000  0.0000  0.0000  0.0000  0.0000  0.0000
  0.5111 -0.1276 -0.0327 -0.0685  0.0278 -0.0689 -0.0246  0.0031  0.0411 -0.0211  0.0062  0.0094  0.0176  0.0040  0.0012
  0.0093  0.0017  0.0101  0.0041  0.0077  0.0060  0.0092  0.0058  0.0056 -0.0055  0.0172  0.0019  0.0066 -0.0021  0.0007
 ... generation ...    4
   1   4   4   6   8   2   2
 -0.5000 -0.3340 -0.3056 -0.1641 -0.1557  0.5000
       6       2       6       5       6    ****
  0.0000  0.0000  0.0000  0.0000  0.0000  0.0000  0.0000  0.0000  0.0000  0.0000  0.0000  0.0000  0.0000  0.0000  0.0000
 -0.5000 -0.3340 -0.3056 -0.1641 -0.1557  0.1628  0.3456  0.5000
       6       2       6       5       6       1       6    ****
  0.0000  0.0000  0.0000  0.0000  0.0000  0.0000  0.0000  0.0000  0.0000  0.0000  0.0000  0.0000  0.0000  0.0000  0.0000
 -0.5000  0.5000
       0    ****
  0.0000  0.0000  0.0000  0.0000  0.0000  0.0000  0.0000  0.0000  0.0000  0.0000  0.0000  0.0000  0.0000  0.0000  0.0000
 -0.5000  0.5000
       0    ****
  0.0000  0.0000  0.0000  0.0000  0.0000  0.0000  0.0000  0.0000  0.0000  0.0000  0.0000  0.0000  0.0000  0.0000  0.0000
   2   3   3   3   5   3   3
 -0.5000 -0.0438  0.5000
       4       7    ****
  0.5459 -0.4547  0.0031 -0.1001  0.0747 -0.0782  0.0470 -0.0301  0.0543 -0.0194  0.0411  0.0003  0.0392  0.0060  0.0285
 -0.5000 -0.4420 -0.2368 -0.0438  0.5000
       6       2       4       7    ****
  0.5459 -0.4547  0.0031 -0.1001  0.0747 -0.0782  0.0470 -0.0301  0.0543 -0.0194  0.0411  0.0003  0.0392  0.0060  0.0285
 -0.5000 -0.0438  0.5000
       0       1    ****
  0.5459 -0.4547  0.0031 -0.1001  0.0747 -0.0782  0.0470 -0.0301  0.0543 -0.0194  0.0411  0.0003  0.0392  0.0060  0.0285
 -0.5000 -0.0438  0.5000
       0       1    ****
  0.5459 -0.4547  0.0031 -0.1001  0.0747 -0.0782  0.0470 -0.0301  0.0543 -0.0194  0.0411  0.0003  0.0392  0.0060  0.0285
   3   3   4   5   4   4   2
 -0.5000 -0.4622 -0.0438  0.0820  0.5000
       6       4       7       6    ****
  0.1414 -0.0124  0.1646 -0.0305  0.1525 -0.0445  0.1285 -0.0514  0.0987 -0.0500  0.0676 -0.0410  0.0388 -0.0261  0.0154
 -0.5000 -0.3340 -0.3056  0.5000
       6       2       6    ****
  0.0000  0.0000  0.0000  0.0000  0.0000  0.0000  0.0000  0.0000  0.0000  0.0000  0.0000  0.0000  0.0000  0.0000  0.0000
 -0.5000 -0.0438  0.0820  0.5000
       0       1      -1    ****
 -0.2630  0.4298  0.3262  0.0391  0.2303 -0.0107  0.2100 -0.0726  0.1432 -0.0807  0.0940 -0.0823  0.0384 -0.0581  0.0023
 -0.5000  0.5000
       0    ****
  0.0000  0.0000  0.0000  0.0000  0.0000  0.0000  0.0000  0.0000  0.0000  0.0000  0.0000  0.0000  0.0000  0.0000  0.0000
   4   3   2   5   5   4   2
 -0.5000 -0.4420 -0.1670  0.1122  0.5000
       6       2       6       7    ****
  0.3708 -0.4272 -0.1939 -0.0355 -0.0910  0.0082 -0.0699  0.0561 -0.0123  0.0461  0.0145  0.0322  0.0353  0.0024  0.0297
 -0.5000 -0.2629  0.1451  0.1902  0.5000
       6       2       1       6    ****
  0.0000  0.0000  0.0000  0.0000  0.0000  0.0000  0.0000  0.0000  0.0000  0.0000  0.0000  0.0000  0.0000  0.0000  0.0000
 -0.5000 -0.0438  0.1122  0.5000
       0      -1       1    ****
  0.1958 -0.3998 -0.3909  0.0290 -0.2568  0.0947 -0.1869  0.1424 -0.0788  0.1116 -0.0121  0.0641  0.0314 -0.0012  0.0309
 -0.5000  0.5000
       0    ****
  0.0000  0.0000  0.0000  0.0000  0.0000  0.0000  0.0000  0.0000  0.0000  0.0000  0.0000  0.0000  0.0000  0.0000  0.0000
  0.0000  0.0000  0.3750  0.3750  0.0000  0.0000  0.0000  0.0000  0.0000  0.0000  0.0000  0.0000  0.0000  0.0000  0.0000
  0.0000  0.0000  0.0000  0.0000  0.0000  0.0000  0.0000  0.0000  0.0000  0.0000  0.0000  0.0000  0.0000  0.0000  0.0000
  0.0000  0.0000  0.0000  0.0000  0.0000  0.0000  0.0000  0.0000  0.0000  0.0000  0.0000  0.0000  0.0000  0.0000  0.0000
  0.0000  0.0000  0.0000  0.0000  0.0000  0.0000  0.0000  0.0000  0.0000  0.0000  0.0000  0.0000  0.0000  0.0000  0.0000
  0.0000  0.0000  0.0000  0.0000  0.0000  0.0000  0.0000  0.0000  0.0000  0.0000  0.0000  0.0000  0.0000  0.0000  0.0000
  0.0000  0.0000  0.0000  0.0000  0.0000  0.0000  0.0000  0.0000  0.0000  0.0000  0.0000  0.0000  0.0000  0.0000  0.0000
  0.0000  0.0000  0.0000  0.0000  0.0000  0.0000  0.0000  0.0000  0.0000
  0.7116 -0.2963 -0.0355 -0.1018  0.0541 -0.0930 -0.0056 -0.0038  0.0655 -0.0264  0.0267  0.0084  0.0366  0.0026  0.0140
  0.0103  0.0098  0.0124  0.0062  0.0136  0.0049  0.0173  0.0025  0.0160 -0.0086  0.0276 -0.0007  0.0157 -0.0034  0.0065
 ... generation ...    5
   1   1   4   6   5   2   3
 -0.5000 -0.3340 -0.3056 -0.1641 -0.1557  0.5000
       6       2       6       5       6    ****
  0.0000  0.0000  0.0000  0.0000  0.0000  0.0000  0.0000  0.0000  0.0000  0.0000  0.0000  0.0000  0.0000  0.0000  0.0000
 -0.5000 -0.2629  0.1451  0.1902  0.5000
       6       2       1       6    ****
  0.0000  0.0000  0.0000  0.0000  0.0000  0.0000  0.0000  0.0000  0.0000  0.0000  0.0000  0.0000  0.0000  0.0000  0.0000
 -0.5000  0.5000
       0    ****
  0.0000  0.0000  0.0000  0.0000  0.0000  0.0000  0.0000  0.0000  0.0000  0.0000  0.0000  0.0000  0.0000  0.0000  0.0000
 -0.5000  0.1122  0.5000
       0      -1    ****
 -0.3708  0.4272  0.1939  0.0355  0.0910 -0.0082  0.0699 -0.0561  0.0123 -0.0461 -0.0145 -0.0322 -0.0353 -0.0024 -0.0297
   2   4   2   7   5   3   2
 -0.5000 -0.4420 -0.3651 -0.2629  0.1451  0.1902  0.5000
       6       2       6       2       1       6    ****
  0.0000  0.0000  0.0000  0.0000  0.0000  0.0000  0.0000  0.0000  0.0000  0.0000  0.0000  0.0000  0.0000  0.0000  0.0000
 -0.5000 -0.4420 -0.3950 -0.0438  0.5000
       6       2       4       7    ****
  0.5459 -0.4547  0.0031 -0.1001  0.0747 -0.0782  0.0470 -0.0301  0.0543 -0.0194  0.0411  0.0003  0.0392  0.0060  0.0285
 -0.5000  0.1122  0.5000
       0      -1    ****
 -0.3708  0.4272  0.1939  0.0355  0.0910 -0.0082  0.0699 -0.0561  0.0123 -0.0461 -0.0145 -0.0322 -0.0353 -0.0024 -0.0297
 -0.5000  0.5000
       0    ****
  0.0000  0.0000  0.0000  0.0000  0.0000  0.0000  0.0000  0.0000  0.0000  0.0000  0.0000  0.0000  0.0000  0.0000  0.0000
   3   4   3   5   5   3   4
 -0.5000 -0.2629  0.1451  0.1902  0.5000
       6       2       1       6    ****
  0.0000  0.0000  0.0000  0.0000  0.0000  0.0000  0.0000  0.0000  0.0000  0.0000  0.0000  0.0000  0.0000  0.0000  0.0000
 -0.5000 -0.4622 -0.0438  0.0820  0.5000
       6       4       7       6    ****
  0.1414 -0.0124  0.1646 -0.0305  0.1525 -0.0445  0.1285 -0.0514  0.0987 -0.0500  0.0676 -0.0410  0.0388 -0.0261  0.0154
 -0.5000  0.1122  0.5000
       0      -1    ****
 -0.3708  0.4272  0.1939  0.0355  0.0910 -0.0082  0.0699 -0.0561  0.0123 -0.0461 -0.0145 -0.0322 -0.0353 -0.0024 -0.0297
 -0.5000 -0.0438  0.0820  0.5000
       0       1       0    ****
  0.1414 -0.0124  0.1646 -0.0305  0.1525 -0.0445  0.1285 -0.0514  0.0987 -0.0500  0.0676 -0.0410  0.0388 -0.0261  0.0154
   4   3   2   4   3   4   2
 -0.5000 -0.3340 -0.3056  0.5000
       6       2       6    ****
  0.0000  0.0000  0.0000  0.0000  0.0000  0.0000  0.0000  0.0000  0.0000  0.0000  0.0000  0.0000  0.0000  0.0000  0.0000
 -0.5000 -0.0438  0.5000
       4       7    ****
  0.5459 -0.4547  0.0031 -0.1001  0.0747 -0.0782  0.0470 -0.0301  0.0543 -0.0194  0.0411  0.0003  0.0392  0.0060  0.0285
 -0.5000 -0.0438  0.0820  0.5000
       0      -1       0    ****
 -0.1414  0.0124 -0.1646  0.0305 -0.1525  0.0445 -0.1285  0.0514 -0.0987  0.0500 -0.0676  0.0410 -0.0388  0.0261 -0.0154
 -0.5000  0.5000
       0    ****
  0.0000  0.0000  0.0000  0.0000  0.0000  0.0000  0.0000  0.0000  0.0000  0.0000  0.0000  0.0000  0.0000  0.0000  0.0000
  0.0000  0.0000  0.2500  0.2500  0.0000  0.0000  0.0000  0.0000  0.0000  0.0000  0.0000  0.0000  0.0000  0.0000  0.0000
  0.0000  0.0000  0.0000  0.0000  0.0000  0.0000  0.0000  0.0000  0.0000  0.0000  0.0000  0.0000  0.0000  0.0000  0.0000
  0.0000  0.0000  0.0000  0.0000  0.0000  0.0000  0.0000  0.0000  0.0000  0.0000  0.0000  0.0000  0.0000  0.0000  0.0000
  0.0000  0.0000  0.0000  0.0000  0.0000  0.0000  0.0000  0.0000  0.0000  0.0000  0.0000  0.0000  0.0000  0.0000  0.0000
  0.0000  0.0000  0.0000  0.0000  0.0000  0.0000  0.0000  0.0000  0.0000  0.0000  0.0000  0.0000  0.0000  0.0000  0.0000
  0.0000  0.0000  0.0000  0.0000  0.0000  0.0000  0.0000  0.0000  0.0000  0.0000  0.0000  0.0000  0.0000  0.0000  0.0000
  0.0000  0.0000  0.0000  0.0000  0.0000  0.0000  0.0000  0.0000  0.0000
  0.8657 -0.4115 -0.0142 -0.1306  0.0919 -0.1181  0.0223 -0.0178  0.0914 -0.0375  0.0454  0.0033  0.0513  0.0008  0.0230
  0.0131  0.0156  0.0180  0.0086  0.0220  0.0057  0.0266  0.0017  0.0258 -0.0099  0.0361 -0.0027  0.0226 -0.0057  0.0110
 ... generation ...    6
   1   3   1   5   5   5   2
 -0.5000 -0.2629  0.0225  0.0820  0.5000
       6       2       7       6    ****
  0.0667 -0.0161  0.0753 -0.0399  0.0634 -0.0595  0.0431 -0.0713  0.0188 -0.0740 -0.0056 -0.0678 -0.0265 -0.0546 -0.0414
 -0.5000 -0.2629  0.1451  0.1902  0.5000
       6       2       1       6    ****
  0.0000  0.0000  0.0000  0.0000  0.0000  0.0000  0.0000  0.0000  0.0000  0.0000  0.0000  0.0000  0.0000  0.0000  0.0000
 -0.5000 -0.0438  0.0225  0.0820  0.5000
       0      -1       1       0    ****
 -0.0080 -0.0198 -0.0140 -0.0494 -0.0257 -0.0745 -0.0424 -0.0912 -0.0612 -0.0979 -0.0787 -0.0947 -0.0919 -0.0830 -0.0983
 -0.5000  0.5000
       0    ****
  0.0000  0.0000  0.0000  0.0000  0.0000  0.0000  0.0000  0.0000  0.0000  0.0000  0.0000  0.0000  0.0000  0.0000  0.0000
   2   1   4   6   5   2   4
 -0.5000 -0.3340 -0.3056 -0.1641 -0.1557  0.5000
       6       2       6       5       6    ****
  0.0000  0.0000  0.0000  0.0000  0.0000  0.0000  0.0000  0.0000  0.0000  0.0000  0.0000  0.0000  0.0000  0.0000  0.0000
 -0.5000 -0.3340 -0.3056  0.0704  0.5000
       6       2       6       7    ****
  0.4174 -0.4468 -0.1479 -0.0805 -0.0688 -0.0490 -0.0796  0.0051 -0.0501  0.0172 -0.0384  0.0335 -0.0153  0.0317 -0.0027
 -0.5000  0.5000
       0    ****
  0.0000  0.0000  0.0000  0.0000  0.0000  0.0000  0.0000  0.0000  0.0000  0.0000  0.0000  0.0000  0.0000  0.0000  0.0000
 -0.5000 -0.0438  0.0704  0.5000
       0      -1       1    ****
  0.2889 -0.4389 -0.2989 -0.0610 -0.2124 -0.0197 -0.2062  0.0403 -0.1545  0.0538 -0.1180  0.0667 -0.0697  0.0574 -0.0339
   3   2   3   5   5   3   4
 -0.5000 -0.4420 -0.3950 -0.0438  0.5000
       6       2       4       7    ****
  0.5459 -0.4547  0.0031 -0.1001  0.0747 -0.0782  0.0470 -0.0301  0.0543 -0.0194  0.0411  0.0003  0.0392  0.0060  0.0285
 -0.5000 -0.2629  0.1451  0.1902  0.5000
       6       2       1       6    ****
  0.0000  0.0000  0.0000  0.0000  0.0000  0.0000  0.0000  0.0000  0.0000  0.0000  0.0000  0.0000  0.0000  0.0000  0.0000
 -0.5000 -0.0438  0.5000
       0       1    ****
  0.5459 -0.4547  0.0031 -0.1001  0.0747 -0.0782  0.0470 -0.0301  0.0543 -0.0194  0.0411  0.0003  0.0392  0.0060  0.0285
 -0.5000 -0.0438  0.0820  0.5000
       0      -1       0    ****
 -0.1414  0.0124 -0.1646  0.0305 -0.1525  0.0445 -0.1285  0.0514 -0.0987  0.0500 -0.0676  0.0410 -0.0388  0.0261 -0.0154
   4   2   2   5   7   3   3
 -0.5000 -0.4420 -0.3950 -0.0438  0.5000
       6       2       4       7    ****
  0.5459 -0.4547  0.0031 -0.1001  0.0747 -0.0782  0.0470 -0.0301  0.0543 -0.0194  0.0411  0.0003  0.0392  0.0060  0.0285
 -0.5000 -0.4420 -0.3651 -0.2629  0.1451  0.1902  0.5000
       6       2       6       2       1       6    ****
  0.0000  0.0000  0.0000  0.0000  0.0000  0.0000  0.0000  0.0000  0.0000  0.0000  0.0000  0.0000  0.0000  0.0000  0.0000
 -0.5000 -0.0438  0.5000
       0       1    ****
  0.5459 -0.4547  0.0031 -0.1001  0.0747 -0.0782  0.0470 -0.0301  0.0543 -0.0194  0.0411  0.0003  0.0392  0.0060  0.0285
 -0.5000 -0.0438  0.5000
       0      -1    ****
 -0.5459  0.4547 -0.0031  0.1001 -0.0747  0.0782 -0.0470  0.0301 -0.0543  0.0194 -0.0411 -0.0003 -0.0392 -0.0060 -0.0285
  0.0000  0.0000  0.3750  0.3750  0.0000  0.0000  0.0000  0.0000  0.0000  0.0000  0.0000  0.0000  0.0000  0.0000  0.0000
  0.0000  0.0000  0.0000  0.0000  0.0000  0.0000  0.0000  0.0000  0.0000  0.0000  0.0000  0.0000  0.0000  0.0000  0.0000
  0.0000  0.0000  0.0000  0.0000  0.0000  0.0000  0.0000  0.0000  0.0000  0.0000  0.0000  0.0000  0.0000  0.0000  0.0000
  0.0000  0.0000  0.0000  0.0000  0.0000  0.0000  0.0000  0.0000  0.0000  0.0000  0.0000  0.0000  0.0000  0.0000  0.0000
  0.0000  0.0000  0.0000  0.0000  0.0000  0.0000  0.0000  0.0000  0.0000  0.0000  0.0000  0.0000  0.0000  0.0000  0.0000
  0.0000  0.0000  0.0000  0.0000  0.0000  0.0000  0.0000  0.0000  0.0000  0.0000  0.0000  0.0000  0.0000  0.0000  0.0000
  0.0000  0.0000  0.0000  0.0000  0.0000  0.0000  0.0000  0.0000  0.0000
  1.0627 -0.5830 -0.0225 -0.1707  0.1099 -0.1512  0.0295 -0.0336  0.1010 -0.0494  0.0502 -0.0009  0.0558 -0.0006  0.0246
  0.0163  0.0169  0.0227  0.0084  0.0287  0.0055  0.0332  0.0005  0.0324 -0.0111  0.0413 -0.0048  0.0266 -0.0082  0.0131
 ... generation ...    7
   1   1   1   5   5   4   4
 -0.5000 -0.2629  0.1451  0.1902  0.5000
       6       2       1       6    ****
  0.0000  0.0000  0.0000  0.0000  0.0000  0.0000  0.0000  0.0000  0.0000  0.0000  0.0000  0.0000  0.0000  0.0000  0.0000
 -0.5000 -0.2629  0.0225  0.0820  0.5000
       6       2       7       6    ****
  0.0667 -0.0161  0.0753 -0.0399  0.0634 -0.0595  0.0431 -0.0713  0.0188 -0.0740 -0.0056 -0.0678 -0.0265 -0.0546 -0.0414
 -0.5000  0.0225  0.0820  0.5000
       0      -1       0    ****
 -0.0667  0.0161 -0.0753  0.0399 -0.0634  0.0595 -0.0431  0.0713 -0.0188  0.0740  0.0056  0.0678  0.0265  0.0546  0.0414
 -0.5000  0.0225  0.0820  0.5000
       0       1       0    ****
  0.0667 -0.0161  0.0753 -0.0399  0.0634 -0.0595  0.0431 -0.0713  0.0188 -0.0740 -0.0056 -0.0678 -0.0265 -0.0546 -0.0414
   2   4   3   8   6   4   4
 -0.5000 -0.4420 -0.3651 -0.2629  0.1451  0.1902  0.2295  0.5000
       6       2       6       2       1       6       7    ****
  0.2446 -0.3313 -0.2545  0.1173 -0.0036  0.0654  0.0619 -0.0176  0.0301 -0.0517 -0.0393  0.0065 -0.0235  0.0328  0.0189
 -0.5000 -0.4420 -0.3950 -0.0438  0.3534  0.5000
       6       2       4       7       6    ****
  0.4235 -0.2702  0.1899 -0.2618 -0.0491  0.0030  0.0869 -0.0346  0.0760 -0.0564 -0.0003  0.0366  0.0638 -0.0035  0.0343
 -0.5000 -0.0438  0.2295  0.5000
       0      -1       1    ****
 -0.0567 -0.2078 -0.5120  0.3348 -0.0819  0.2090  0.0768 -0.0050  0.0060 -0.0841 -0.1198  0.0127 -0.0862  0.0597  0.0093
 -0.5000 -0.0438  0.3534  0.5000
       0       1      -1    ****
  0.3011 -0.0857  0.3768 -0.4234 -0.1729  0.0842  0.1268 -0.0390  0.0978 -0.0935 -0.0417  0.0730  0.0884 -0.0130  0.0400
   3   3   2   5   6   3   3
 -0.5000 -0.4420 -0.3950 -0.0438  0.5000
       6       2       4       7    ****
  0.5459 -0.4547  0.0031 -0.1001  0.0747 -0.0782  0.0470 -0.0301  0.0543 -0.0194  0.0411  0.0003  0.0392  0.0060  0.0285
 -0.5000 -0.3340 -0.3056 -0.1641 -0.1557  0.5000
       6       2       6       5       6    ****
  0.0000  0.0000  0.0000  0.0000  0.0000  0.0000  0.0000  0.0000  0.0000  0.0000  0.0000  0.0000  0.0000  0.0000  0.0000
 -0.5000 -0.0438  0.5000
       0       1    ****
  0.5459 -0.4547  0.0031 -0.1001  0.0747 -0.0782  0.0470 -0.0301  0.0543 -0.0194  0.0411  0.0003  0.0392  0.0060  0.0285
 -0.5000  0.0704  0.5000
       0      -1    ****
 -0.4174  0.4468  0.1479  0.0805  0.0688  0.0490  0.0796 -0.0051  0.0501 -0.0172  0.0384 -0.0335  0.0153 -0.0317  0.0027
   4   1   4   5   7   4   3
 -0.5000 -0.2629  0.0225  0.0820  0.5000
       6       2       7       6    ****
  0.0667 -0.0161  0.0753 -0.0399  0.0634 -0.0595  0.0431 -0.0713  0.0188 -0.0740 -0.0056 -0.0678 -0.0265 -0.0546 -0.0414
 -0.5000 -0.4420 -0.3651 -0.2629 -0.2117 -0.0438  0.5000
       6       2       6       2       4       7    ****
  0.5459 -0.4547  0.0031 -0.1001  0.0747 -0.0782  0.0470 -0.0301  0.0543 -0.0194  0.0411  0.0003  0.0392  0.0060  0.0285
 -0.5000  0.0225  0.0820  0.5000
       0       1       0    ****
  0.0667 -0.0161  0.0753 -0.0399  0.0634 -0.0595  0.0431 -0.0713  0.0188 -0.0740 -0.0056 -0.0678 -0.0265 -0.0546 -0.0414
 -0.5000 -0.0438  0.5000
       0       1    ****
  0.5459 -0.4547  0.0031 -0.1001  0.0747 -0.0782  0.0470 -0.0301  0.0543 -0.0194  0.0411  0.0003  0.0392  0.0060  0.0285
  0.0000  0.0000  0.3750  0.3750  0.0000  0.0000  0.0000  0.0000  0.0000  0.0000  0.0000  0.0000  0.0000  0.0000  0.0000
  0.0000  0.0000  0.0000  0.0000  0.0000  0.0000  0.0000  0.0000  0.0000  0.0000  0.0000  0.0000  0.0000  0.0000  0.0000
  0.0000  0.0000  0.0000  0.0000  0.0000  0.0000  0.0000  0.0000  0.0000  0.0000  0.0000  0.0000  0.0000  0.0000  0.0000
  0.0000  0.0000  0.0000  0.0000  0.0000  0.0000  0.0000  0.0000  0.0000  0.0000  0.0000  0.0000  0.0000  0.0000  0.0000
  0.0000  0.0000  0.0000  0.0000  0.0000  0.0000  0.0000  0.0000  0.0000  0.0000  0.0000  0.0000  0.0000  0.0000  0.0000
  0.0000  0.0000  0.0000  0.0000  0.0000  0.0000  0.0000  0.0000  0.0000  0.0000  0.0000  0.0000  0.0000  0.0000  0.0000
  0.0000  0.0000  0.0000  0.0000  0.0000  0.0000  0.0000  0.0000  0.0000
  1.2993 -0.7759 -0.0110 -0.2238  0.1378 -0.1771  0.0706 -0.0654  0.1326 -0.0863  0.0541 -0.0124  0.0640 -0.0091  0.0281
  0.0114  0.0135  0.0249  0.0031  0.0334 -0.0051  0.0455 -0.0081  0.0486 -0.0125  0.0493 -0.0112  0.0353 -0.0151  0.0223
 ... generation ...    8
   1   1   2   5   8   4   6
 -0.5000 -0.2629  0.1451  0.1902  0.5000
       6       2       1       6    ****
  0.0000  0.0000  0.0000  0.0000  0.0000  0.0000  0.0000  0.0000  0.0000  0.0000  0.0000  0.0000  0.0000  0.0000  0.0000
 -0.5000 -0.4420 -0.3651 -0.2629  0.1451  0.1601  0.3534  0.5000
       6       2       6       2       1       7       6    ****
  0.1960 -0.2103 -0.0457 -0.1332 -0.2029  0.1435  0.0255  0.0596  0.0700 -0.0324 -0.0020  0.0085  0.0352 -0.0444 -0.0180
 -0.5000  0.0225  0.0820  0.5000
       0      -1       0    ****
 -0.0667  0.0161 -0.0753  0.0399 -0.0634  0.0595 -0.0431  0.0713 -0.0188  0.0740  0.0056  0.0678  0.0265  0.0546  0.0414
 -0.5000 -0.0438  0.1601  0.2295  0.3534  0.5000
       0      -1       1       0      -1    ****
 -0.2760  0.1808 -0.0268 -0.1220 -0.3532  0.2186 -0.0979  0.1713  0.0339  0.0434  0.0356 -0.0262  0.0301 -0.1181 -0.0893
   2   1   2   5   8   4   5
 -0.5000 -0.2629  0.0225  0.0820  0.5000
       6       2       7       6    ****
  0.0667 -0.0161  0.0753 -0.0399  0.0634 -0.0595  0.0431 -0.0713  0.0188 -0.0740 -0.0056 -0.0678 -0.0265 -0.0546 -0.0414
 -0.5000 -0.4420 -0.3651 -0.2629  0.1451  0.1902  0.2295  0.5000
       6       2       6       2       1       6       7    ****
  0.2446 -0.3313 -0.2545  0.1173 -0.0036  0.0654  0.0619 -0.0176  0.0301 -0.0517 -0.0393  0.0065 -0.0235  0.0328  0.0189
 -0.5000  0.0225  0.0820  0.5000
       0       1       0    ****
  0.0667 -0.0161  0.0753 -0.0399  0.0634 -0.0595  0.0431 -0.0713  0.0188 -0.0740 -0.0056 -0.0678 -0.0265 -0.0546 -0.0414
 -0.5000 -0.0438  0.2295  0.3534  0.5000
       0      -1       0       1    ****
 -0.1789 -0.0611 -0.4444  0.3791  0.0455  0.0624 -0.0250  0.0170 -0.0459  0.0047 -0.0391 -0.0301 -0.0873  0.0363 -0.0154
   3   4   3   7   5   5   3
 -0.5000 -0.4420 -0.3651 -0.2629 -0.2117 -0.0438  0.5000
       6       2       6       2       4       7    ****
  0.5459 -0.4547  0.0031 -0.1001  0.0747 -0.0782  0.0470 -0.0301  0.0543 -0.0194  0.0411  0.0003  0.0392  0.0060  0.0285
 -0.5000 -0.4420 -0.3950 -0.0438  0.5000
       6       2       4       7    ****
  0.5459 -0.4547  0.0031 -0.1001  0.0747 -0.0782  0.0470 -0.0301  0.0543 -0.0194  0.0411  0.0003  0.0392  0.0060  0.0285
 -0.5000 -0.0438  0.0225  0.0820  0.5000
       0       1       0       1    ****
  0.4791 -0.4385 -0.0722 -0.0602  0.0113 -0.0187  0.0039  0.0412  0.0355  0.0546  0.0467  0.0681  0.0657  0.0605  0.0700
 -0.5000 -0.0438  0.5000
       0       1    ****
  0.5459 -0.4547  0.0031 -0.1001  0.0747 -0.0782  0.0470 -0.0301  0.0543 -0.0194  0.0411  0.0003  0.0392  0.0060  0.0285
   4   3   1   5   5   3   4
 -0.5000 -0.4420 -0.3950 -0.0438  0.5000
       6       2       4       7    ****
  0.5459 -0.4547  0.0031 -0.1001  0.0747 -0.0782  0.0470 -0.0301  0.0543 -0.0194  0.0411  0.0003  0.0392  0.0060  0.0285
 -0.5000 -0.2629  0.0225  0.0820  0.5000
       6       2       7       6    ****
  0.0667 -0.0161  0.0753 -0.0399  0.0634 -0.0595  0.0431 -0.0713  0.0188 -0.0740 -0.0056 -0.0678 -0.0265 -0.0546 -0.0414
 -0.5000 -0.0438  0.5000
       0       1    ****
  0.5459 -0.4547  0.0031 -0.1001  0.0747 -0.0782  0.0470 -0.0301  0.0543 -0.0194  0.0411  0.0003  0.0392  0.0060  0.0285
 -0.5000  0.0225  0.0820  0.5000
       0       1       0    ****
  0.0667 -0.0161  0.0753 -0.0399  0.0634 -0.0595  0.0431 -0.0713  0.0188 -0.0740 -0.0056 -0.0678 -0.0265 -0.0546 -0.0414
  0.0000  0.0000  0.3750  0.5000  0.0000  0.0000  0.0000  0.0000  0.0000  0.0000  0.0000  0.0000  0.0000  0.0000  0.0000
  0.0000  0.0000  0.0000  0.0000  0.0000  0.0000  0.0000  0.0000  0.0000  0.0000  0.0000  0.0000  0.0000  0.0000  0.0000
  0.0000  0.0000  0.0000  0.0000  0.0000  0.0000  0.0000  0.0000  0.0000  0.0000  0.0000  0.0000  0.0000  0.0000  0.0000
  0.0000  0.0000  0.0000  0.0000  0.0000  0.0000  0.0000  0.0000  0.0000  0.0000  0.0000  0.0000  0.0000  0.0000  0.0000
  0.0000  0.0000  0.0000  0.0000  0.0000  0.0000  0.0000  0.0000  0.0000  0.0000  0.0000  0.0000  0.0000  0.0000  0.0000
  0.0000  0.0000  0.0000  0.0000  0.0000  0.0000  0.0000  0.0000  0.0000  0.0000  0.0000  0.0000  0.0000  0.0000  0.0000
  0.0000  0.0000  0.0000  0.0000  0.0000  0.0000  0.0000  0.0000  0.0000
  1.5758 -1.0181 -0.0285 -0.2733  0.1559 -0.1952  0.1099 -0.0893  0.1701 -0.1226  0.0630 -0.0274  0.0736 -0.0219  0.0285
  0.0056  0.0068  0.0291 -0.0033  0.0411 -0.0138  0.0587 -0.0143  0.0635 -0.0127  0.0551 -0.0187  0.0428 -0.0239  0.0323
 ... generation ...    9
   1   2   2   9   5   8   5
 -0.5000 -0.4420 -0.3651 -0.2629  0.0273  0.0820  0.3251  0.4758  0.5000
       6       2       6       2       7       6       7       6    ****
  0.1920 -0.2071 -0.1119  0.0973  0.1339 -0.0744  0.0694 -0.1335 -0.0670  0.0080  0.0516 -0.1026 -0.0487 -0.0463 -0.0486
 -0.5000 -0.2629  0.0225  0.0820  0.5000
       6       2       7       6    ****
  0.0667 -0.0161  0.0753 -0.0399  0.0634 -0.0595  0.0431 -0.0713  0.0188 -0.0740 -0.0056 -0.0678 -0.0265 -0.0546 -0.0414
 -0.5000  0.0225  0.0273  0.0820  0.2295  0.3251  0.4758  0.5000
       0      -1       1       0      -1       1      -1    ****
  0.0728 -0.0667 -0.0446  0.1172  0.2079 -0.1547  0.0338 -0.1782 -0.1830  0.1416  0.1481 -0.1439 -0.0474 -0.0709 -0.0746
 -0.5000  0.0225  0.0820  0.2295  0.5000
       0       1       0      -1    ****
 -0.1779  0.3151  0.3298 -0.1573  0.0670 -0.1249 -0.0188 -0.0537 -0.0114 -0.0222  0.0338 -0.0743 -0.0030 -0.0874 -0.0603
   2   3   3   5   5   2   2
 -0.5000 -0.4420 -0.3950 -0.0438  0.5000
       6       2       4       7    ****
  0.5459 -0.4547  0.0031 -0.1001  0.0747 -0.0782  0.0470 -0.0301  0.0543 -0.0194  0.0411  0.0003  0.0392  0.0060  0.0285
 -0.5000 -0.4420 -0.3950 -0.0438  0.5000
       6       2       4       7    ****
  0.5459 -0.4547  0.0031 -0.1001  0.0747 -0.0782  0.0470 -0.0301  0.0543 -0.0194  0.0411  0.0003  0.0392  0.0060  0.0285
 -0.5000  0.5000
       0    ****
  0.0000  0.0000  0.0000  0.0000  0.0000  0.0000  0.0000  0.0000  0.0000  0.0000  0.0000  0.0000  0.0000  0.0000  0.0000
 -0.5000  0.5000
       0    ****
  0.0000  0.0000  0.0000  0.0000  0.0000  0.0000  0.0000  0.0000  0.0000  0.0000  0.0000  0.0000  0.0000  0.0000  0.0000
   3   4   3   5   5   5   2
 -0.5000 -0.4420 -0.3950 -0.0438  0.5000
       6       2       4       7    ****
  0.5459 -0.4547  0.0031 -0.1001  0.0747 -0.0782  0.0470 -0.0301  0.0543 -0.0194  0.0411  0.0003  0.0392  0.0060  0.0285
 -0.5000 -0.4420 -0.3950 -0.0438  0.5000
       6       2       4       7    ****
  0.5459 -0.4547  0.0031 -0.1001  0.0747 -0.0782  0.0470 -0.0301  0.0543 -0.0194  0.0411  0.0003  0.0392  0.0060  0.0285
 -0.5000 -0.0438  0.0225  0.0820  0.5000
       0       1       0       1    ****
  0.4791 -0.4385 -0.0722 -0.0602  0.0113 -0.0187  0.0039  0.0412  0.0355  0.0546  0.0467  0.0681  0.0657  0.0605  0.0700
 -0.5000  0.5000
       0    ****
  0.0000  0.0000  0.0000  0.0000  0.0000  0.0000  0.0000  0.0000  0.0000  0.0000  0.0000  0.0000  0.0000  0.0000  0.0000
   4   3   4   7   6   2   6
 -0.5000 -0.4420 -0.3651 -0.2629 -0.2117 -0.0438  0.5000
       6       2       6       2       4       7    ****
  0.5459 -0.4547  0.0031 -0.1001  0.0747 -0.0782  0.0470 -0.0301  0.0543 -0.0194  0.0411  0.0003  0.0392  0.0060  0.0285
 -0.5000 -0.2629 -0.0835 -0.0438  0.4093  0.5000
       6       2       4       7       6    ****
  0.4734 -0.3424  0.1246 -0.2181 -0.0341  0.0179  0.1284 -0.0955  0.0053  0.0136  0.0590 -0.0043  0.0459 -0.0096  0.0068
 -0.5000  0.5000
       0    ****
  0.0000  0.0000  0.0000  0.0000  0.0000  0.0000  0.0000  0.0000  0.0000  0.0000  0.0000  0.0000  0.0000  0.0000  0.0000
 -0.5000 -0.0438  0.0225  0.0820  0.4093  0.5000
       0       1       0       1      -1    ****
  0.3343 -0.2139  0.1707 -0.2962 -0.2063  0.1736  0.1667 -0.0896 -0.0624  0.1205  0.0826  0.0590  0.0791  0.0294  0.0264
  0.0000  0.0000  0.7500  0.8750  0.0000  0.0000  0.0000  0.0000  0.0000  0.0000  0.0000  0.0000  0.0000  0.0000  0.0000
  0.0000  0.0000  0.0000  0.0000  0.0000  0.0000  0.0000  0.0000  0.0000  0.0000  0.0000  0.0000  0.0000  0.0000  0.0000
  0.0000  0.0000  0.0000  0.0000  0.0000  0.0000  0.0000  0.0000  0.0000  0.0000  0.0000  0.0000  0.0000  0.0000  0.0000
  0.0000  0.0000  0.0000  0.0000  0.0000  0.0000  0.0000  0.0000  0.0000  0.0000  0.0000  0.0000  0.0000  0.0000  0.0000
  0.0000  0.0000  0.0000  0.0000  0.0000  0.0000  0.0000  0.0000  0.0000  0.0000  0.0000  0.0000  0.0000  0.0000  0.0000
  0.0000  0.0000  0.0000  0.0000  0.0000  0.0000  0.0000  0.0000  0.0000  0.0000  0.0000  0.0000  0.0000  0.0000  0.0000
  0.0000  0.0000  0.0000  0.0000  0.0000  0.0000  0.0000  0.0000  0.0000
  2.0084 -1.3730 -0.0156 -0.3559  0.2230 -0.2586  0.1694 -0.1457  0.1987 -0.1412  0.1018 -0.0491  0.0944 -0.0320  0.0360
  0.0121  0.0144  0.0382 -0.0032  0.0544 -0.0217  0.0818 -0.0172  0.0813 -0.0217  0.0756 -0.0247  0.0566 -0.0346  0.0474
 ... generation ...   10
   1   2   2   5   5   2   2
 -0.5000 -0.4420 -0.3950 -0.0438  0.5000
       6       2       4       7    ****
  0.5459 -0.4547  0.0031 -0.1001  0.0747 -0.0782  0.0470 -0.0301  0.0543 -0.0194  0.0411  0.0003  0.0392  0.0060  0.0285
 -0.5000 -0.4420 -0.3950 -0.0438  0.5000
       6       2       4       7    ****
  0.5459 -0.4547  0.0031 -0.1001  0.0747 -0.0782  0.0470 -0.0301  0.0543 -0.0194  0.0411  0.0003  0.0392  0.0060  0.0285
 -0.5000  0.5000
       0    ****
  0.0000  0.0000  0.0000  0.0000  0.0000  0.0000  0.0000  0.0000  0.0000  0.0000  0.0000  0.0000  0.0000  0.0000  0.0000
 -0.5000  0.5000
       0    ****
  0.0000  0.0000  0.0000  0.0000  0.0000  0.0000  0.0000  0.0000  0.0000  0.0000  0.0000  0.0000  0.0000  0.0000  0.0000
   2   1   1   7   7   6   7
 -0.5000 -0.2629  0.0225  0.0820  0.3251  0.4758  0.5000
       6       2       7       6       7       6    ****
  0.1974 -0.2077 -0.1055  0.0957  0.1402 -0.0770  0.0753 -0.1370 -0.0616  0.0036  0.0563 -0.1077 -0.0448 -0.0520 -0.0455
 -0.5000 -0.2629  0.0273  0.0820  0.3251  0.3745  0.5000
       6       2       7       6       7       6    ****
  0.1072 -0.0786  0.0197 -0.0186  0.0431 -0.0134  0.0992 -0.1336 -0.0412 -0.0381 -0.0079 -0.0367  0.0170 -0.1063 -0.0989
 -0.5000  0.0225  0.0273  0.3251  0.4758  0.5000
       0       1       0       1       0    ****
  0.1360 -0.1922 -0.1744  0.1341  0.0831 -0.0200  0.0382 -0.0692 -0.0750  0.0732  0.0666 -0.0450 -0.0143 -0.0032 -0.0010
 -0.5000  0.0225  0.0273  0.3251  0.3745  0.4758  0.5000
       0      -1       0       1      -1       0    ****
 -0.0443  0.0661  0.0760 -0.0945 -0.1112  0.1072  0.0859 -0.0624 -0.0342 -0.0101 -0.0618  0.0971  0.1093 -0.1118 -0.1077
   3   4   4   7   7   3   4
 -0.5000 -0.4420 -0.3651 -0.2629 -0.2117 -0.0438  0.5000
       6       2       6       2       4       7    ****
  0.5459 -0.4547  0.0031 -0.1001  0.0747 -0.0782  0.0470 -0.0301  0.0543 -0.0194  0.0411  0.0003  0.0392  0.0060  0.0285
 -0.5000 -0.2629 -0.0835 -0.0438  0.4093  0.4242  0.5000
       6       2       4       7       6       7    ****
  0.5332 -0.4356  0.0225 -0.1169  0.0621 -0.0708  0.0489 -0.0263  0.0635 -0.0332  0.0237  0.0200  0.0599 -0.0142  0.0103
 -0.5000  0.4093  0.5000
       0       1    ****
  0.0724 -0.1123 -0.1215  0.1180  0.1088 -0.0962 -0.0814  0.0654  0.0490 -0.0329 -0.0179  0.0046 -0.0067  0.0155  0.0218
 -0.5000  0.4093  0.4242  0.5000
       0      -1       1    ****
  0.0472 -0.0741 -0.0826  0.0844  0.0836 -0.0812 -0.0777  0.0731  0.0673 -0.0605 -0.0528  0.0441  0.0347 -0.0249 -0.0148
   4   1   1   9   9   6   6
 -0.5000 -0.4420 -0.3651 -0.2629  0.0273  0.0820  0.3251  0.4758  0.5000
       6       2       6       2       7       6       7       6    ****
  0.1920 -0.2071 -0.1119  0.0973  0.1339 -0.0744  0.0694 -0.1335 -0.0670  0.0080  0.0516 -0.1026 -0.0487 -0.0463 -0.0486
 -0.5000 -0.4370 -0.3651 -0.2629  0.0273  0.0820  0.3251  0.4758  0.5000
       6       2       6       2       7       6       7       6    ****
  0.1920 -0.2071 -0.1119  0.0973  0.1339 -0.0744  0.0694 -0.1335 -0.0670  0.0080  0.0516 -0.1026 -0.0487 -0.0463 -0.0486
 -0.5000  0.0225  0.0273  0.3251  0.4758  0.5000
       0      -1       0       1       0    ****
  0.1253 -0.1909 -0.1872  0.1372  0.0705 -0.0149  0.0263 -0.0622 -0.0858  0.0819  0.0572 -0.0348 -0.0222  0.0082 -0.0071
 -0.5000  0.0225  0.0273  0.3251  0.4758  0.5000
       0      -1       0       1       0    ****
  0.1253 -0.1909 -0.1872  0.1372  0.0705 -0.0149  0.0263 -0.0622 -0.0858  0.0819  0.0572 -0.0348 -0.0222  0.0082 -0.0071
  0.0000  0.0000  0.5000  0.8750  0.0000  0.0000  0.0000  0.0000  0.0000  0.0000  0.0000  0.0000  0.0000  0.0000  0.0000
  0.0000  0.0000  0.0000  0.0000  0.0000  0.0000  0.0000  0.0000  0.0000  0.0000  0.0000  0.0000  0.0000  0.0000  0.0000
  0.0000  0.0000  0.0000  0.0000  0.0000  0.0000  0.0000  0.0000  0.0000  0.0000  0.0000  0.0000  0.0000  0.0000  0.0000
  0.0000  0.0000  0.0000  0.0000  0.0000  0.0000  0.0000  0.0000  0.0000  0.0000  0.0000  0.0000  0.0000  0.0000  0.0000
  0.0000  0.0000  0.0000  0.0000  0.0000  0.0000  0.0000  0.0000  0.0000  0.0000  0.0000  0.0000  0.0000  0.0000  0.0000
  0.0000  0.0000  0.0000  0.0000  0.0000  0.0000  0.0000  0.0000  0.0000  0.0000  0.0000  0.0000  0.0000  0.0000  0.0000
  0.0000  0.0000  0.0000  0.0000  0.0000  0.0000  0.0000  0.0000  0.0000
  2.3659 -1.6855 -0.0503 -0.3741  0.3152 -0.3267  0.2323 -0.2275  0.1974 -0.1550  0.1391 -0.0902  0.1009 -0.0629  0.0178
  0.0111  0.0012  0.0489 -0.0042  0.0452 -0.0620  0.1219 -0.0156  0.0935 -0.0364  0.0966 -0.0343  0.0763 -0.0409  0.0661
