 ... generation ...    0
   1   0   0   2   2   2   2
  0.0000  1.0000
       1    ****
  0.0000  1.0000
       2    ****
  0.0000  1.0000
       0    ****
  0.0000  1.0000
       0    ****
   2   0   0   2   2   2   2
  0.0000  1.0000
       3    ****
  0.0000  1.0000
       4    ****
  0.0000  1.0000
       0    ****
  0.0000  1.0000
       0    ****
   3   0   0   2   2   2   2
  0.0000  1.0000
       5    ****
  0.0000  1.0000
       6    ****
  0.0000  1.0000
       0    ****
  0.0000  1.0000
       0    ****
   4   0   0   2   2   2   2
  0.0000  1.0000
       7    ****
  0.0000  1.0000
       8    ****
  0.0000  1.0000
       0    ****
  0.0000  1.0000
       0    ****
 ... generation ...    1
   1   3   3   5   2   2   2
  0.0000  0.0036  0.4889  0.6410  1.0000
       5       6       5       6    ****
  0.0000  1.0000
       6    ****
  0.0000  1.0000
       0    ****
  0.0000  1.0000
       0    ****
   2   4   1   3   3   2   3
  0.0000  0.0813  1.0000
       8       7    ****
  0.0000  0.5200  1.0000
       1       2    ****
  0.0000  1.0000
       0    ****
  0.0000  0.5200  1.0000
       1      -1    ****
   3   4   2   2   3   2   2
  0.0000  1.0000
       8    ****
  0.0000  0.2526  1.0000
       3       4    ****
  0.0000  1.0000
       0    ****
  0.0000  1.0000
       0    ****
   4   3   1   3   3   2   3
  0.0000  0.3397  1.0000
       6       5    ****
  0.0000  0.7902  1.0000
       2       1    ****
  0.0000  1.0000
       0    ****
  0.0000  0.7902  1.0000
      -1       1    ****
 ... generation ...    2
   1   3   1   5   5   2   2
  0.0000  0.2526  0.3811  0.4464  1.0000
       3       4       8       4    ****
  0.0000  0.0036  0.4889  0.6410  1.0000
       5       6       5       6    ****
  0.0000  1.0000
       0    ****
  0.0000  1.0000
       0    ****
   2   3   1   2   3   2   2
  0.0000  1.0000
       8    ****
  0.0000  0.0036  1.0000
       5       6    ****
  0.0000  1.0000
       0    ****
  0.0000  1.0000
       0    ****
   3   4   2   5   5   3   3
  0.0000  0.3397  0.6333  0.7902  1.0000
       6       5       2       1    ****
  0.0000  0.0813  0.7274  0.7430  1.0000
       8       7       2       7    ****
  0.0000  0.7902  1.0000
       0       1    ****
  0.0000  0.5200  1.0000
      -1       0    ****
   4   2   3   7   3   5   2
  0.0000  0.0690  0.0813  0.2984  0.5200  0.8495  1.0000
       1       8       7       1       2       7    ****
  0.0000  0.2526  1.0000
       3       4    ****
  0.0000  0.0690  0.2984  0.5200  1.0000
       1      -1       1       0    ****
  0.0000  1.0000
       0    ****
 ... generation ...    3
   1   4   1   3   7   5   2
  0.0000  0.2526  1.0000
       3       4    ****
  0.0000  0.0036  0.0389  0.2526  0.3811  0.4464  1.0000
       5       6       3       4       8       4    ****
  0.0000  0.0690  0.2984  0.5200  1.0000
      -1       0      -1       0    ****
  0.0000  1.0000
       0    ****
   2   2   3   4   6   2   3
  0.0000  0.0036  0.8903  1.0000
       5       6       8    ****
  0.0000  0.0813  0.5797  0.6333  0.7902  1.0000
       8       7       5       2       1    ****
  0.0000  1.0000
       0    ****
  0.0000  0.7902  1.0000
       0       1    ****
   3   2   4   4  10   2   6
  0.0000  0.0036  0.0887  1.0000
       5       6       8    ****
  0.0000  0.0690  0.0813  0.1388  0.2526  0.3936  0.5200  0.8495  0.9429  1.0000
       1       8       7       3       4       1       2       7       4    ****
  0.0000  1.0000
       0    ****
  0.0000  0.0690  0.2984  0.3936  0.5200  1.0000
       1       0      -1       1       0    ****
   4   1   4   5   7   2   5
  0.0000  0.0036  0.4889  0.6410  1.0000
       5       6       5       6    ****
  0.0000  0.0690  0.0813  0.2984  0.5200  0.5304  1.0000
       1       8       7       1       2       4    ****
  0.0000  1.0000
       0    ****
  0.0000  0.0690  0.2984  0.5200  1.0000
       1       0       1       0    ****
 ... generation ...    4
   1   1   3   7   6   2   5
  0.0000  0.0036  0.0389  0.2526  0.3811  0.4464  1.0000
       5       6       3       4       8       4    ****
  0.0000  0.0690  0.0813  0.0873  0.0887  1.0000
       1       8       7       6       8    ****
  0.0000  1.0000
       0    ****
  0.0000  0.0690  0.3936  0.5200  1.0000
       1       0      -1       0    ****
   2   4   4   6   8   5   6
  0.0000  0.0036  0.4889  0.6410  0.7188  1.0000
       5       6       5       6       4    ****
  0.0000  0.0036  0.4162  0.5200  0.5304  0.5603  0.6410  1.0000
       5       6       1       2       4       5       6    ****
  0.0000  0.0690  0.2984  0.5200  1.0000
      -1       0      -1       0    ****
  0.0000  0.0690  0.2984  0.4162  0.5200  1.0000
      -1       0      -1       1       0    ****
   3   4   3   6  10   5   5
  0.0000  0.0036  0.4889  0.6410  0.9159  1.0000
       5       6       5       6       4    ****
  0.0000  0.0690  0.0813  0.1388  0.2526  0.3936  0.5200  0.8495  0.9429  1.0000
       1       8       7       3       4       1       2       7       4    ****
  0.0000  0.0690  0.2984  0.5200  1.0000
      -1       0      -1       0    ****
  0.0000  0.0690  0.3936  0.5200  1.0000
       1       0       1       0    ****
   4   3   4   5   7   5   5
  0.0000  0.0036  0.0887  0.9677  1.0000
       5       6       8       4    ****
  0.0000  0.0690  0.0813  0.2984  0.5200  0.5304  1.0000
       1       8       7       1       2       4    ****
  0.0000  0.0690  0.3936  0.5200  1.0000
      -1       0      -1       0    ****
  0.0000  0.0690  0.2984  0.5200  1.0000
       1       0       1       0    ****
 ... generation ...    5
   1   2   1   6   8   4   3
  0.0000  0.0036  0.4889  0.6410  0.7188  1.0000
       5       6       5       6       4    ****
  0.0000  0.0036  0.0389  0.2526  0.3811  0.4464  0.5124  1.0000
       5       6       3       4       8       4       8    ****
  0.0000  0.4162  0.5200  1.0000
       0      -1       0    ****
  0.0000  0.0690  1.0000
      -1       0    ****
   2   3   2   6   6   5   4
  0.0000  0.0036  0.4889  0.6410  0.9159  1.0000
       5       6       5       6       4    ****
  0.0000  0.0036  0.4889  0.6410  0.7188  1.0000
       5       6       5       6       4    ****
  0.0000  0.0690  0.3936  0.5200  1.0000
      -1       0      -1       0    ****
  0.0000  0.4162  0.5200  1.0000
       0      -1       0    ****
   3   1   4   8  10   3   5
  0.0000  0.0036  0.0389  0.2526  0.3811  0.4464  0.8068  1.0000
       5       6       3       4       8       4       8    ****
  0.0000  0.0036  0.0887  0.1248  0.2984  0.5200  0.5304  0.8286  0.9642  1.0000
       5       6       8       7       1       2       4       8       4    ****
  0.0000  0.0690  1.0000
      -1       0    ****
  0.0000  0.0690  0.2984  0.5200  1.0000
      -1       0       1       0    ****
   4   4   1  11   6   5   3
  0.0000  0.0690  0.0813  0.2984  0.5200  0.5304  0.5919  0.8021  0.8292  0.9677
       1       8       7       1       2       4       8       4       8       4
  1.0000
    ****
  0.0000  0.0690  0.0813  0.0873  0.0887  1.0000
       1       8       7       6       8    ****
  0.0000  0.0690  0.2984  0.5200  1.0000
       1       0       1       0    ****
  0.0000  0.0690  1.0000
       1       0    ****
 ... generation ...    6
   1   3   4   9  13   4   5
  0.0000  0.0036  0.0389  0.2526  0.3811  0.4464  0.8286  0.9642  1.0000
       5       6       3       4       8       4       8       4    ****
  0.0000  0.0690  0.0813  0.0873  0.0887  0.4599  0.5200  0.5304  0.5919  0.8021
       1       8       7       6       8       1       2       4       8       4
  0.8292  0.9677  1.0000
       8       4    ****
  0.0000  0.2984  0.5200  1.0000
       0      -1       0    ****
  0.0000  0.2984  0.4599  0.5200  1.0000
       0      -1       1       0    ****
   2   4   3  10   8   4   4
  0.0000  0.0690  0.0813  0.0873  0.0887  0.8021  0.8292  0.9677  0.9734  1.0000
       1       8       7       6       8       4       8       4       8    ****
  0.0000  0.0036  0.0389  0.2526  0.3811  0.4464  0.8068  1.0000
       5       6       3       4       8       4       8    ****
  0.0000  0.2984  0.5200  1.0000
       0      -1       0    ****
  0.0000  0.2984  0.5200  1.0000
       0      -1       0    ****
   3   1   4   8  14   2   4
  0.0000  0.0036  0.0389  0.2526  0.3811  0.4464  0.5124  1.0000
       5       6       3       4       8       4       8    ****
  0.0000  0.0690  0.0813  0.0873  0.0887  0.2597  0.2984  0.5200  0.5304  0.5919
       1       8       7       6       8       7       1       2       4       8
  0.8021  0.8292  0.9677  1.0000
       4       8       4    ****
  0.0000  1.0000
       0    ****
  0.0000  0.2984  0.5200  1.0000
       0       1       0    ****
   4   4   1  10   9   5   2
  0.0000  0.0690  0.0813  0.0873  0.0887  0.4051  0.5200  0.5304  0.5471  1.0000
       1       8       7       6       8       1       2       4       8    ****
  0.0000  0.0036  0.0389  0.2103  0.4889  0.6410  0.7188  0.7404  1.0000
       5       6       3       6       5       6       4       8    ****
  0.0000  0.2984  0.4051  0.5200  1.0000
       0      -1       1       0    ****
  0.0000  1.0000
       0    ****
 ... generation ...    7
   1   3   4  14   9   5   5
  0.0000  0.0690  0.0813  0.0873  0.0887  0.2597  0.2984  0.5200  0.5304  0.5919
       1       8       7       6       8       7       1       2       4       8
  0.8021  0.8292  0.9677  1.0000
       4       8       4    ****
  0.0000  0.0036  0.0389  0.2103  0.4889  0.6410  0.7188  0.7404  1.0000
       5       6       3       6       5       6       4       8    ****
  0.0000  0.0690  0.2984  0.5200  1.0000
       1       0       1       0    ****
  0.0000  0.0690  0.4051  0.5200  1.0000
      -1       0      -1       0    ****
   2   2   1   8   9   3   5
  0.0000  0.0690  0.0813  0.0873  0.0887  0.7382  0.8068  1.0000
       1       8       7       6       8       4       8    ****
  0.0000  0.0036  0.0389  0.2526  0.3811  0.4464  0.8286  0.9677  1.0000
       5       6       3       4       8       4       8       4    ****
  0.0000  0.0690  1.0000
       1       0    ****
  0.0000  0.0690  0.4599  0.5200  1.0000
      -1       0      -1       0    ****
   3   1   1   9   9   5   5
  0.0000  0.0036  0.0389  0.2526  0.3811  0.4464  0.8286  0.9642  1.0000
       5       6       3       4       8       4       8       4    ****
  0.0000  0.0036  0.0389  0.2526  0.3811  0.4464  0.8286  0.9642  1.0000
       5       6       3       4       8       4       8       4    ****
  0.0000  0.0690  0.4599  0.5200  1.0000
      -1       0      -1       0    ****
  0.0000  0.0690  0.4599  0.5200  1.0000
      -1       0      -1       0    ****
   4   2   4  10  12   3   5
  0.0000  0.0690  0.0813  0.0873  0.0887  0.8021  0.8292  0.9677  0.9734  1.0000
       1       8       7       6       8       4       8       4       8    ****
  0.0000  0.0690  0.0813  0.0873  0.0887  0.1232  0.2103  0.4889  0.6410  0.7188
       1       8       7       6       8       3       6       5       6       4
  0.7404  1.0000
       8    ****
  0.0000  0.0690  1.0000
       1       0    ****
  0.0000  0.0690  0.4051  0.5200  1.0000
       1       0      -1       0    ****
 ... generation ...    8
   1   2   2   9   9   3   3
  0.0000  0.0036  0.0389  0.2526  0.3811  0.4464  0.8286  0.9677  1.0000
       5       6       3       4       8       4       8       4    ****
  0.0000  0.0690  0.0813  0.0873  0.0887  0.7382  0.8068  0.9677  1.0000
       1       8       7       6       8       4       8       4    ****
  0.0000  0.0690  1.0000
      -1       0    ****
  0.0000  0.0690  1.0000
       1       0    ****
   2   3   1   9  18   2   7
  0.0000  0.0036  0.0389  0.2526  0.3811  0.4464  0.8286  0.9642  1.0000
       5       6       3       4       8       4       8       4    ****
  0.0000  0.0690  0.0813  0.0831  0.0869  0.0873  0.0887  0.2597  0.2984  0.3718
       1       8       7       3       7       6       8       7       1       6
  0.4296  0.5200  0.5304  0.5919  0.8021  0.8292  0.9677  1.0000
       1       2       4       8       4       8       4    ****
  0.0000  1.0000
       0    ****
  0.0000  0.0690  0.2984  0.3718  0.4296  0.5200  1.0000
       1       0       1      -1       1       0    ****
   3   4   4  10  12   2   2
  0.0000  0.0690  0.0813  0.0873  0.0887  0.8021  0.8292  0.9677  0.9734  1.0000
       1       8       7       6       8       4       8       4       8    ****
  0.0000  0.0690  0.0813  0.0873  0.0887  0.1232  0.2103  0.4889  0.6410  0.7188
       1       8       7       6       8       3       6       5       6       4
  0.7404  1.0000
       8    ****
  0.0000  1.0000
       0    ****
  0.0000  1.0000
       0    ****
   4   1   3  14   9   5   2
  0.0000  0.0690  0.0813  0.0873  0.0887  0.2597  0.2984  0.5200  0.5304  0.5919
       1       8       7       6       8       7       1       2       4       8
  0.8021  0.8292  0.9677  1.0000
       4       8       4    ****
  0.0000  0.0036  0.0389  0.2526  0.3811  0.4464  0.8286  0.9642  1.0000
       5       6       3       4       8       4       8       4    ****
  0.0000  0.0690  0.2984  0.5200  1.0000
       1       0       1       0    ****
  0.0000  1.0000
       0    ****
 ... generation ...    9
   1   1   3   9  12   3   2
  0.0000  0.0690  0.0813  0.0873  0.0887  0.7382  0.8068  0.9677  1.0000
       1       8       7       6       8       4       8       4    ****
  0.0000  0.0690  0.0813  0.0873  0.0887  0.1232  0.2103  0.4889  0.6410  0.7188
       1       8       7       6       8       3       6       5       6       4
  0.7404  1.0000
       8    ****
  0.0000  0.0690  1.0000
       1       0    ****
  0.0000  1.0000
       0    ****
   2   2   2  18  18   7   7
  0.0000  0.0690  0.0813  0.0831  0.0869  0.0873  0.0887  0.2597  0.2984  0.3718
       1       8       7       3       7       6       8       7       1       6
  0.4296  0.5200  0.5304  0.5919  0.8021  0.8292  0.9677  1.0000
       1       2       4       8       4       8       4    ****
  0.0000  0.0690  0.0813  0.0831  0.0869  0.0873  0.0887  0.2597  0.2984  0.3718
       1       8       7       3       7       6       8       7       1       6
  0.4296  0.5200  0.5304  0.5919  0.8021  0.8292  0.9642  1.0000
       1       2       4       8       4       8       4    ****
  0.0000  0.0690  0.2984  0.3718  0.4296  0.5200  1.0000
       1       0       1       0       1       0    ****
  0.0000  0.0690  0.2984  0.3718  0.4296  0.5200  1.0000
       1       0       1       0       1       0    ****
   3   3   4   8  15   2   6
  0.0000  0.0690  0.0813  0.0873  0.0887  0.8021  0.8292  1.0000
       1       8       7       6       8       4       8    ****
  0.0000  0.0690  0.0813  0.0873  0.0887  0.2276  0.2526  0.3546  0.5200  0.5304
       1       8       7       6       8       3       4       1       2       4
  0.5919  0.7698  0.8286  0.9642  1.0000
       8       4       8       4    ****
  0.0000  1.0000
       0    ****
  0.0000  0.0690  0.2984  0.3546  0.5200  1.0000
       1       0      -1       1       0    ****
   4   1   1   8   8   3   3
  0.0000  0.0036  0.0389  0.1553  0.7382  0.8068  0.9677  1.0000
       5       6       3       8       4       8       4    ****
  0.0000  0.0036  0.0389  0.0917  0.7382  0.8068  0.9677  1.0000
       5       6       3       8       4       8       4    ****
  0.0000  0.0690  1.0000
      -1       0    ****
  0.0000  0.0690  1.0000
      -1       0    ****
 ... generation ...   10
   1   4   2   8  18   2   2
  0.0000  0.0036  0.0389  0.0917  0.7382  0.8068  0.9677  1.0000
       5       6       3       8       4       8       4    ****
  0.0000  0.0690  0.0813  0.0831  0.0869  0.0873  0.0887  0.2597  0.2984  0.3718
       1       8       7       3       7       6       8       7       1       6
  0.4296  0.5200  0.5304  0.5919  0.8021  0.8292  0.9677  1.0000
       1       2       4       8       4       8       4    ****
  0.0000  1.0000
       0    ****
  0.0000  1.0000
       0    ****
   2   2   2  18  18   2   2
  0.0000  0.0690  0.0813  0.0831  0.0869  0.0873  0.0887  0.2597  0.2984  0.3718
       1       8       7       3       7       6       8       7       1       6
  0.4296  0.5200  0.5304  0.5919  0.8021  0.8292  0.9677  1.0000
       1       2       4       8       4       8       4    ****
  0.0000  0.0690  0.0813  0.0831  0.0869  0.0873  0.0887  0.2597  0.2984  0.3718
       1       8       7       3       7       6       8       7       1       6
  0.4296  0.5200  0.5304  0.5919  0.8021  0.8292  0.9642  1.0000
       1       2       4       8       4       8       4    ****
  0.0000  1.0000
       0    ****
  0.0000  1.0000
       0    ****
   3   1   1  10   9   2   2
  0.0000  0.0690  0.0813  0.0873  0.0887  0.3861  0.3968  0.7382  0.7911  1.0000
       1       8       7       6       8       6       8       4       8    ****
  0.0000  0.0690  0.0813  0.0873  0.0887  0.7382  0.8068  0.9677  1.0000
       1       8       7       6       8       4       8       4    ****
  0.0000  1.0000
       0    ****
  0.0000  1.0000
       0    ****
   4   3   4  14   8   4   2
  0.0000  0.0690  0.0813  0.0873  0.0887  0.2276  0.2526  0.3546  0.5200  0.5304
       1       8       7       6       8       3       4       1       2       4
  0.5919  0.8021  0.8292  1.0000
       8       4       8    ****
  0.0000  0.0036  0.0389  0.1553  0.7382  0.8068  0.9677  1.0000
       5       6       3       8       4       8       4    ****
  0.0000  0.3546  0.5200  1.0000
       0       1       0    ****
  0.0000  1.0000
       0    ****
