 ... generation ...    0
   1   0   0   2   2   2   2
 -0.5000  0.5000
       1    ****

 -0.5000  0.5000
       2    ****

  0.0000  0.0000  0.0000  0.0000  0.0000  0.0000  0.0000  0.0000  0.0000  0.0000  0.0000  0.0000  0.0000  0.0000  0.0000
  0.0000  0.0000  0.0000  0.0000  0.0000  0.0000  0.0000  0.0000  0.0000  0.0000  0.0000  0.0000  0.0000  0.0000  0.0000
 -0.5000  0.5000
       0    ****

 -0.5000  0.5000
       0    ****

  0.0000  0.0000  0.0000  0.0000  0.0000  0.0000  0.0000  0.0000  0.0000  0.0000  0.0000  0.0000  0.0000  0.0000  0.0000
  0.0000  0.0000  0.0000  0.0000  0.0000  0.0000  0.0000  0.0000  0.0000  0.0000  0.0000  0.0000  0.0000  0.0000  0.0000
   2   0   0   2   2   2   2
 -0.5000  0.5000
       3    ****

 -0.5000  0.5000
       4    ****

  0.0000  0.0000  0.0000  0.0000  0.0000  0.0000  0.0000  0.0000  0.0000  0.0000  0.0000  0.0000  0.0000  0.0000  0.0000
  0.0000  0.0000  0.0000  0.0000  0.0000  0.0000  0.0000  0.0000  0.0000  0.0000  0.0000  0.0000  0.0000  0.0000  0.0000
 -0.5000  0.5000
       0    ****

 -0.5000  0.5000
       0    ****

  0.0000  0.0000  0.0000  0.0000  0.0000  0.0000  0.0000  0.0000  0.0000  0.0000  0.0000  0.0000  0.0000  0.0000  0.0000
  0.0000  0.0000  0.0000  0.0000  0.0000  0.0000  0.0000  0.0000  0.0000  0.0000  0.0000  0.0000  0.0000  0.0000  0.0000
   3   0   0   2   2   2   2
 -0.5000  0.5000
       5    ****

 -0.5000  0.5000
       6    ****

  0.0000  0.0000  0.0000  0.0000  0.0000  0.0000  0.0000  0.0000  0.0000  0.0000  0.0000  0.0000  0.0000  0.0000  0.0000
  0.0000  0.0000  0.0000  0.0000  0.0000  0.0000  0.0000  0.0000  0.0000  0.0000  0.0000  0.0000  0.0000  0.0000  0.0000
 -0.5000  0.5000
       0    ****

 -0.5000  0.5000
       0    ****

  0.0000  0.0000  0.0000  0.0000  0.0000  0.0000  0.0000  0.0000  0.0000  0.0000  0.0000  0.0000  0.0000  0.0000  0.0000
  0.0000  0.0000  0.0000  0.0000  0.0000  0.0000  0.0000  0.0000  0.0000  0.0000  0.0000  0.0000  0.0000  0.0000  0.0000
   4   0   0   2   2   2   2
 -0.5000  0.5000
       7    ****

 -0.5000  0.5000
       8    ****

  0.0000  0.0000  0.0000  0.0000  0.0000  0.0000  0.0000  0.0000  0.0000  0.0000  0.0000  0.0000  0.0000  0.0000  0.0000
  0.0000  0.0000  0.0000  0.0000  0.0000  0.0000  0.0000  0.0000  0.0000  0.0000  0.0000  0.0000  0.0000  0.0000  0.0000
 -0.5000  0.5000
       0    ****

 -0.5000  0.5000
       0    ****

  0.0000  0.0000  0.0000  0.0000  0.0000  0.0000  0.0000  0.0000  0.0000  0.0000  0.0000  0.0000  0.0000  0.0000  0.0000
  0.0000  0.0000  0.0000  0.0000  0.0000  0.0000  0.0000  0.0000  0.0000  0.0000  0.0000  0.0000  0.0000  0.0000  0.0000
 ... generation ...    1
   1   4   4   3   5   2   2
 -0.5000 -0.0279  0.5000
       8       7
    ****

 -0.5000 -0.2804 -0.0843  0.4458  0.5000
       7       8
       7       8
    ****

  0.0000  0.0000  0.0000  0.0000  0.0000  0.0000  0.0000  0.0000  0.0000  0.0000  0.0000  0.0000  0.0000  0.0000  0.0000
  0.0000  0.0000  0.0000  0.0000  0.0000  0.0000  0.0000  0.0000  0.0000  0.0000  0.0000  0.0000  0.0000  0.0000  0.0000
 -0.5000  0.5000
       0    ****

 -0.5000  0.5000
       0    ****

  0.0000  0.0000  0.0000  0.0000  0.0000  0.0000  0.0000  0.0000  0.0000  0.0000  0.0000  0.0000  0.0000  0.0000  0.0000
  0.0000  0.0000  0.0000  0.0000  0.0000  0.0000  0.0000  0.0000  0.0000  0.0000  0.0000  0.0000  0.0000  0.0000  0.0000
   2   4   2   4   4   2   4
 -0.5000 -0.3085  0.2526  0.5000
       7       8
       7    ****

 -0.5000 -0.4862  0.3535  0.5000
       3       4
       3    ****

  0.0000  0.0000  0.0000  0.0000  0.0000  0.0000  0.0000  0.0000  0.0000  0.0000  0.0000  0.0000  0.0000  0.0000  0.0000
  0.0000  0.0000  0.0000  0.0000  0.0000  0.0000  0.0000  0.0000  0.0000  0.0000  0.0000  0.0000  0.0000  0.0000  0.0000
 -0.5000  0.5000
       0    ****

 -0.5000 -0.4862  0.3535  0.5000
      -1       1
      -1    ****

  0.0000  0.0000  0.0000  0.0000  0.0000  0.0000  0.0000  0.0000  0.0000  0.0000  0.0000  0.0000  0.0000  0.0000  0.0000
  0.0000  0.0000  0.0000  0.0000  0.0000  0.0000  0.0000  0.0000  0.0000  0.0000  0.0000  0.0000  0.0000  0.0000  0.0000
   3   4   3   3   3   2   2
 -0.5000 -0.0838  0.5000
       7       8
    ****

 -0.5000 -0.4904  0.5000
       6       5
    ****

  0.0000  0.0000  0.0000  0.0000  0.0000  0.0000  0.0000  0.0000  0.0000  0.0000  0.0000  0.0000  0.0000  0.0000  0.0000
  0.0000  0.0000  0.0000  0.0000  0.0000  0.0000  0.0000  0.0000  0.0000  0.0000  0.0000  0.0000  0.0000  0.0000  0.0000
 -0.5000  0.5000
       0    ****

 -0.5000  0.5000
       0    ****

  0.0000  0.0000  0.0000  0.0000  0.0000  0.0000  0.0000  0.0000  0.0000  0.0000  0.0000  0.0000  0.0000  0.0000  0.0000
  0.0000  0.0000  0.0000  0.0000  0.0000  0.0000  0.0000  0.0000  0.0000  0.0000  0.0000  0.0000  0.0000  0.0000  0.0000
   4   1   2   2   2   2   2
 -0.5000  0.5000
       2    ****

 -0.5000  0.5000
       4    ****

  0.0000  0.0000  0.0000  0.0000  0.0000  0.0000  0.0000  0.0000  0.0000  0.0000  0.0000  0.0000  0.0000  0.0000  0.0000
  0.0000  0.0000  0.0000  0.0000  0.0000  0.0000  0.0000  0.0000  0.0000  0.0000  0.0000  0.0000  0.0000  0.0000  0.0000
 -0.5000  0.5000
       0    ****

 -0.5000  0.5000
       1    ****

  0.0000  0.0000  0.0000  0.0000  0.0000  0.0000  0.0000  0.0000  0.0000  0.0000  0.0000  0.0000  0.0000  0.0000  0.0000
  0.0000  0.0000  0.0000  0.0000  0.0000  0.0000  0.0000  0.0000  0.0000  0.0000  0.0000  0.0000  0.0000  0.0000  0.0000
 ... generation ...    2
   1   3   2   3   4   2   4
 -0.5000 -0.4904  0.5000
       6       5
    ****

 -0.5000 -0.4862  0.3535  0.5000
       3       4
       3    ****

  0.0000  0.0000  0.0000  0.0000  0.0000  0.0000  0.0000  0.0000  0.0000  0.0000  0.0000  0.0000  0.0000  0.0000  0.0000
  0.0000  0.0000  0.0000  0.0000  0.0000  0.0000  0.0000  0.0000  0.0000  0.0000  0.0000  0.0000  0.0000  0.0000  0.0000
 -0.5000  0.5000
       0    ****

 -0.5000 -0.4862  0.3535  0.5000
       0       1
       0    ****

  0.0000  0.0000  0.0000  0.0000  0.0000  0.0000  0.0000  0.0000  0.0000  0.0000  0.0000  0.0000  0.0000  0.0000  0.0000
  0.0000  0.0000  0.0000  0.0000  0.0000  0.0000  0.0000  0.0000  0.0000  0.0000  0.0000  0.0000  0.0000  0.0000  0.0000
   2   4   3   2   4   2   2
 -0.5000  0.5000
       2    ****

 -0.5000 -0.4904  0.3899  0.5000
       6       5
       8    ****

  0.0000  0.0000  0.0000  0.0000  0.0000  0.0000  0.0000  0.0000  0.0000  0.0000  0.0000  0.0000  0.0000  0.0000  0.0000
  0.0000  0.0000  0.0000  0.0000  0.0000  0.0000  0.0000  0.0000  0.0000  0.0000  0.0000  0.0000  0.0000  0.0000  0.0000
 -0.5000  0.5000
      -1    ****

 -0.5000  0.5000
       0    ****

  0.0000  0.0000  0.0000  0.0000  0.0000  0.0000  0.0000  0.0000  0.0000  0.0000  0.0000  0.0000  0.0000  0.0000  0.0000
  0.0000  0.0000  0.0000  0.0000  0.0000  0.0000  0.0000  0.0000  0.0000  0.0000  0.0000  0.0000  0.0000  0.0000  0.0000
   3   3   4   6   4   2   4
 -0.5000 -0.0838  0.0025  0.0705  0.1544  0.5000
       7       8
       5       8
       5    ****

 -0.5000 -0.3374 -0.0932  0.5000
       2       4
       2    ****

  0.0000  0.0000  0.0000  0.0000  0.0000  0.0000  0.0000  0.0000  0.0000  0.0000  0.0000  0.0000  0.0000  0.0000  0.0000
  0.0000  0.0000  0.0000  0.0000  0.0000  0.0000  0.0000  0.0000  0.0000  0.0000  0.0000  0.0000  0.0000  0.0000  0.0000
 -0.5000  0.5000
       0    ****

 -0.5000 -0.3374 -0.0932  0.5000
      -1       1
      -1    ****

  0.0000  0.0000  0.0000  0.0000  0.0000  0.0000  0.0000  0.0000  0.0000  0.0000  0.0000  0.0000  0.0000  0.0000  0.0000
  0.0000  0.0000  0.0000  0.0000  0.0000  0.0000  0.0000  0.0000  0.0000  0.0000  0.0000  0.0000  0.0000  0.0000  0.0000
   4   4   2   4   5   4   5
 -0.5000  0.3233  0.4010  0.5000
       2       4
       2    ****

 -0.5000 -0.4862 -0.2257  0.2526  0.5000
       3       4
       8       7
    ****

  0.0000  0.0000  0.0000  0.0000  0.0000  0.0000  0.0000  0.0000  0.0000  0.0000  0.0000  0.0000  0.0000  0.0000  0.0000
  0.0000  0.0000  0.0000  0.0000  0.0000  0.0000  0.0000  0.0000  0.0000  0.0000  0.0000  0.0000  0.0000  0.0000  0.0000
 -0.5000  0.3233  0.4010  0.5000
      -1       1
      -1    ****

 -0.5000 -0.4862 -0.2257  0.3535  0.5000
       0       1
      -1       0
    ****

  0.0000  0.0000  0.0000  0.0000  0.0000  0.0000  0.0000  0.0000  0.0000  0.0000  0.0000  0.0000  0.0000  0.0000  0.0000
  0.0000  0.0000  0.0000  0.0000  0.0000  0.0000  0.0000  0.0000  0.0000  0.0000  0.0000  0.0000  0.0000  0.0000  0.0000
 ... generation ...    3
   1   4   2   4   4   6   2
 -0.5000 -0.1973  0.2526  0.5000
       2       8
       7    ****

 -0.5000 -0.4904  0.3899  0.5000
       6       5
       8    ****

  0.0000  0.0000  0.0000  0.0000  0.0000  0.0000  0.0000  0.0000  0.0000  0.0000  0.0000  0.0000  0.0000  0.0000  0.0000
  0.0000  0.0000  0.0000  0.0000  0.0000  0.0000  0.0000  0.0000  0.0000  0.0000  0.0000  0.0000  0.0000  0.0000  0.0000
 -0.5000 -0.4862 -0.2257  0.3233  0.4010  0.5000
       0      -1
       0      -1
       0    ****

 -0.5000  0.5000
       0    ****

  0.0000  0.0000  0.0000  0.0000  0.0000  0.0000  0.0000  0.0000  0.0000  0.0000  0.0000  0.0000  0.0000  0.0000  0.0000
  0.0000  0.0000  0.0000  0.0000  0.0000  0.0000  0.0000  0.0000  0.0000  0.0000  0.0000  0.0000  0.0000  0.0000  0.0000
   2   2   4   4   4   2   6
 -0.5000 -0.4904  0.3899  0.5000
       6       5
       8    ****

 -0.5000  0.3233  0.4010  0.5000
       2       4
       2    ****

  0.0000  0.0000  0.0000  0.0000  0.0000  0.0000  0.0000  0.0000  0.0000  0.0000  0.0000  0.0000  0.0000  0.0000  0.0000
  0.0000  0.0000  0.0000  0.0000  0.0000  0.0000  0.0000  0.0000  0.0000  0.0000  0.0000  0.0000  0.0000  0.0000  0.0000
 -0.5000  0.5000
       0    ****

 -0.5000 -0.4862 -0.2257  0.3233  0.4010  0.5000
       0      -1
       0       1
       0    ****

  0.0000  0.0000  0.0000  0.0000  0.0000  0.0000  0.0000  0.0000  0.0000  0.0000  0.0000  0.0000  0.0000  0.0000  0.0000
  0.0000  0.0000  0.0000  0.0000  0.0000  0.0000  0.0000  0.0000  0.0000  0.0000  0.0000  0.0000  0.0000  0.0000  0.0000
   3   1   1   5   3   5   4
 -0.5000 -0.4904 -0.1787  0.3535  0.5000
       6       5
       4       3
    ****

 -0.5000 -0.4904  0.5000
       6       5
    ****

  0.0000  0.0000  0.0000  0.0000  0.0000  0.0000  0.0000  0.0000  0.0000  0.0000  0.0000  0.0000  0.0000  0.0000  0.0000
  0.0000  0.0000  0.0000  0.0000  0.0000  0.0000  0.0000  0.0000  0.0000  0.0000  0.0000  0.0000  0.0000  0.0000  0.0000
 -0.5000 -0.4862 -0.1787  0.3535  0.5000
       0      -1
       1       0
    ****

 -0.5000 -0.4862  0.3535  0.5000
       0      -1
       0    ****

  0.0000  0.0000  0.0000  0.0000  0.0000  0.0000  0.0000  0.0000  0.0000  0.0000  0.0000  0.0000  0.0000  0.0000  0.0000
  0.0000  0.0000  0.0000  0.0000  0.0000  0.0000  0.0000  0.0000  0.0000  0.0000  0.0000  0.0000  0.0000  0.0000  0.0000
   4   4   3   4   4   6   4
 -0.5000  0.3233  0.4010  0.5000
       2       4
       2    ****

 -0.5000 -0.3374 -0.0932  0.5000
       2       4
       2    ****

  0.0000  0.0000  0.0000  0.0000  0.0000  0.0000  0.0000  0.0000  0.0000  0.0000  0.0000  0.0000  0.0000  0.0000  0.0000
  0.0000  0.0000  0.0000  0.0000  0.0000  0.0000  0.0000  0.0000  0.0000  0.0000  0.0000  0.0000  0.0000  0.0000  0.0000
 -0.5000 -0.4862 -0.2257  0.3233  0.4010  0.5000
       0      -1
       0       1
       0    ****

 -0.5000 -0.3374 -0.0932  0.5000
       0       1
       0    ****

  0.0000  0.0000  0.0000  0.0000  0.0000  0.0000  0.0000  0.0000  0.0000  0.0000  0.0000  0.0000  0.0000  0.0000  0.0000
  0.0000  0.0000  0.0000  0.0000  0.0000  0.0000  0.0000  0.0000  0.0000  0.0000  0.0000  0.0000  0.0000  0.0000  0.0000
 ... generation ...    4
   1   1   2   5   5   2   5
 -0.5000 -0.4961 -0.2346  0.2787  0.5000
       6       2
       5       7
    ****

 -0.5000 -0.4904  0.3769  0.4010  0.5000
       6       5
       4       2
    ****

  0.0000  0.0000  0.0000  0.0000  0.0000  0.0000  0.0000  0.0000  0.0000  0.0000  0.0000  0.0000  0.0000  0.0000  0.0000
  0.0000  0.0000  0.0000  0.0000  0.0000  0.0000  0.0000  0.0000  0.0000  0.0000  0.0000  0.0000  0.0000  0.0000  0.0000
 -0.5000  0.5000
       0    ****

 -0.5000  0.3233  0.3769  0.4010  0.5000
       0      -1
       1       0
    ****

  0.0000  0.0000  0.0000  0.0000  0.0000  0.0000  0.0000  0.0000  0.0000  0.0000  0.0000  0.0000  0.0000  0.0000  0.0000
  0.0000  0.0000  0.0000  0.0000  0.0000  0.0000  0.0000  0.0000  0.0000  0.0000  0.0000  0.0000  0.0000  0.0000  0.0000
   2   1   3   6   3   2   4
 -0.5000 -0.1973  0.2526  0.3202  0.3899  0.5000
       2       8
       7       5
       8    ****

 -0.5000 -0.4904  0.5000
       6       5
    ****

  0.0000  0.0000  0.0000  0.0000  0.0000  0.0000  0.0000  0.0000  0.0000  0.0000  0.0000  0.0000  0.0000  0.0000  0.0000
  0.0000  0.0000  0.0000  0.0000  0.0000  0.0000  0.0000  0.0000  0.0000  0.0000  0.0000  0.0000  0.0000  0.0000  0.0000
 -0.5000  0.5000
       0    ****

 -0.5000 -0.1787  0.3535  0.5000
       0      -1
       0    ****

  0.0000  0.0000  0.0000  0.0000  0.0000  0.0000  0.0000  0.0000  0.0000  0.0000  0.0000  0.0000  0.0000  0.0000  0.0000
  0.0000  0.0000  0.0000  0.0000  0.0000  0.0000  0.0000  0.0000  0.0000  0.0000  0.0000  0.0000  0.0000  0.0000  0.0000
   3   4   2   6   4   6   4
 -0.5000 -0.3374 -0.0932  0.3233  0.4010  0.5000
       2       4
       2       4
       2    ****

 -0.5000 -0.4904  0.3899  0.5000
       6       5
       8    ****

  0.0000  0.0000  0.0000  0.0000  0.0000  0.0000  0.0000  0.0000  0.0000  0.0000  0.0000  0.0000  0.0000  0.0000  0.0000
  0.0000  0.0000  0.0000  0.0000  0.0000  0.0000  0.0000  0.0000  0.0000  0.0000  0.0000  0.0000  0.0000  0.0000  0.0000
 -0.5000 -0.3374 -0.0932  0.3233  0.4010  0.5000
       0       1
       0       1
       0    ****

 -0.5000  0.3233  0.4010  0.5000
       0      -1
       0    ****

  0.0000  0.0000  0.0000  0.0000  0.0000  0.0000  0.0000  0.0000  0.0000  0.0000  0.0000  0.0000  0.0000  0.0000  0.0000
  0.0000  0.0000  0.0000  0.0000  0.0000  0.0000  0.0000  0.0000  0.0000  0.0000  0.0000  0.0000  0.0000  0.0000  0.0000
   4   4   3   4   5   7   5
 -0.5000 -0.1247 -0.0932  0.5000
       2       4
       2    ****

 -0.5000 -0.4904 -0.1787  0.2516  0.5000
       6       5
       4       5
    ****

  0.0000  0.0000  0.0000  0.0000  0.0000  0.0000  0.0000  0.0000  0.0000  0.0000  0.0000  0.0000  0.0000  0.0000  0.0000
  0.0000  0.0000  0.0000  0.0000  0.0000  0.0000  0.0000  0.0000  0.0000  0.0000  0.0000  0.0000  0.0000  0.0000  0.0000
 -0.5000 -0.3374 -0.1247 -0.0932  0.3233  0.4010  0.5000
       0      -1
       1       0
      -1       0
    ****

 -0.5000 -0.1787  0.2516  0.3535  0.5000
       0       1
      -1       0
    ****

  0.0000  0.0000  0.0000  0.0000  0.0000  0.0000  0.0000  0.0000  0.0000  0.0000  0.0000  0.0000  0.0000  0.0000  0.0000
  0.0000  0.0000  0.0000  0.0000  0.0000  0.0000  0.0000  0.0000  0.0000  0.0000  0.0000  0.0000  0.0000  0.0000  0.0000
 ... generation ...    5
   1   3   1   8   5   7   4
 -0.5000 -0.4904 -0.2042 -0.0932  0.3233  0.4010  0.4819  0.5000
       6       5
       4       2
       4       2
       8    ****

 -0.5000 -0.4961 -0.2346  0.2787  0.5000
       6       2
       5       7
    ****

  0.0000  0.0000  0.0000  0.0000  0.0000  0.0000  0.0000  0.0000  0.0000  0.0000  0.0000  0.0000  0.0000  0.0000  0.0000
  0.0000  0.0000  0.0000  0.0000  0.0000  0.0000  0.0000  0.0000  0.0000  0.0000  0.0000  0.0000  0.0000  0.0000  0.0000
 -0.5000 -0.3374 -0.2042 -0.0932  0.3233  0.4010  0.5000
       0      -1
       1       0
       1       0
    ****

 -0.5000  0.3769  0.4010  0.5000
       0      -1
       0    ****

  0.0000  0.0000  0.0000  0.0000  0.0000  0.0000  0.0000  0.0000  0.0000  0.0000  0.0000  0.0000  0.0000  0.0000  0.0000
  0.0000  0.0000  0.0000  0.0000  0.0000  0.0000  0.0000  0.0000  0.0000  0.0000  0.0000  0.0000  0.0000  0.0000  0.0000
   2   3   3   6   6   6   6
 -0.5000 -0.4261 -0.0464  0.3233  0.4010  0.5000
       2       5
       2       4
       2    ****

 -0.5000 -0.4904  0.2349  0.3233  0.4010  0.5000
       6       5
       2       4
       2    ****

  0.0000  0.0000  0.0000  0.0000  0.0000  0.0000  0.0000  0.0000  0.0000  0.0000  0.0000  0.0000  0.0000  0.0000  0.0000
  0.0000  0.0000  0.0000  0.0000  0.0000  0.0000  0.0000  0.0000  0.0000  0.0000  0.0000  0.0000  0.0000  0.0000  0.0000
 -0.5000 -0.3374 -0.0932  0.3233  0.4010  0.5000
       0      -1
       0       1
       0    ****

 -0.5000 -0.3374 -0.0932  0.3233  0.4010  0.5000
       0      -1
       0       1
       0    ****

  0.0000  0.0000  0.0000  0.0000  0.0000  0.0000  0.0000  0.0000  0.0000  0.0000  0.0000  0.0000  0.0000  0.0000  0.0000
  0.0000  0.0000  0.0000  0.0000  0.0000  0.0000  0.0000  0.0000  0.0000  0.0000  0.0000  0.0000  0.0000  0.0000  0.0000
   3   4   4   5   4   6   7
 -0.5000 -0.4904 -0.1787  0.2516  0.5000
       6       5
       4       5
    ****

 -0.5000 -0.1558  0.2516  0.5000
       2       4
       5    ****

  0.0000  0.0000  0.0000  0.0000  0.0000  0.0000  0.0000  0.0000  0.0000  0.0000  0.0000  0.0000  0.0000  0.0000  0.0000
  0.0000  0.0000  0.0000  0.0000  0.0000  0.0000  0.0000  0.0000  0.0000  0.0000  0.0000  0.0000  0.0000  0.0000  0.0000
 -0.5000 -0.1787 -0.1247 -0.0932  0.2516  0.5000
       0       1
       0       1
       0    ****

 -0.5000 -0.1787 -0.1558 -0.1247 -0.0932  0.2516  0.5000
       0      -1
       1       0
       1       0
    ****

  0.0000  0.0000  0.0000  0.0000  0.0000  0.0000  0.0000  0.0000  0.0000  0.0000  0.0000  0.0000  0.0000  0.0000  0.0000
  0.0000  0.0000  0.0000  0.0000  0.0000  0.0000  0.0000  0.0000  0.0000  0.0000  0.0000  0.0000  0.0000  0.0000  0.0000
   4   4   3   5   6   6   6
 -0.5000 -0.4904 -0.1787  0.2516  0.5000
       6       5
       4       5
    ****

 -0.5000 -0.3374 -0.0932  0.3233  0.4010  0.5000
       2       4
       2       4
       2    ****

  0.0000  0.0000  0.0000  0.0000  0.0000  0.0000  0.0000  0.0000  0.0000  0.0000  0.0000  0.0000  0.0000  0.0000  0.0000
  0.0000  0.0000  0.0000  0.0000  0.0000  0.0000  0.0000  0.0000  0.0000  0.0000  0.0000  0.0000  0.0000  0.0000  0.0000
 -0.5000 -0.1787 -0.1247 -0.0932  0.2516  0.5000
       0       1
       0       1
       0    ****

 -0.5000 -0.3374 -0.0932  0.3233  0.4010  0.5000
       0       1
       0       1
       0    ****

  0.0000  0.0000  0.0000  0.0000  0.0000  0.0000  0.0000  0.0000  0.0000  0.0000  0.0000  0.0000  0.0000  0.0000  0.0000
  0.0000  0.0000  0.0000  0.0000  0.0000  0.0000  0.0000  0.0000  0.0000  0.0000  0.0000  0.0000  0.0000  0.0000  0.0000
 ... generation ...    6
   1   2   2   6   6   2   2
 -0.5000 -0.4904  0.2349  0.3233  0.4010  0.5000
       6       5
       2       4
       2    ****

 -0.5000 -0.4904  0.2349  0.3233  0.4010  0.5000
       6       5
       2       4
       2    ****

  0.0000  0.0000  0.0000  0.0000  0.0000  0.0000  0.0000  0.0000  0.0000  0.0000  0.0000  0.0000  0.0000  0.0000  0.0000
  0.0000  0.0000  0.0000  0.0000  0.0000  0.0000  0.0000  0.0000  0.0000  0.0000  0.0000  0.0000  0.0000  0.0000  0.0000
 -0.5000  0.5000
       0    ****

 -0.5000  0.5000
       0    ****

  0.0000  0.0000  0.0000  0.0000  0.0000  0.0000  0.0000  0.0000  0.0000  0.0000  0.0000  0.0000  0.0000  0.0000  0.0000
  0.0000  0.0000  0.0000  0.0000  0.0000  0.0000  0.0000  0.0000  0.0000  0.0000  0.0000  0.0000  0.0000  0.0000  0.0000
   2   4   3   4   4   8   4
 -0.5000 -0.3374  0.2516  0.5000
       2       4
       5    ****

 -0.5000 -0.1558  0.2516  0.5000
       2       4
       5    ****

  0.0000  0.0000  0.0000  0.0000  0.0000  0.0000  0.0000  0.0000  0.0000  0.0000  0.0000  0.0000  0.0000  0.0000  0.0000
  0.0000  0.0000  0.0000  0.0000  0.0000  0.0000  0.0000  0.0000  0.0000  0.0000  0.0000  0.0000  0.0000  0.0000  0.0000
 -0.5000 -0.3374 -0.1787 -0.0932  0.2516  0.3233  0.4010  0.5000
       0       1
       0       1
       0      -1
       0    ****

 -0.5000 -0.1787 -0.1558  0.5000
       0      -1
       0    ****

  0.0000  0.0000  0.0000  0.0000  0.0000  0.0000  0.0000  0.0000  0.0000  0.0000  0.0000  0.0000  0.0000  0.0000  0.0000
  0.0000  0.0000  0.0000  0.0000  0.0000  0.0000  0.0000  0.0000  0.0000  0.0000  0.0000  0.0000  0.0000  0.0000  0.0000
   3   2   4   6   7   2   9
 -0.5000 -0.4904  0.2349  0.3233  0.4010  0.5000
       6       5
       2       4
       2    ****

 -0.5000 -0.4904 -0.3310 -0.0932  0.3233  0.4010  0.5000
       6       5
       4       2
       4       2
    ****

  0.0000  0.0000  0.0000  0.0000  0.0000  0.0000  0.0000  0.0000  0.0000  0.0000  0.0000  0.0000  0.0000  0.0000  0.0000
  0.0000  0.0000  0.0000  0.0000  0.0000  0.0000  0.0000  0.0000  0.0000  0.0000  0.0000  0.0000  0.0000  0.0000  0.0000
 -0.5000  0.5000
       0    ****

 -0.5000 -0.3374 -0.3310 -0.1787 -0.0932  0.2516  0.3233  0.4010  0.5000
       0      -1
       1       0
      -1       0
       1       0
    ****

  0.0000  0.0000  0.0000  0.0000  0.0000  0.0000  0.0000  0.0000  0.0000  0.0000  0.0000  0.0000  0.0000  0.0000  0.0000
  0.0000  0.0000  0.0000  0.0000  0.0000  0.0000  0.0000  0.0000  0.0000  0.0000  0.0000  0.0000  0.0000  0.0000  0.0000
   4   4   4   8   6   9   8
 -0.5000 -0.4904 -0.4341 -0.3374 -0.0932 -0.0523  0.2516  0.5000
       6       5
       2       4
       2       4
       5    ****

 -0.5000 -0.3374 -0.0932  0.3233  0.4010  0.5000
       2       4
       2       4
       2    ****

  0.0000  0.0000  0.0000  0.0000  0.0000  0.0000  0.0000  0.0000  0.0000  0.0000  0.0000  0.0000  0.0000  0.0000  0.0000
  0.0000  0.0000  0.0000  0.0000  0.0000  0.0000  0.0000  0.0000  0.0000  0.0000  0.0000  0.0000  0.0000  0.0000  0.0000
 -0.5000 -0.3374 -0.1787 -0.0932 -0.0523  0.2516  0.3233  0.4010  0.5000
       0       1
       0      -1
       1       0
      -1       0
    ****

 -0.5000 -0.3374 -0.1787 -0.0932  0.2516  0.3233  0.4010  0.5000
       0       1
       0      -1
       0       1
       0    ****

  0.0000  0.0000  0.0000  0.0000  0.0000  0.0000  0.0000  0.0000  0.0000  0.0000  0.0000  0.0000  0.0000  0.0000  0.0000
  0.0000  0.0000  0.0000  0.0000  0.0000  0.0000  0.0000  0.0000  0.0000  0.0000  0.0000  0.0000  0.0000  0.0000  0.0000
 ... generation ...    7
   1   2   3   4   7   5   5
 -0.5000 -0.1681  0.2516  0.5000
       2       4
       5    ****

 -0.5000 -0.4904 -0.1264 -0.0932  0.3233  0.4010  0.5000
       6       5
       4       2
       4       2
    ****

  0.0000  0.0000  0.0000  0.0000  0.0000  0.0000  0.0000  0.0000  0.0000  0.0000  0.0000  0.0000  0.0000  0.0000  0.0000
  0.0000  0.0000  0.0000  0.0000  0.0000  0.0000  0.0000  0.0000  0.0000  0.0000  0.0000  0.0000  0.0000  0.0000  0.0000
 -0.5000 -0.3374 -0.1681 -0.1558  0.5000
       0      -1
       1       0
    ****

 -0.5000 -0.3310 -0.1264 -0.0932  0.5000
       0      -1
       1       0
    ****

  0.0000  0.0000  0.0000  0.0000  0.0000  0.0000  0.0000  0.0000  0.0000  0.0000  0.0000  0.0000  0.0000  0.0000  0.0000
  0.0000  0.0000  0.0000  0.0000  0.0000  0.0000  0.0000  0.0000  0.0000  0.0000  0.0000  0.0000  0.0000  0.0000  0.0000
   2   4   4   6   6   6   6
 -0.5000 -0.3374 -0.0932  0.3233  0.4010  0.5000
       2       4
       2       4
       2    ****

 -0.5000 -0.3374 -0.0932  0.3233  0.4010  0.5000
       2       4
       2       4
       2    ****

  0.0000  0.0000  0.0000  0.0000  0.0000  0.0000  0.0000  0.0000  0.0000  0.0000  0.0000  0.0000  0.0000  0.0000  0.0000
  0.0000  0.0000  0.0000  0.0000  0.0000  0.0000  0.0000  0.0000  0.0000  0.0000  0.0000  0.0000  0.0000  0.0000  0.0000
 -0.5000 -0.0523  0.2516  0.3233  0.4010  0.5000
       0      -1
       0       1
       0    ****

 -0.5000 -0.0523  0.2516  0.3233  0.4010  0.5000
       0      -1
       0       1
       0    ****

  0.0000  0.0000  0.0000  0.0000  0.0000  0.0000  0.0000  0.0000  0.0000  0.0000  0.0000  0.0000  0.0000  0.0000  0.0000
  0.0000  0.0000  0.0000  0.0000  0.0000  0.0000  0.0000  0.0000  0.0000  0.0000  0.0000  0.0000  0.0000  0.0000  0.0000
   3   2   4   4   8   4   6
 -0.5000 -0.1558  0.2516  0.5000
       2       4
       5    ****

 -0.5000 -0.4904 -0.4341 -0.3374 -0.0932 -0.0523  0.2516  0.5000
       6       5
       2       4
       2       4
       5    ****

  0.0000  0.0000  0.0000  0.0000  0.0000  0.0000  0.0000  0.0000  0.0000  0.0000  0.0000  0.0000  0.0000  0.0000  0.0000
  0.0000  0.0000  0.0000  0.0000  0.0000  0.0000  0.0000  0.0000  0.0000  0.0000  0.0000  0.0000  0.0000  0.0000  0.0000
 -0.5000 -0.3374 -0.1558  0.5000
       0      -1
       0    ****

 -0.5000 -0.0523  0.2516  0.3233  0.4010  0.5000
       0       1
       0      -1
       0    ****

  0.0000  0.0000  0.0000  0.0000  0.0000  0.0000  0.0000  0.0000  0.0000  0.0000  0.0000  0.0000  0.0000  0.0000  0.0000
  0.0000  0.0000  0.0000  0.0000  0.0000  0.0000  0.0000  0.0000  0.0000  0.0000  0.0000  0.0000  0.0000  0.0000  0.0000
   4   1   1   6   6   2   2
 -0.5000 -0.4904  0.2349  0.3233  0.4010  0.5000
       6       5
       2       4
       2    ****

 -0.5000 -0.4904  0.2349  0.3233  0.4010  0.5000
       6       5
       2       4
       2    ****

  0.0000  0.0000  0.0000  0.0000  0.0000  0.0000  0.0000  0.0000  0.0000  0.0000  0.0000  0.0000  0.0000  0.0000  0.0000
  0.0000  0.0000  0.0000  0.0000  0.0000  0.0000  0.0000  0.0000  0.0000  0.0000  0.0000  0.0000  0.0000  0.0000  0.0000
 -0.5000  0.5000
       0    ****

 -0.5000  0.5000
       0    ****

  0.0000  0.0000  0.0000  0.0000  0.0000  0.0000  0.0000  0.0000  0.0000  0.0000  0.0000  0.0000  0.0000  0.0000  0.0000
  0.0000  0.0000  0.0000  0.0000  0.0000  0.0000  0.0000  0.0000  0.0000  0.0000  0.0000  0.0000  0.0000  0.0000  0.0000
 ... generation ...    8
   1   3   4   8   6   7   2
 -0.5000 -0.4904 -0.4341 -0.3374 -0.3053 -0.1558  0.2516  0.5000
       6       5
       2       4
       2       4
       5    ****

 -0.5000 -0.4904  0.2349  0.3233  0.4010  0.5000
       6       5
       2       4
       2    ****

  0.0000  0.0000  0.0000  0.0000  0.0000  0.0000  0.0000  0.0000  0.0000  0.0000  0.0000  0.0000  0.0000  0.0000  0.0000
  0.0000  0.0000  0.0000  0.0000  0.0000  0.0000  0.0000  0.0000  0.0000  0.0000  0.0000  0.0000  0.0000  0.0000  0.0000
 -0.5000 -0.3374 -0.3053 -0.1558 -0.0932 -0.0523  0.5000
       0       1
      -1       0
       1       0
    ****

 -0.5000  0.5000
       0    ****

  0.0000  0.0000  0.0000  0.0000  0.0000  0.0000  0.0000  0.0000  0.0000  0.0000  0.0000  0.0000  0.0000  0.0000  0.0000
  0.0000  0.0000  0.0000  0.0000  0.0000  0.0000  0.0000  0.0000  0.0000  0.0000  0.0000  0.0000  0.0000  0.0000  0.0000
   2   2   4   6   6   2   2
 -0.5000 -0.3374 -0.0932  0.3233  0.4010  0.5000
       2       4
       2       4
       2    ****

 -0.5000 -0.4904  0.2349  0.3233  0.4010  0.5000
       6       5
       2       4
       2    ****

  0.0000  0.0000  0.0000  0.0000  0.0000  0.0000  0.0000  0.0000  0.0000  0.0000  0.0000  0.0000  0.0000  0.0000  0.0000
  0.0000  0.0000  0.0000  0.0000  0.0000  0.0000  0.0000  0.0000  0.0000  0.0000  0.0000  0.0000  0.0000  0.0000  0.0000
 -0.5000  0.5000
       0    ****

 -0.5000  0.5000
       0    ****

  0.0000  0.0000  0.0000  0.0000  0.0000  0.0000  0.0000  0.0000  0.0000  0.0000  0.0000  0.0000  0.0000  0.0000  0.0000
  0.0000  0.0000  0.0000  0.0000  0.0000  0.0000  0.0000  0.0000  0.0000  0.0000  0.0000  0.0000  0.0000  0.0000  0.0000
   3   4   3   6   4   2   6
 -0.5000 -0.4904  0.2349  0.3233  0.4010  0.5000
       6       5
       2       4
       2    ****

 -0.5000 -0.1558  0.2516  0.5000
       2       4
       5    ****

  0.0000  0.0000  0.0000  0.0000  0.0000  0.0000  0.0000  0.0000  0.0000  0.0000  0.0000  0.0000  0.0000  0.0000  0.0000
  0.0000  0.0000  0.0000  0.0000  0.0000  0.0000  0.0000  0.0000  0.0000  0.0000  0.0000  0.0000  0.0000  0.0000  0.0000
 -0.5000  0.5000
       0    ****

 -0.5000 -0.3374 -0.1558 -0.0932 -0.0523  0.5000
       0      -1
       0       1
       0    ****

  0.0000  0.0000  0.0000  0.0000  0.0000  0.0000  0.0000  0.0000  0.0000  0.0000  0.0000  0.0000  0.0000  0.0000  0.0000
  0.0000  0.0000  0.0000  0.0000  0.0000  0.0000  0.0000  0.0000  0.0000  0.0000  0.0000  0.0000  0.0000  0.0000  0.0000
   4   4   3   6   8   2   6
 -0.5000 -0.4904  0.2349  0.3233  0.4010  0.5000
       6       5
       2       4
       2    ****

 -0.5000 -0.4904 -0.4341 -0.3374 -0.0932 -0.0523  0.2516  0.5000
       6       5
       2       4
       2       4
       5    ****

  0.0000  0.0000  0.0000  0.0000  0.0000  0.0000  0.0000  0.0000  0.0000  0.0000  0.0000  0.0000  0.0000  0.0000  0.0000
  0.0000  0.0000  0.0000  0.0000  0.0000  0.0000  0.0000  0.0000  0.0000  0.0000  0.0000  0.0000  0.0000  0.0000  0.0000
 -0.5000  0.5000
       0    ****

 -0.5000 -0.3374 -0.1558 -0.0932 -0.0523  0.5000
       0       1
       0      -1
       0    ****

  0.0000  0.0000  0.0000  0.0000  0.0000  0.0000  0.0000  0.0000  0.0000  0.0000  0.0000  0.0000  0.0000  0.0000  0.0000
  0.0000  0.0000  0.0000  0.0000  0.0000  0.0000  0.0000  0.0000  0.0000  0.0000  0.0000  0.0000  0.0000  0.0000  0.0000
 ... generation ...    9
   1   3   1   5   8   7   8
 -0.5000 -0.4904  0.1790  0.2516  0.5000
       6       5
       4       5
    ****

 -0.5000 -0.4904 -0.4341 -0.3374 -0.3053 -0.1558  0.2516  0.5000
       6       5
       2       4
       2       4
       5    ****

  0.0000  0.0000  0.0000  0.0000  0.0000  0.0000  0.0000  0.0000  0.0000  0.0000  0.0000  0.0000  0.0000  0.0000  0.0000
  0.0000  0.0000  0.0000  0.0000  0.0000  0.0000  0.0000  0.0000  0.0000  0.0000  0.0000  0.0000  0.0000  0.0000  0.0000
 -0.5000 -0.1558  0.1790  0.2516  0.3233  0.4010  0.5000
       0      -1
       1       0
      -1       0
    ****

 -0.5000 -0.3374 -0.3053 -0.1558  0.2516  0.3233  0.4010  0.5000
       0       1
       0       1
       0      -1
       0    ****

  0.0000  0.0000  0.0000  0.0000  0.0000  0.0000  0.0000  0.0000  0.0000  0.0000  0.0000  0.0000  0.0000  0.0000  0.0000
  0.0000  0.0000  0.0000  0.0000  0.0000  0.0000  0.0000  0.0000  0.0000  0.0000  0.0000  0.0000  0.0000  0.0000  0.0000
   2   1   3  10   8   8   9
 -0.5000 -0.4904 -0.4341 -0.3374 -0.3053 -0.2140  0.2349  0.3233  0.4010  0.5000
       6       5
       2       4
       2       5
       2       4
       2    ****

 -0.5000 -0.4904 -0.0983  0.2200  0.2349  0.3233  0.3311  0.5000
       6       5
       4       5
       2       4
       5    ****

  0.0000  0.0000  0.0000  0.0000  0.0000  0.0000  0.0000  0.0000  0.0000  0.0000  0.0000  0.0000  0.0000  0.0000  0.0000
  0.0000  0.0000  0.0000  0.0000  0.0000  0.0000  0.0000  0.0000  0.0000  0.0000  0.0000  0.0000  0.0000  0.0000  0.0000
 -0.5000 -0.3374 -0.3053 -0.1558  0.2516  0.3233  0.4010  0.5000
       0       1
       0      -1
       0       1
       0    ****

 -0.5000 -0.1558 -0.0983  0.2200  0.2516  0.3233  0.3311  0.4010  0.5000
       0      -1
       1      -1
       0       1
      -1       0
    ****

  0.0000  0.0000  0.0000  0.0000  0.0000  0.0000  0.0000  0.0000  0.0000  0.0000  0.0000  0.0000  0.0000  0.0000  0.0000
  0.0000  0.0000  0.0000  0.0000  0.0000  0.0000  0.0000  0.0000  0.0000  0.0000  0.0000  0.0000  0.0000  0.0000  0.0000
   3   1   2   5   7   9   5
 -0.5000 -0.4904 -0.0993  0.2516  0.5000
       6       5
       4       5
    ****

 -0.5000 -0.4904 -0.1538 -0.0932  0.3233  0.4010  0.5000
       6       5
       4       2
       4       2
    ****

  0.0000  0.0000  0.0000  0.0000  0.0000  0.0000  0.0000  0.0000  0.0000  0.0000  0.0000  0.0000  0.0000  0.0000  0.0000
  0.0000  0.0000  0.0000  0.0000  0.0000  0.0000  0.0000  0.0000  0.0000  0.0000  0.0000  0.0000  0.0000  0.0000  0.0000
 -0.5000 -0.3374 -0.3053 -0.1558 -0.0993  0.2516  0.3233  0.4010  0.5000
       0      -1
       0      -1
       1       0
      -1       0
    ****

 -0.5000 -0.3374 -0.1538 -0.0932  0.5000
       0      -1
       1       0
    ****

  0.0000  0.0000  0.0000  0.0000  0.0000  0.0000  0.0000  0.0000  0.0000  0.0000  0.0000  0.0000  0.0000  0.0000  0.0000
  0.0000  0.0000  0.0000  0.0000  0.0000  0.0000  0.0000  0.0000  0.0000  0.0000  0.0000  0.0000  0.0000  0.0000  0.0000
   4   2   1   6   8   4   8
 -0.5000 -0.3374 -0.0932  0.3233  0.4010  0.5000
       2       4
       2       4
       2    ****

 -0.5000 -0.4904 -0.4213 -0.3374 -0.3053 -0.1558  0.2516  0.5000
       6       5
       2       4
       2       4
       5    ****

  0.0000  0.0000  0.0000  0.0000  0.0000  0.0000  0.0000  0.0000  0.0000  0.0000  0.0000  0.0000  0.0000  0.0000  0.0000
  0.0000  0.0000  0.0000  0.0000  0.0000  0.0000  0.0000  0.0000  0.0000  0.0000  0.0000  0.0000  0.0000  0.0000  0.0000
 -0.5000 -0.3374 -0.0932  0.5000
       0       1
       0    ****

 -0.5000 -0.3374 -0.3053 -0.1558  0.2516  0.3233  0.4010  0.5000
       0       1
       0       1
       0      -1
       0    ****

  0.0000  0.0000  0.0000  0.0000  0.0000  0.0000  0.0000  0.0000  0.0000  0.0000  0.0000  0.0000  0.0000  0.0000  0.0000
  0.0000  0.0000  0.0000  0.0000  0.0000  0.0000  0.0000  0.0000  0.0000  0.0000  0.0000  0.0000  0.0000  0.0000  0.0000
 ... generation ...   10
   1   1   3   5   7   7   9
 -0.5000 -0.4904 -0.1390  0.2516  0.5000
       6       5
       4       5
    ****

 -0.5000 -0.4904 -0.0993  0.1783  0.3233  0.4010  0.5000
       6       5
       4       2
       4       2
    ****

  0.0000  0.0000  0.0000  0.0000  0.0000  0.0000  0.0000  0.0000  0.0000  0.0000  0.0000  0.0000  0.0000  0.0000  0.0000
  0.0000  0.0000  0.0000  0.0000  0.0000  0.0000  0.0000  0.0000  0.0000  0.0000  0.0000  0.0000  0.0000  0.0000  0.0000
 -0.5000 -0.3374 -0.3053 -0.1558 -0.1390  0.1790  0.5000
       0      -1
       0      -1
       1       0
    ****

 -0.5000 -0.1538 -0.0993 -0.0932  0.1783  0.2516  0.3233  0.4010  0.5000
       0      -1
       0       1
      -1       0
       1       0
    ****

  0.0000  0.0000  0.0000  0.0000  0.0000  0.0000  0.0000  0.0000  0.0000  0.0000  0.0000  0.0000  0.0000  0.0000  0.0000
  0.0000  0.0000  0.0000  0.0000  0.0000  0.0000  0.0000  0.0000  0.0000  0.0000  0.0000  0.0000  0.0000  0.0000  0.0000
   2   3   3   7   5   8   8
 -0.5000 -0.4904 -0.1538 -0.0932  0.3233  0.4010  0.5000
       6       5
       4       2
       4       2
    ****

 -0.5000 -0.4904 -0.0993  0.2516  0.5000
       6       5
       4       5
    ****

  0.0000  0.0000  0.0000  0.0000  0.0000  0.0000  0.0000  0.0000  0.0000  0.0000  0.0000  0.0000  0.0000  0.0000  0.0000
  0.0000  0.0000  0.0000  0.0000  0.0000  0.0000  0.0000  0.0000  0.0000  0.0000  0.0000  0.0000  0.0000  0.0000  0.0000
 -0.5000 -0.1538 -0.0993 -0.0932  0.2516  0.3233  0.4010  0.5000
       0       1
       0      -1
       0       1
       0    ****

 -0.5000 -0.1538 -0.0993 -0.0932  0.2516  0.3233  0.4010  0.5000
       0      -1
       0       1
       0      -1
       0    ****

  0.0000  0.0000  0.0000  0.0000  0.0000  0.0000  0.0000  0.0000  0.0000  0.0000  0.0000  0.0000  0.0000  0.0000  0.0000
  0.0000  0.0000  0.0000  0.0000  0.0000  0.0000  0.0000  0.0000  0.0000  0.0000  0.0000  0.0000  0.0000  0.0000  0.0000
   3   3   3   5   7   8   9
 -0.5000 -0.4904 -0.0993  0.2516  0.5000
       6       5
       4       5
    ****

 -0.5000 -0.4904 -0.1538 -0.0932  0.1455  0.2516  0.5000
       6       5
       4       2
       4       5
    ****

  0.0000  0.0000  0.0000  0.0000  0.0000  0.0000  0.0000  0.0000  0.0000  0.0000  0.0000  0.0000  0.0000  0.0000  0.0000
  0.0000  0.0000  0.0000  0.0000  0.0000  0.0000  0.0000  0.0000  0.0000  0.0000  0.0000  0.0000  0.0000  0.0000  0.0000
 -0.5000 -0.1538 -0.0993 -0.0932  0.2516  0.3233  0.4010  0.5000
       0      -1
       0       1
       0      -1
       0    ****

 -0.5000 -0.1538 -0.0993 -0.0932  0.1455  0.2516  0.3233  0.4010  0.5000
       0       1
       0      -1
       1       0
      -1       0
    ****

  0.0000  0.0000  0.0000  0.0000  0.0000  0.0000  0.0000  0.0000  0.0000  0.0000  0.0000  0.0000  0.0000  0.0000  0.0000
  0.0000  0.0000  0.0000  0.0000  0.0000  0.0000  0.0000  0.0000  0.0000  0.0000  0.0000  0.0000  0.0000  0.0000  0.0000
   4   2   1  10   9   8   6
 -0.5000 -0.4904 -0.4341 -0.3756 -0.0983  0.2200  0.2349  0.3233  0.3311  0.5000
       6       5
       2       5
       4       5
       2       4
       5    ****

 -0.5000 -0.4904 -0.4341 -0.3374 -0.3053 -0.2266  0.1790  0.2516  0.5000
       6       5
       2       4
       2       5
       4       5
    ****

  0.0000  0.0000  0.0000  0.0000  0.0000  0.0000  0.0000  0.0000  0.0000  0.0000  0.0000  0.0000  0.0000  0.0000  0.0000
  0.0000  0.0000  0.0000  0.0000  0.0000  0.0000  0.0000  0.0000  0.0000  0.0000  0.0000  0.0000  0.0000  0.0000  0.0000
 -0.5000 -0.3374 -0.3053 -0.0983  0.2200  0.3311  0.4010  0.5000
       0      -1
       0       1
       0      -1
       0    ****

 -0.5000 -0.3374 -0.3053 -0.1558  0.1790  0.5000
       0       1
       0      -1
       0    ****

  0.0000  0.0000  0.0000  0.0000  0.0000  0.0000  0.0000  0.0000  0.0000  0.0000  0.0000  0.0000  0.0000  0.0000  0.0000
  0.0000  0.0000  0.0000  0.0000  0.0000  0.0000  0.0000  0.0000  0.0000  0.0000  0.0000  0.0000  0.0000  0.0000  0.0000
