 ... generation ...    0
   1   0   0   2   2   2   2
 -0.5000  0.5000
       1    ****
 -0.5000  0.5000
       2    ****
   2   0   0   2   2   2   2
 -0.5000  0.5000
       3    ****
 -0.5000  0.5000
       4    ****
   3   0   0   2   2   2   2
 -0.5000  0.5000
       5    ****
 -0.5000  0.5000
       6    ****
   4   0   0   2   2   2   2
 -0.5000  0.5000
       7    ****
 -0.5000  0.5000
       8    ****
 ... generation ...    1
   1   2   4   4   2   2   2
 -0.5000 -0.2526  0.2673  0.5000
       3       4       3    ****
 -0.5000  0.5000
       8    ****
   2   3   1   2   6   2   2
 -0.5000  0.5000
       6    ****
 -0.5000 -0.4804 -0.4574 -0.2098 -0.0121  0.5000
       2       1       2       1       2    ****
   3   1   4   2   3   2   2
 -0.5000  0.5000
       1    ****
 -0.5000  0.0330  0.5000
       7       8    ****
   4   2   2   4   2   2   2
 -0.5000  0.0113  0.4733  0.5000
       3       4       3    ****
 -0.5000  0.5000
       4    ****
 ... generation ...    2
   1   3   1   3   6   2   2
 -0.5000  0.1071  0.5000
       1       8    ****
 -0.5000 -0.4923 -0.2526  0.1480  0.4447  0.5000
       8       3       4       8       3    ****
   2   3   4   6   4   2   2
 -0.5000 -0.4413 -0.0381  0.0330  0.0677  0.5000
       7       1       7       8       1    ****
 -0.5000 -0.1694  0.0113  0.5000
       4       3       4    ****
   3   4   3   3   4   2   2
 -0.5000 -0.1946  0.5000
       3       4    ****
 -0.5000  0.0330  0.4554  0.5000
       7       8       1    ****
   4   3   1   5   5   2   2
 -0.5000  0.0330  0.0440  0.4392  0.5000
       7       8       1       8    ****
 -0.5000 -0.2526  0.2673  0.4267  0.5000
       3       4       3       8    ****
 ... generation ...    3
   1   2   3   4   3   2   2
 -0.5000 -0.1694  0.0113  0.5000
       4       3       4    ****
 -0.5000 -0.1946  0.5000
       3       4    ****
   2   1   2   6   6   2   2
 -0.5000 -0.4923 -0.2526  0.1480  0.4447  0.5000
       8       3       4       8       3    ****
 -0.5000 -0.4413 -0.0381  0.0330  0.0677  0.5000
       7       1       7       8       1    ****
   3   1   3   6   6   2   2
 -0.5000 -0.4923 -0.2526  0.1480  0.4447  0.5000
       8       3       4       8       3    ****
 -0.5000  0.0330  0.3080  0.4494  0.4554  0.5000
       7       8       4       8       1    ****
   4   2   3   4   4   2   2
 -0.5000 -0.1694  0.0113  0.5000
       4       3       4    ****
 -0.5000  0.0330  0.4554  0.5000
       7       8       1    ****
 ... generation ...    4
   1   4   4   4   8   2   2
 -0.5000 -0.1694  0.0113  0.5000
       4       3       4    ****
 -0.5000 -0.1238  0.0113  0.0489  0.0611  0.3303  0.4554  0.5000
       7       3       4       8       4       8       1    ****
   2   3   2   6   7   2   2
 -0.5000 -0.4923 -0.2526  0.1480  0.4447  0.5000
       8       3       4       8       3    ****
 -0.5000 -0.4413 -0.3795 -0.2526  0.1480  0.4447  0.5000
       7       1       3       4       8       3    ****
   3   4   1   4   5   2   2
 -0.5000 -0.1694  0.0113  0.5000
       4       3       4    ****
 -0.5000 -0.2117 -0.1694 -0.0360  0.5000
       3       4       3       4    ****
   4   4   1   6   3   2   2
 -0.5000 -0.1456  0.0113  0.4032  0.4554  0.5000
       7       3       4       8       1    ****
 -0.5000 -0.1946  0.5000
       3       4    ****
 ... generation ...    5
   1   1   2   8   6   2   2
 -0.5000 -0.1238  0.0113  0.0489  0.0611  0.3303  0.4554  0.5000
       7       3       4       8       4       8       1    ****
 -0.5000 -0.4923 -0.2526  0.1480  0.4447  0.5000
       8       3       4       8       3    ****
   2   4   4   3   6   2   2
 -0.5000 -0.1946  0.5000
       3       4    ****
 -0.5000 -0.1456  0.0113  0.4032  0.4554  0.5000
       7       3       4       8       1    ****
   3   3   1   5   4   2   2
 -0.5000 -0.2117 -0.1694 -0.0360  0.5000
       3       4       3       4    ****
 -0.5000 -0.1694  0.0113  0.5000
       4       3       4    ****
   4   4   1   5   8   2   2
 -0.5000 -0.1946  0.4032  0.4554  0.5000
       3       4       8       1    ****
 -0.5000 -0.4992 -0.2346 -0.1694  0.0113  0.0489  0.0611  0.5000
       4       7       4       3       4       8       4    ****
 ... generation ...    6
   1   4   1   8   8   2   2
 -0.5000 -0.4992 -0.2346 -0.1694  0.0113  0.0489  0.0611  0.5000
       4       7       4       3       4       8       4    ****
 -0.5000 -0.1238  0.0113  0.0489  0.0611  0.2779  0.4447  0.5000
       7       3       4       8       4       8       3    ****
   2   1   2   8   3   2   2
 -0.5000 -0.1238  0.0113  0.0489  0.0611  0.3303  0.4554  0.5000
       7       3       4       8       4       8       1    ****
 -0.5000 -0.1946  0.5000
       3       4    ****
   3   4   3   7   5   2   2
 -0.5000 -0.1946 -0.0149  0.0113  0.0489  0.0611  0.5000
       3       4       3       4       8       4    ****
 -0.5000 -0.2117 -0.1694 -0.0360  0.5000
       3       4       3       4    ****
   4   3   4   4   5   2   2
 -0.5000 -0.1694  0.0113  0.5000
       4       3       4    ****
 -0.5000 -0.1946  0.4032  0.4554  0.5000
       3       4       8       1    ****
 ... generation ...    7
   1   1   3  10   5   2   2
 -0.5000 -0.4992 -0.2346 -0.1694  0.0113  0.0489  0.0611  0.2779  0.4081  0.5000
       4       7       4       3       4       8       4       8       4    ****
 -0.5000 -0.2117 -0.1694 -0.0360  0.5000
       3       4       3       4    ****
   2   4   1   4   8   2   2
 -0.5000 -0.1694  0.0113  0.5000
       4       3       4    ****
 -0.5000 -0.1238  0.0113  0.0489  0.0611  0.2779  0.2890  0.5000
       7       3       4       8       4       8       4    ****
   3   2   1   9   8   2   2
 -0.5000 -0.4197 -0.1238  0.0113  0.0489  0.0611  0.3303  0.4554  0.5000
       3       7       3       4       8       4       8       1    ****
 -0.5000 -0.1238  0.0113  0.0489  0.0611  0.2779  0.4447  0.5000
       7       3       4       8       4       8       3    ****
   4   3   2   9   4   2   2
 -0.5000 -0.2117 -0.1694 -0.0729 -0.0149  0.0113  0.0489  0.0611  0.5000
       3       4       3       4       3       4       8       4    ****
 -0.5000 -0.2335 -0.1946  0.5000
       7       3       4    ****
 ... generation ...    8
   1   4   1   5   8   2   2
 -0.5000 -0.3850 -0.2335 -0.1946  0.5000
       3       7       3       4    ****
 -0.5000 -0.4992 -0.2346 -0.1694  0.0113  0.0489  0.0611  0.5000
       4       7       4       3       4       8       4    ****
   2   4   3   9   9   2   2
 -0.5000 -0.2117 -0.1694 -0.0729 -0.0149  0.0113  0.0489  0.0611  0.5000
       3       4       3       4       3       4       8       4    ****
 -0.5000 -0.4197 -0.1238  0.0113  0.0489  0.0611  0.2779  0.4447  0.5000
       3       7       3       4       8       4       8       3    ****
   3   1   2   5   8   2   2
 -0.5000 -0.2117 -0.1694 -0.0360  0.5000
       3       4       3       4    ****
 -0.5000 -0.1238  0.0113  0.0489  0.0611  0.2779  0.2890  0.5000
       7       3       4       8       4       8       4    ****
   4   3   4   9   6   2   2
 -0.5000 -0.4197 -0.1238  0.0113  0.0489  0.0611  0.2779  0.4447  0.5000
       3       7       3       4       8       4       8       3    ****
 -0.5000 -0.2335 -0.1946  0.0489  0.0611  0.5000
       7       3       4       8       4    ****
 ... generation ...    9
   1   4   3  12   8   2   2
 -0.5000 -0.4902 -0.4858 -0.2335 -0.1946 -0.1108  0.0113  0.0489  0.0611  0.2779
       7       3       7       3       4       3       4       8       4       8
  0.4447  0.5000
       3    ****
 -0.5000 -0.1547 -0.0360  0.0489  0.0611  0.2779  0.2890  0.5000
       7       3       4       8       4       8       4    ****
   2   1   2   5   9   2   2
 -0.5000 -0.3850 -0.2335 -0.1946  0.5000
       3       7       3       4    ****
 -0.5000 -0.2130 -0.1238  0.0113  0.0489  0.0611  0.2779  0.4447  0.5000
       3       7       3       4       8       4       8       3    ****
   3   4   3   6   8   2   2
 -0.5000 -0.2335 -0.1946  0.0489  0.0611  0.5000
       7       3       4       8       4    ****
 -0.5000 -0.1238  0.0113  0.0489  0.0611  0.2779  0.2890  0.5000
       7       3       4       8       4       8       4    ****
   4   3   3   9   8   2   2
 -0.5000 -0.2117 -0.1694 -0.1341 -0.1238  0.0113  0.0489  0.0611  0.5000
       3       4       3       7       3       4       8       4    ****
 -0.5000 -0.1238  0.0113  0.0489  0.0611  0.2779  0.2890  0.5000
       7       3       4       8       4       8       4    ****
 ... generation ...   10
   1   4   3   8   8   2   2
 -0.5000 -0.1238  0.0113  0.0489  0.0611  0.2779  0.2890  0.5000
       7       3       4       8       4       8       4    ****
 -0.5000 -0.2335 -0.1946  0.0489  0.0611  0.2779  0.2890  0.5000
       7       3       4       8       4       8       4    ****
   2   2   3   5   5   2   2
 -0.5000 -0.3850 -0.2335 -0.1946  0.5000
       3       7       3       4    ****
 -0.5000 -0.1412  0.0489  0.0611  0.5000
       7       4       8       4    ****
   3   1   2  13  13   2   2
 -0.5000 -0.4902 -0.4858 -0.2335 -0.1946 -0.1556 -0.1547 -0.0360  0.0489  0.0611
       7       3       7       3       4       7       3       4       8       4
  0.2779  0.2890  0.5000
       8       4    ****
 -0.5000 -0.3850 -0.2809 -0.2130 -0.1238  0.0113  0.0489  0.0611  0.2779  0.3246
       3       7       3       7       3       4       8       4       8       4
  0.4150  0.4447  0.5000
       8       3    ****
   4   1   1  12  12   2   2
 -0.5000 -0.4902 -0.4858 -0.2335 -0.1946 -0.1108  0.0113  0.0489  0.0611  0.2779
       7       3       7       3       4       3       4       8       4       8
  0.4447  0.5000
       3    ****
 -0.5000 -0.4902 -0.4858 -0.2335 -0.1946 -0.1108  0.0113  0.0489  0.0611  0.2779
       7       3       7       3       4       3       4       8       4       8
  0.4447  0.5000
       3    ****
