  0   1   2   2
  0.0000  1.0000
       1       0
  0.0000  1.0000
       1       0
  0   2   2   2
  0.0000  1.0000
       1       0
  0.0000  1.0000
       1       0
  0   3   2   2
  0.0000  1.0000
       1       0
  0.0000  1.0000
       1       0
  0   4   2   2
  0.0000  1.0000
       2       0
  0.0000  1.0000
       1       0
  1   1   3   2
  0.0000  0.4936  1.0000
       1       2       0
  0.0000  1.0000
       1       0
  1   2   3   2
  0.0000  0.5641  1.0000
       2       1       0
  0.0000  1.0000
       1       0
  1   3   2   2
  0.0000  1.0000
       2       0
  0.0000  1.0000
       1       0
  1   4   3   2
  0.0000  0.1568  1.0000
       1       2       0
  0.0000  1.0000
       1       0
  2   1   3   2
  0.0000  0.6892  1.0000
       1       2       0
  0.0000  1.0000
       2       0
  2   2   2   4
  0.0000  1.0000
       1       0
  0.0000  0.3056  0.4233  1.0000
       1       2       1       0
  2   3   3   4
  0.0000  0.4489  1.0000
       2       1       0
  0.0000  0.4936  0.5461  1.0000
       1       2       1       0
  2   4   2   2
  0.0000  1.0000
       1       0
  0.0000  1.0000
       1       0
  3   1   3   4
  0.0000  0.4489  1.0000
       2       1       0
  0.0000  0.3056  0.4233  1.0000
       1       2       1       0
  3   2   4   4
  0.0000  0.4936  0.5461  1.0000
       1       2       1       0
  0.0000  0.3056  0.4233  1.0000
       1       2       1       0
  3   3   2   3
  0.0000  1.0000
       1       0
  0.0000  0.1235  1.0000
       1       2       0
  3   4   2   4
  0.0000  1.0000
       2       0
  0.0000  0.3271  0.4233  1.0000
       1       2       1       0
  4   1   4   3
  0.0000  0.4936  0.5461  1.0000
       1       2       1       0
  0.0000  0.4489  1.0000
       2       1       0
  4   2   3   4
  0.0000  0.4489  1.0000
       2       1       0
  0.0000  0.3271  0.4233  1.0000
       1       2       1       0
  4   3   4   4
  0.0000  0.3056  0.4233  1.0000
       1       2       1       0
  0.0000  0.4936  0.5461  1.0000
       1       2       1       0
  4   4   2   3
  0.0000  1.0000
       2       0
  0.0000  0.4489  1.0000
       2       1       0
  5   1   4   4
  0.0000  0.3056  0.4233  1.0000
       1       2       1       0
  0.0000  0.4936  0.5461  1.0000
       1       2       1       0
  5   2   4   2
  0.0000  0.4489  0.8213  1.0000
       2       1       2       0
  0.0000  1.0000
       2       0
  5   3   4   3
  0.0000  0.4489  0.7386  1.0000
       2       1       2       0
  0.0000  0.4489  1.0000
       2       1       0
  5   4   4   4
  0.0000  0.4936  0.5461  1.0000
       1       2       1       0
  0.0000  0.4936  0.5461  1.0000
       1       2       1       0
  6   1   4   2
  0.0000  0.4936  0.5461  1.0000
       1       2       1       0
  0.0000  1.0000
       2       0
  6   2   3   4
  0.0000  0.4489  1.0000
       2       1       0
  0.0000  0.4489  0.7386  1.0000
       2       1       2       0
  6   3   4   4
  0.0000  0.4489  0.8213  1.0000
       2       1       2       0
  0.0000  0.4936  0.5461  1.0000
       1       2       1       0
  6   4   4   4
  0.0000  0.4936  0.5461  1.0000
       1       2       1       0
  0.0000  0.4936  0.5461  1.0000
       1       2       1       0
  7   1   4   4
  0.0000  0.4489  0.8370  1.0000
       2       1       2       0
  0.0000  0.4936  0.5461  1.0000
       1       2       1       0
  7   2   3   4
  0.0000  0.4489  1.0000
       2       1       0
  0.0000  0.4936  0.5461  1.0000
       1       2       1       0
  7   3   6   3
  0.0000  0.4936  0.5461  0.6526  0.7574  1.0000
       1       2       1       2       1       0
  0.0000  0.2476  1.0000
       1       2       0
  7   4   3   3
  0.0000  0.7508  1.0000
       2       1       0
  0.0000  0.4454  1.0000
       1       2       0
  8   1   5   6
  0.0000  0.3624  0.4936  0.5461  1.0000
       2       1       2       1       0
  0.0000  0.4936  0.5461  0.6526  0.7574  1.0000
       1       2       1       2       1       0
  8   2   3   2
  0.0000  0.4489  1.0000
       2       1       0
  0.0000  1.0000
       1       0
  8   3   5   6
  0.0000  0.3975  0.4293  0.4489  1.0000
       2       1       2       1       0
  0.0000  0.4936  0.5461  0.6526  0.7574  1.0000
       1       2       1       2       1       0
  8   4   4   6
  0.0000  0.2476  0.9325  1.0000
       1       2       1       0
  0.0000  0.2476  0.5819  0.6526  0.7574  1.0000
       1       2       1       2       1       0
  9   1   6   6
  0.0000  0.0066  0.3975  0.4293  0.4489  1.0000
       1       2       1       2       1       0
  0.0000  0.1499  0.3624  0.4936  0.5461  1.0000
       1       2       1       2       1       0
  9   2   7   5
  0.0000  0.2188  0.4936  0.5461  0.6526  0.7574  1.0000
       2       1       2       1       2       1       0
  0.0000  0.3975  0.4293  0.4489  1.0000
       2       1       2       1       0
  9   3   6   5
  0.0000  0.4936  0.5461  0.6526  0.7574  1.0000
       1       2       1       2       1       0
  0.0000  0.3975  0.4293  0.4489  1.0000
       2       1       2       1       0
  9   4   3   4
  0.0000  0.4489  1.0000
       2       1       0
  0.0000  0.2476  0.9325  1.0000
       1       2       1       0
 10   1   5   4
  0.0000  0.3631  0.4293  0.4489  1.0000
       2       1       2       1       0
  0.0000  0.2476  0.9325  1.0000
       1       2       1       0
 10   2   7   5
  0.0000  0.2188  0.3704  0.3975  0.4293  0.4489  1.0000
       2       1       2       1       2       1       0
  0.0000  0.3975  0.4293  0.4489  1.0000
       2       1       2       1       0
 10   3   8   6
  0.0000  0.0066  0.0452  0.1499  0.3975  0.4293  0.4489  1.0000
       1       2       1       2       1       2       1       0
  0.0000  0.2476  0.4489  0.5358  0.9325  1.0000
       1       2       1       2       1       0
 10   4   7   5
  0.0000  0.2059  0.2476  0.4489  0.7702  0.9325  1.0000
       2       1       2       1       2       1       0
  0.0000  0.3975  0.4293  0.4489  1.0000
       2       1       2       1       0
