 ... generation ...    0
   1   0   0   2   2   2   2
 -0.5000  0.5000
       1    ****
 -0.5000  0.5000
       2    ****
   2   0   0   2   2   2   2
 -0.5000  0.5000
       3    ****
 -0.5000  0.5000
       4    ****
   3   0   0   2   2   2   2
 -0.5000  0.5000
       5    ****
 -0.5000  0.5000
       6    ****
   4   0   0   2   2   2   2
 -0.5000  0.5000
       7    ****
 -0.5000  0.5000
       8    ****
 ... generation ...    1
   1   4   3   2   3   2   2
 -0.5000  0.5000
       8    ****
 -0.5000  0.0830  0.5000
       5       6    ****
   2   4   3   2   2   2   2
 -0.5000  0.5000
       7    ****
 -0.5000  0.5000
       6    ****
   3   3   4   2   3   2   2
 -0.5000  0.5000
       6    ****
 -0.5000  0.3017  0.5000
       8       7    ****
   4   3   4   3   3   2   2
 -0.5000  0.0427  0.5000
       5       6    ****
 -0.5000  0.1115  0.5000
       8       7    ****
 ... generation ...    2
   1   2   4   3   4   2   2
 -0.5000  0.1740  0.5000
       6       7    ****
 -0.5000  0.0427  0.4155  0.5000
       5       6       7    ****
   2   2   2   3   4   2   2
 -0.5000  0.0561  0.5000
       6       7    ****
 -0.5000 -0.4557  0.1149  0.5000
       6       7       6    ****
   3   1   3   3   3   2   2
 -0.5000  0.3349  0.5000
       8       6    ****
 -0.5000  0.3017  0.5000
       8       7    ****
   4   2   3   2   2   2   2
 -0.5000  0.5000
       6    ****
 -0.5000  0.5000
       6    ****
 ... generation ...    3
   1   2   2   4   5   2   2
 -0.5000 -0.1653  0.1149  0.5000
       6       7       6    ****
 -0.5000 -0.4557 -0.4527  0.0561  0.5000
       6       7       6       7    ****
   2   3   3   3   4   2   2
 -0.5000  0.3017  0.5000
       8       7    ****
 -0.5000  0.3017  0.4236  0.5000
       8       7       6    ****
   3   3   1   3   5   2   2
 -0.5000  0.3349  0.5000
       8       6    ****
 -0.5000  0.1740  0.3934  0.4155  0.5000
       6       7       6       7    ****
   4   3   4   3   2   2   2
 -0.5000  0.3349  0.5000
       8       6    ****
 -0.5000  0.5000
       6    ****
 ... generation ...    4
   1   4   3   3   3   2   2
 -0.5000 -0.3147  0.5000
       8       6    ****
 -0.5000  0.3349  0.5000
       8       6    ****
   2   3   4   6   5   2   2
 -0.5000 -0.4393  0.1740  0.3934  0.4155  0.5000
       8       6       7       6       7    ****
 -0.5000 -0.0524 -0.0098  0.3349  0.5000
       8       6       8       6    ****
   3   3   2   3   3   2   2
 -0.5000  0.3349  0.5000
       8       6    ****
 -0.5000  0.3017  0.5000
       8       7    ****
   4   1   4   5   3   2   2
 -0.5000 -0.4557 -0.4527  0.0561  0.5000
       6       7       6       7    ****
 -0.5000  0.3349  0.5000
       8       6    ****
 ... generation ...    5
   1   2   1   6   5   2   2
 -0.5000 -0.4393  0.1740  0.3934  0.4155  0.5000
       8       6       7       6       7    ****
 -0.5000 -0.2875  0.0324  0.1147  0.5000
       8       6       8       6    ****
   2   1   3   3   3   2   2
 -0.5000 -0.3147  0.5000
       8       6    ****
 -0.5000  0.3017  0.5000
       8       7    ****
   3   1   1   3   5   2   2
 -0.5000  0.3349  0.5000
       8       6    ****
 -0.5000 -0.3147 -0.0318  0.3349  0.5000
       8       6       8       6    ****
   4   3   4   4   7   2   2
 -0.5000  0.3349  0.4020  0.5000
       8       6       7    ****
 -0.5000 -0.4557 -0.4527  0.0561  0.3023  0.3349  0.5000
       6       7       6       7       8       6    ****
 ... generation ...    6
   1   4   4   4   7   2   2
 -0.5000  0.3349  0.4020  0.5000
       8       6       7    ****
 -0.5000 -0.4557 -0.4527 -0.0339  0.3349  0.4020  0.5000
       6       7       6       8       6       7    ****
   2   1   2   6   3   2   2
 -0.5000 -0.4393  0.1740  0.3934  0.4155  0.5000
       8       6       7       6       7    ****
 -0.5000  0.3017  0.5000
       8       7    ****
   3   3   3   5   5   2   2
 -0.5000 -0.2302 -0.0318  0.3349  0.5000
       8       6       8       6    ****
 -0.5000 -0.3147 -0.0318  0.3349  0.5000
       8       6       8       6    ****
   4   4   3   7   3   2   2
 -0.5000 -0.4806 -0.0954  0.0561  0.3023  0.3349  0.5000
       6       8       6       7       8       6    ****
 -0.5000  0.3349  0.5000
       8       6    ****
 ... generation ...    7
   1   3   4   5   7   2   2
 -0.5000 -0.2302 -0.0318  0.3349  0.5000
       8       6       8       6    ****
 -0.5000 -0.4806 -0.0954  0.0561  0.3023  0.3349  0.5000
       6       8       6       7       8       6    ****
   2   1   3   7   5   2   2
 -0.5000 -0.4557 -0.4527 -0.0339  0.3349  0.4020  0.5000
       6       7       6       8       6       7    ****
 -0.5000 -0.2302 -0.0318  0.3349  0.5000
       8       6       8       6    ****
   3   4   1   4   6   2   2
 -0.5000 -0.4806  0.3349  0.5000
       6       8       6    ****
 -0.5000 -0.4337 -0.0339  0.3349  0.4020  0.5000
       8       6       8       6       7    ****
   4   2   3   5   5   2   2
 -0.5000 -0.4393 -0.4091  0.3017  0.5000
       8       6       8       7    ****
 -0.5000 -0.3147 -0.0318  0.3349  0.5000
       8       6       8       6    ****
 ... generation ...    8
   1   1   3   6   7   2   2
 -0.5000 -0.0954  0.0561  0.3023  0.3349  0.5000
       8       6       7       8       6    ****
 -0.5000 -0.4806 -0.1159 -0.0339  0.3349  0.4885  0.5000
       6       8       6       8       6       7    ****
   2   2   2   9   5   2   2
 -0.5000 -0.4874 -0.4557 -0.4527 -0.0339  0.3349  0.4020  0.4987  0.5000
       8       6       7       6       8       6       7       6    ****
 -0.5000 -0.2302 -0.0318  0.3349  0.5000
       8       6       8       6    ****
   3   4   2   6   5   2   2
 -0.5000 -0.3147 -0.0318  0.3349  0.4476  0.5000
       8       6       8       6       7    ****
 -0.5000 -0.2302 -0.0318  0.3349  0.5000
       8       6       8       6    ****
   4   1   1   5   8   2   2
 -0.5000 -0.2302 -0.0318  0.3349  0.5000
       8       6       8       6    ****
 -0.5000 -0.2302 -0.1819 -0.0954  0.0561  0.3023  0.3349  0.5000
       8       6       8       6       7       8       6    ****
 ... generation ...    9
   1   3   2   6   7   2   2
 -0.5000 -0.3147 -0.0318  0.3349  0.4476  0.5000
       8       6       8       6       7    ****
 -0.5000 -0.4874 -0.4557 -0.4527 -0.0339  0.3349  0.5000
       8       6       7       6       8       6    ****
   2   3   1   6   6   2   2
 -0.5000 -0.3147 -0.0318  0.3349  0.4476  0.5000
       8       6       8       6       7    ****
 -0.5000 -0.1159 -0.0339  0.3349  0.4885  0.5000
       8       6       8       6       7    ****
   3   3   4   6   8   2   2
 -0.5000 -0.3147 -0.0318  0.3349  0.4476  0.5000
       8       6       8       6       7    ****
 -0.5000 -0.2302 -0.1819 -0.0954  0.0561  0.3023  0.3349  0.5000
       8       6       8       6       7       8       6    ****
   4   4   4   9   7   2   2
 -0.5000 -0.2302 -0.1819 -0.0954 -0.0045  0.0966  0.1169  0.3349  0.5000
       8       6       8       6       8       7       8       6    ****
 -0.5000 -0.2302 -0.0318  0.2597  0.2856  0.3349  0.5000
       8       6       8       7       8       6    ****
 ... generation ...   10
   1   2   4   6  11   2   2
 -0.5000 -0.3147 -0.0318  0.3349  0.4476  0.5000
       8       6       8       6       7    ****
 -0.5000 -0.2302 -0.1819 -0.0954 -0.0261  0.0966  0.1169  0.2597  0.2856  0.3349
       8       6       8       6       8       7       8       7       8       6
  0.5000
    ****
   2   2   2   6   6   2   2
 -0.5000 -0.3147 -0.0318  0.3349  0.4476  0.5000
       8       6       8       6       7    ****
 -0.5000 -0.3147 -0.0318  0.3349  0.4476  0.5000
       8       6       8       6       7    ****
   3   2   3   6   6   2   2
 -0.5000 -0.1159 -0.0318  0.3349  0.4885  0.5000
       8       6       8       6       7    ****
 -0.5000 -0.3147 -0.0318  0.3349  0.4476  0.5000
       8       6       8       6       7    ****
   4   3   4   8   9   2   2
 -0.5000 -0.2302 -0.1819 -0.0954  0.0561  0.3023  0.3349  0.5000
       8       6       8       6       7       8       6    ****
 -0.5000 -0.2302 -0.1819 -0.0954 -0.0045  0.0966  0.1169  0.3349  0.5000
       8       6       8       6       8       7       8       6    ****
