 ... generation ...    0
   1   0   0   2   2   2   2
  0.0000  1.0000
       1    ****
  0.0000  1.0000
       2    ****
  0.0000  1.0000
       0    ****
  0.0000  1.0000
       0    ****
   2   0   0   2   2   2   2
  0.0000  1.0000
       3    ****
  0.0000  1.0000
       4    ****
  0.0000  1.0000
       0    ****
  0.0000  1.0000
       0    ****
   3   0   0   2   2   2   2
  0.0000  1.0000
       5    ****
  0.0000  1.0000
       6    ****
  0.0000  1.0000
       0    ****
  0.0000  1.0000
       0    ****
   4   0   0   2   2   2   2
  0.0000  1.0000
       7    ****
  0.0000  1.0000
       8    ****
  0.0000  1.0000
       0    ****
  0.0000  1.0000
       0    ****
 ... generation ...    1
   1   4   1   2   5   2   2
  0.0000  1.0000
       7    ****
  0.0000  0.6574  0.6762  0.8890  1.0000
       1       2       1       2    ****
  0.0000  1.0000
       0    ****
  0.0000  1.0000
       0    ****
   2   2   1   2   6   2   2
  0.0000  1.0000
       3    ****
  0.0000  0.1794  0.3470  0.9826  0.9872  1.0000
       2       1       2       1       2    ****
  0.0000  1.0000
       0    ****
  0.0000  1.0000
       0    ****
   3   4   4   3   3   2   2
  0.0000  0.0006  1.0000
       7       8    ****
  0.0000  0.0238  1.0000
       8       7    ****
  0.0000  1.0000
       0    ****
  0.0000  1.0000
       0    ****
   4   3   3   2   3   2   3
  0.0000  1.0000
       6    ****
  0.0000  0.2369  1.0000
       5       6    ****
  0.0000  1.0000
       1    ****
  0.0000  0.2369  1.0000
      -1       1    ****
 ... generation ...    2
   1   4   3   3   3   3   2
  0.0000  0.2369  1.0000
       5       6    ****
  0.0000  0.0006  1.0000
       7       8    ****
  0.0000  0.2369  1.0000
      -1       0    ****
  0.0000  1.0000
       0    ****
   2   3   4   6   3   2   3
  0.0000  0.0006  0.0442  0.8753  0.8853  1.0000
       7       8       7       8       7    ****
  0.0000  0.2369  1.0000
       5       6    ****
  0.0000  1.0000
       0    ****
  0.0000  0.2369  1.0000
      -1       0    ****
   3   3   1   3   4   2   2
  0.0000  0.0006  1.0000
       7       8    ****
  0.0000  0.4092  0.4506  1.0000
       7       1       7    ****
  0.0000  1.0000
       0    ****
  0.0000  1.0000
       0    ****
   4   3   2   3   6   2   2
  0.0000  0.0006  1.0000
       7       8    ****
  0.0000  0.2689  0.3470  0.9826  0.9872  1.0000
       3       1       2       1       2    ****
  0.0000  1.0000
       0    ****
  0.0000  1.0000
       0    ****
 ... generation ...    3
   1   4   2   8   5   2   4
  0.0000  0.0006  0.1597  0.2689  0.3470  0.9826  0.9872  1.0000
       7       8       3       1       2       1       2    ****
  0.0000  0.0006  0.0442  0.4732  1.0000
       7       8       7       6    ****
  0.0000  1.0000
       0    ****
  0.0000  0.2369  0.4732  1.0000
       0      -1       1    ****
   2   3   1   6   6   2   4
  0.0000  0.0006  0.1117  0.4092  0.4506  1.0000
       7       8       7       1       7    ****
  0.0000  0.0006  0.1062  0.2369  0.7804  1.0000
       7       8       5       6       8    ****
  0.0000  1.0000
       0    ****
  0.0000  0.2369  0.7804  1.0000
       0       1      -1    ****
   3   3   2   5   3   2   3
  0.0000  0.0006  0.6736  0.7001  1.0000
       7       8       7       8    ****
  0.0000  0.2369  1.0000
       5       6    ****
  0.0000  1.0000
       0    ****
  0.0000  0.2369  1.0000
       0       1    ****
   4   2   4   6   3   3   2
  0.0000  0.0006  0.0442  0.8753  0.8853  1.0000
       7       8       7       8       7    ****
  0.0000  0.0006  1.0000
       7       8    ****
  0.0000  0.2369  1.0000
       0      -1    ****
  0.0000  1.0000
       0    ****
 ... generation ...    4
   1   3   2   7   6   5   4
  0.0000  0.2318  0.5136  0.5479  0.6736  0.7001  1.0000
       5       8       6       8       7       8    ****
  0.0000  0.0006  0.1062  0.2369  0.7804  1.0000
       7       8       5       6       8    ****
  0.0000  0.2369  0.5136  0.5479  1.0000
       0      -1       1      -1    ****
  0.0000  0.2369  0.7804  1.0000
       0       1       0    ****
   2   3   2   5   7   3   4
  0.0000  0.0006  0.1983  0.2369  1.0000
       7       8       5       6    ****
  0.0000  0.0006  0.1117  0.4092  0.4506  0.8509  1.0000
       7       8       7       1       7       8    ****
  0.0000  0.2369  1.0000
       0       1    ****
  0.0000  0.2369  0.7804  1.0000
       0      -1       0    ****
   3   2   3   7   4   4   4
  0.0000  0.0006  0.1117  0.4092  0.4506  0.8605  1.0000
       7       8       7       1       7       8    ****
  0.0000  0.2369  0.9861  1.0000
       5       6       8    ****
  0.0000  0.2369  0.7804  1.0000
       0      -1       0    ****
  0.0000  0.2369  0.9861  1.0000
       0       1      -1    ****
   4   4   2   8   6   2   4
  0.0000  0.0006  0.0442  0.6662  0.8515  0.8753  0.8853  1.0000
       7       8       7       8       7       8       7    ****
  0.0000  0.0006  0.1117  0.4092  0.4506  1.0000
       7       8       7       1       7    ****
  0.0000  1.0000
       0    ****
  0.0000  0.2369  0.7804  1.0000
       0      -1       0    ****
 ... generation ...    5
   1   3   4   8  10   6   2
  0.0000  0.0006  0.1117  0.2963  0.4308  0.4506  0.8605  1.0000
       7       8       7       6       1       7       8    ****
  0.0000  0.0006  0.1117  0.4092  0.4506  0.6662  0.8515  0.8753  0.8853  1.0000
       7       8       7       1       7       8       7       8       7    ****
  0.0000  0.2369  0.2963  0.4308  0.9861  1.0000
       0      -1       1      -1       0    ****
  0.0000  1.0000
       0    ****
   2   3   2   7   7   4   4
  0.0000  0.0006  0.1117  0.4092  0.4506  0.8605  1.0000
       7       8       7       1       7       8    ****
  0.0000  0.0006  0.1983  0.2369  0.4880  0.8509  1.0000
       7       8       5       6       7       8    ****
  0.0000  0.2369  0.9861  1.0000
       0      -1       0    ****
  0.0000  0.2369  0.4880  1.0000
       0       1      -1    ****
   3   2   2   9   7   6   3
  0.0000  0.0006  0.1117  0.4092  0.4506  0.5301  0.6309  0.8280  1.0000
       7       8       7       1       7       6       7       6    ****
  0.0000  0.0006  0.1117  0.4092  0.4506  0.8509  1.0000
       7       8       7       1       7       8    ****
  0.0000  0.2369  0.5301  0.6309  0.8280  1.0000
       0      -1       1      -1       1    ****
  0.0000  0.2369  1.0000
       0      -1    ****
   4   4   1   8   6   2   6
  0.0000  0.0006  0.0442  0.6662  0.8515  0.8753  0.8853  1.0000
       7       8       7       8       7       8       7    ****
  0.0000  0.0006  0.1062  0.2369  0.7804  1.0000
       7       8       5       6       8    ****
  0.0000  1.0000
       0    ****
  0.0000  0.2369  0.5136  0.5479  0.7804  1.0000
       0       1       0       1       0    ****
 ... generation ...    6
   1   4   1  10  10   5   4
  0.0000  0.0006  0.1062  0.2369  0.6137  0.6662  0.8515  0.8753  0.8853  1.0000
       7       8       5       6       7       8       7       8       7    ****
  0.0000  0.0006  0.1117  0.4092  0.4506  0.6662  0.8515  0.8753  0.8853  1.0000
       7       8       7       1       7       8       7       8       7    ****
  0.0000  0.2369  0.6137  0.7804  1.0000
       0       1      -1       0    ****
  0.0000  0.2963  0.4308  1.0000
       0      -1       0    ****
   2   3   4   7   7   5   5
  0.0000  0.0006  0.1117  0.4092  0.4506  0.8509  1.0000
       7       8       7       1       7       8    ****
  0.0000  0.0006  0.0442  0.6662  0.7015  0.7804  1.0000
       7       8       7       8       6       8    ****
  0.0000  0.5301  0.6309  0.8280  1.0000
       0      -1       0      -1    ****
  0.0000  0.2369  0.7015  0.7804  1.0000
       0      -1       1       0    ****
   3   1   1   8  12   4   4
  0.0000  0.0006  0.1117  0.2963  0.4308  0.4506  0.8605  1.0000
       7       8       7       6       1       7       8    ****
  0.0000  0.0006  0.1117  0.2963  0.4308  0.4506  0.6662  0.8515  0.8753  0.8853
       7       8       7       6       1       7       8       7       8       7
  0.9147  1.0000
       8    ****
  0.0000  0.2963  0.4308  1.0000
       0       1       0    ****
  0.0000  0.2963  0.4308  1.0000
       0       1       0    ****
   4   3   3   7   9   5   5
  0.0000  0.0006  0.1117  0.4092  0.4506  0.8509  1.0000
       7       8       7       1       7       8    ****
  0.0000  0.0006  0.1117  0.4092  0.4506  0.5301  0.6309  0.8280  1.0000
       7       8       7       1       7       6       7       6    ****
  0.0000  0.5301  0.6309  0.8280  1.0000
       0      -1       0      -1    ****
  0.0000  0.5301  0.6309  0.8280  1.0000
       0       1       0       1    ****
 ... generation ...    7
   1   3   4  12   7   2   5
  0.0000  0.0006  0.1117  0.2963  0.4308  0.4506  0.6662  0.8515  0.8753  0.8853
       7       8       7       6       1       7       8       7       8       7
  0.9147  1.0000
       8    ****
  0.0000  0.0006  0.1117  0.4092  0.4506  0.8509  1.0000
       7       8       7       1       7       8    ****
  0.0000  1.0000
       0    ****
  0.0000  0.5301  0.6309  0.8280  1.0000
       0      -1       0      -1    ****
   2   1   2  10   7   6   4
  0.0000  0.0006  0.1117  0.3626  0.5913  0.6662  0.8515  0.8753  0.8853  1.0000
       7       8       7       6       7       8       7       8       7    ****
  0.0000  0.0006  0.1117  0.4092  0.4506  0.8509  1.0000
       7       8       7       1       7       8    ****
  0.0000  0.2369  0.3626  0.5913  0.6137  1.0000
       0      -1       1      -1       0    ****
  0.0000  0.7015  0.7804  1.0000
       0      -1       0    ****
   3   1   4  11   7   4   5
  0.0000  0.0006  0.1062  0.1610  0.4092  0.4506  0.6662  0.8515  0.8753  0.8853
       7       8       5       7       1       7       8       7       8       7
  1.0000
    ****
  0.0000  0.0006  0.1117  0.4092  0.4506  0.8280  1.0000
       7       8       7       1       7       6    ****
  0.0000  0.2369  0.6137  1.0000
       0      -1       0    ****
  0.0000  0.5301  0.6309  0.8280  1.0000
       0      -1       0       1    ****
   4   2   1   7  10   4   4
  0.0000  0.0006  0.0442  0.6662  0.7015  0.7804  1.0000
       7       8       7       8       6       8    ****
  0.0000  0.0006  0.1117  0.4092  0.4506  0.6662  0.8515  0.8753  0.8853  1.0000
       7       8       7       1       7       8       7       8       7    ****
  0.0000  0.7015  0.7804  1.0000
       0       1       0    ****
  0.0000  0.2369  0.6137  1.0000
       0      -1       0    ****
 ... generation ...    8
   1   4   3   7  11   4   4
  0.0000  0.0006  0.0442  0.6662  0.7015  0.7804  1.0000
       7       8       7       8       6       8    ****
  0.0000  0.0006  0.1117  0.4092  0.4506  0.8280  0.8444  0.8515  0.8753  0.8853
       7       8       7       1       7       6       8       7       8       7
  1.0000
    ****
  0.0000  0.7015  0.7804  1.0000
       0       1       0    ****
  0.0000  0.8280  0.8444  1.0000
       0       1      -1    ****
   2   1   2   7   7   4   4
  0.0000  0.0006  0.1117  0.4092  0.4506  0.8509  1.0000
       7       8       7       1       7       8    ****
  0.0000  0.0006  0.1117  0.4092  0.4506  0.8509  1.0000
       7       8       7       1       7       8    ****
  0.0000  0.2963  0.4308  1.0000
       0      -1       0    ****
  0.0000  0.3626  0.5913  1.0000
       0      -1       0    ****
   3   4   2   7   9   4   4
  0.0000  0.0006  0.1117  0.4092  0.4506  0.6662  1.0000
       7       8       7       1       7       8    ****
  0.0000  0.0006  0.1117  0.4092  0.4506  0.6662  0.6858  0.8509  1.0000
       7       8       7       1       7       8       7       8    ****
  0.0000  0.7015  0.7804  1.0000
       0      -1       0    ****
  0.0000  0.3626  0.5913  1.0000
       0      -1       0    ****
   4   4   4   7   9   4   5
  0.0000  0.0006  0.1117  0.6662  0.7015  0.7804  1.0000
       7       8       7       8       6       8    ****
  0.0000  0.0006  0.1117  0.4092  0.4506  0.6662  0.7406  0.7804  1.0000
       7       8       7       1       7       8       6       8    ****
  0.0000  0.7015  0.7804  1.0000
       0       1       0    ****
  0.0000  0.7015  0.7406  0.7804  1.0000
       0      -1       1       0    ****
 ... generation ...    9
   1   1   4   7   9   6   4
  0.0000  0.0006  0.0442  0.6662  0.7015  0.7804  1.0000
       7       8       7       8       6       8    ****
  0.0000  0.0006  0.1117  0.4092  0.4506  0.6662  0.7406  0.7804  1.0000
       7       8       7       1       7       8       6       8    ****
  0.0000  0.7015  0.7804  0.8280  0.8444  1.0000
       0       1       0      -1       0    ****
  0.0000  0.7015  0.7406  1.0000
       0      -1       0    ****
   2   3   2   9   7   2   2
  0.0000  0.0006  0.1117  0.4092  0.4506  0.6662  0.6858  0.7590  1.0000
       7       8       7       1       7       8       7       8    ****
  0.0000  0.0006  0.1117  0.4092  0.4506  0.8509  1.0000
       7       8       7       1       7       8    ****
  0.0000  1.0000
       0    ****
  0.0000  1.0000
       0    ****
   3   3   2   9   7   2   2
  0.0000  0.0006  0.1117  0.4092  0.4506  0.6662  0.6858  0.8509  1.0000
       7       8       7       1       7       8       7       8    ****
  0.0000  0.0006  0.1117  0.4092  0.4506  0.8509  1.0000
       7       8       7       1       7       8    ****
  0.0000  1.0000
       0    ****
  0.0000  1.0000
       0    ****
   4   1   1   7  11   6   6
  0.0000  0.0006  0.0442  0.6662  0.7015  0.7804  1.0000
       7       8       7       8       6       8    ****
  0.0000  0.0006  0.1117  0.4092  0.4506  0.8280  0.8444  0.8515  0.8753  0.8853
       7       8       7       1       7       6       8       7       8       7
  1.0000
    ****
  0.0000  0.7015  0.7804  0.8280  0.8444  1.0000
       0       1       0      -1       0    ****
  0.0000  0.7015  0.7804  0.8280  0.8444  1.0000
       0      -1       0       1       0    ****
 ... generation ...   10
   1   3   2   9   9   2   2
  0.0000  0.0006  0.1117  0.4092  0.4506  0.6662  0.6858  0.8509  1.0000
       7       8       7       1       7       8       7       8    ****
  0.0000  0.0006  0.1117  0.4092  0.4506  0.6662  0.6858  0.7590  1.0000
       7       8       7       1       7       8       7       8    ****
  0.0000  1.0000
       0    ****
  0.0000  1.0000
       0    ****
   2   3   4   9   9   2   7
  0.0000  0.0006  0.1117  0.4092  0.4506  0.6662  0.6858  0.8509  1.0000
       7       8       7       1       7       8       7       8    ****
  0.0000  0.0006  0.1117  0.4092  0.4506  0.7201  0.7804  0.9534  1.0000
       7       8       7       1       7       6       8       7    ****
  0.0000  1.0000
       0    ****
  0.0000  0.7015  0.7201  0.7804  0.8280  0.8444  1.0000
       0      -1       1       0      -1       0    ****
   3   4   3  11   9   6   2
  0.0000  0.0006  0.0442  0.4092  0.4506  0.8280  0.8444  0.8515  0.8753  0.8853
       7       8       7       1       7       6       8       7       8       7
  1.0000
    ****
  0.0000  0.0006  0.1117  0.4092  0.4506  0.6662  0.6858  0.8509  1.0000
       7       8       7       1       7       8       7       8    ****
  0.0000  0.7015  0.7804  0.8280  0.8444  1.0000
       0      -1       0       1       0    ****
  0.0000  1.0000
       0    ****
   4   2   4   9   7   2   6
  0.0000  0.0006  0.1117  0.4092  0.4506  0.6662  0.6858  0.7590  1.0000
       7       8       7       1       7       8       7       8    ****
  0.0000  0.0006  0.0442  0.6662  0.7015  0.7804  1.0000
       7       8       7       8       6       8    ****
  0.0000  1.0000
       0    ****
  0.0000  0.7015  0.7804  0.8280  0.8444  1.0000
       0       1       0      -1       0    ****
