  0   1   2   2
  0.0000  0.5000
       1       0
  0.0000  0.5000
       2       0
  0   2   2   2
  0.0000  0.5000
       3       0
  0.0000  0.5000
       4       0
  0   3   2   2
  0.0000  0.5000
       5       0
  0.0000  0.5000
       6       0
  0   4   2   2
  0.0000  0.5000
       7       0
  0.0000  0.5000
       8       0
  0   5   2   2
  0.0000  0.5000
       9       0
  0.0000  0.5000
      10       0
  0   6   2   2
  0.0000  0.5000
      11       0
  0.0000  0.5000
      12       0
  0   7   2   2
  0.0000  0.5000
      13       0
  0.0000  0.5000
      14       0
  0   8   2   2
  0.0000  0.5000
      15       0
  0.0000  0.5000
      16       0
  0   9   2   2
  0.0000  0.5000
      17       0
  0.0000  0.5000
      18       0
  0  10   2   2
  0.0000  0.5000
      19       0
  0.0000  0.5000
      20       0
  1   1   3   2
  0.0000  0.4845  0.5000
       5       6       0
  0.0000  0.5000
       4       0
  1   2   3   3
  0.0000  0.2526  0.5000
      11      12       0
  0.0000  0.2949  0.5000
       8       7       0
  1   3   2   2
  0.0000  0.5000
       5       0
  0.0000  0.5000
      14       0
  1   4   2   4
  0.0000  0.5000
      15       0
  0.0000  0.1641  0.4201  0.5000
      19      20      19       0
  1   5   2   2
  0.0000  0.5000
       2       0
  0.0000  0.5000
       5       0
  1   6   2   3
  0.0000  0.5000
      19       0
  0.0000  0.0924  0.5000
      11      12       0
  1   7   3   3
  0.0000  0.4968  0.5000
      18      17       0
  0.0000  0.1253  0.5000
       1       2       0
  1   8   2   4
  0.0000  0.5000
       2       0
  0.0000  0.2873  0.4019  0.5000
      15      16      15       0
  1   9   2   2
  0.0000  0.5000
       6       0
  0.0000  0.5000
       1       0
  1  10   2   2
  0.0000  0.5000
      12       0
  0.0000  0.5000
      10       0
  2   1   3   4
  0.0000  0.4968  0.5000
      18      17       0
  0.0000  0.0233  0.4903  0.5000
       5       4       6       0
  2   2   4   2
  0.0000  0.1641  0.1860  0.5000
      19      20      15       0
  0.0000  0.5000
      12       0
  2   3   4   2
  0.0000  0.1641  0.4201  0.5000
      19      20      19       0
  0.0000  0.5000
       6       0
  2   4   3   3
  0.0000  0.4968  0.5000
      18      17       0
  0.0000  0.2949  0.5000
       8       7       0
  2   5   2   4
  0.0000  0.5000
       2       0
  0.0000  0.4135  0.4201  0.5000
      15      20      19       0
  2   6   5   2
  0.0000  0.1253  0.3019  0.4967  0.5000
       1       2      18       2       0
  0.0000  0.5000
       6       0
  2   7   2   2
  0.0000  0.5000
       1       0
  0.0000  0.5000
      14       0
  2   8   3   2
  0.0000  0.2905  0.5000
       5       2       0
  0.0000  0.5000
       4       0
  2   9   3   3
  0.0000  0.4845  0.5000
       5       6       0
  0.0000  0.4809  0.5000
       5      14       0
  2  10   4   2
  0.0000  0.2873  0.4019  0.5000
      15      16      15       0
  0.0000  0.5000
       5       0
  3   1   4   2
  0.0000  0.3292  0.4903  0.5000
      18       4       6       0
  0.0000  0.5000
       1       0
  3   2   5   7
  0.0000  0.0233  0.1907  0.4968  0.5000
       5       4      18      17       0
  0.0000  0.1046  0.1350  0.1641  0.4201  0.4610  0.5000
      19       6      19      20      19       6       0
  3   3   6   4
  0.0000  0.0132  0.2949  0.4783  0.4968  0.5000
      18       8       7      18      17       0
  0.0000  0.1641  0.2465  0.5000
      19      20       6       0
  3   4   2   5
  0.0000  0.5000
       6       0
  0.0000  0.0242  0.1641  0.2632  0.5000
       6      19      20       6       0
  3   5   3   2
  0.0000  0.1079  0.5000
      15       2       0
  0.0000  0.5000
       5       0
  3   6   3   3
  0.0000  0.4968  0.5000
      18      17       0
  0.0000  0.3129  0.5000
       1      14       0
  3   7   3   6
  0.0000  0.4968  0.5000
      18      17       0
  0.0000  0.1018  0.1470  0.2873  0.4019  0.5000
      15       5      15      16      15       0
  3   8   3   3
  0.0000  0.4157  0.5000
       4       2       0
  0.0000  0.4809  0.5000
       5      14       0
  3   9   3   4
  0.0000  0.2949  0.5000
       8       7       0
  0.0000  0.2676  0.3503  0.5000
       1      14       1       0
  3  10   4   5
  0.0000  0.1641  0.1860  0.5000
      19      20      15       0
  0.0000  0.0214  0.1960  0.3608  0.5000
       1      14       1      14       0
  4   1   4   3
  0.0000  0.2676  0.3503  0.5000
       1      14       1       0
  0.0000  0.4809  0.5000
       5      14       0
  4   2   2   4
  0.0000  0.5000
       6       0
  0.0000  0.1641  0.2465  0.5000
      19      20       6       0
  4   3   7   4
  0.0000  0.1641  0.2465  0.3780  0.4783  0.4968  0.5000
      19      20       6       7      18      17       0
  0.0000  0.0195  0.1079  0.5000
       5      15       2       0
  4   4   6   4
  0.0000  0.0132  0.2949  0.4783  0.4968  0.5000
      18       8       7      18      17       0
  0.0000  0.1079  0.3798  0.5000
      15       2       5       0
  4   5   2   5
  0.0000  0.5000
       5       0
  0.0000  0.2149  0.4773  0.4903  0.5000
      18       1       4       6       0
  4   6   3   2
  0.0000  0.4968  0.5000
      18      17       0
  0.0000  0.5000
       1       0
  4   7   3   3
  0.0000  0.3836  0.5000
       5       2       0
  0.0000  0.4157  0.5000
       4       2       0
  4   8   3   7
  0.0000  0.2949  0.5000
       8       7       0
  0.0000  0.1046  0.1350  0.1641  0.3531  0.4968  0.5000
      19       6      19      20      18      17       0
  4   9   7   3
  0.0000  0.1046  0.1350  0.1641  0.3087  0.4968  0.5000
      19       6      19      20      18      17       0
  0.0000  0.4968  0.5000
      18      17       0
  4  10   3   5
  0.0000  0.3129  0.5000
       1      14       0
  0.0000  0.0233  0.1907  0.4968  0.5000
       5       4      18      17       0
  5   1   7   3
  0.0000  0.1046  0.1350  0.1641  0.3087  0.4968  0.5000
      19       6      19      20      18      17       0
  0.0000  0.4157  0.5000
       4       2       0
  5   2   4   5
  0.0000  0.1641  0.2465  0.5000
      19      20       6       0
  0.0000  0.0233  0.1907  0.4968  0.5000
       5       4      18      17       0
  5   3   3   3
  0.0000  0.4809  0.5000
       5      14       0
  0.0000  0.4157  0.5000
       4       2       0
  5   4   2   5
  0.0000  0.5000
       6       0
  0.0000  0.2626  0.3087  0.4968  0.5000
      18      20      18      17       0
  5   5   5   2
  0.0000  0.0546  0.1513  0.4157  0.5000
       4       5       4       2       0
  0.0000  0.5000
       1       0
  5   6   5   2
  0.0000  0.0233  0.1907  0.4968  0.5000
       5       4      18      17       0
  0.0000  0.5000
       5       0
  5   7   4   6
  0.0000  0.2676  0.3503  0.5000
       1      14       1       0
  0.0000  0.2949  0.3513  0.3531  0.4968  0.5000
       8       7      20      18      17       0
  5   8   2   5
  0.0000  0.5000
       6       0
  0.0000  0.2072  0.2197  0.4157  0.5000
       4       5       4       2       0
  5   9   8   4
  0.0000  0.0195  0.1079  0.3333  0.3780  0.4783  0.4968  0.5000
       5      15       2       6       7      18      17       0
  0.0000  0.0195  0.1079  0.5000
       5      15       2       0
  5  10   4   4
  0.0000  0.0697  0.4968  0.5000
       1      18      17       0
  0.0000  0.3110  0.4968  0.5000
       1      18      17       0
  6   1   5   5
  0.0000  0.2072  0.2197  0.4157  0.5000
       4       5       4       2       0
  0.0000  0.0233  0.1907  0.4968  0.5000
       5       4      18      17       0
  6   2   5   6
  0.0000  0.2626  0.3087  0.4968  0.5000
      18      20      18      17       0
  0.0000  0.2072  0.2104  0.3236  0.4157  0.5000
       4       5       6       4       2       0
  6   3   4   5
  0.0000  0.0594  0.4809  0.5000
       4       5      14       0
  0.0000  0.1430  0.2676  0.3503  0.5000
       8       1      14       1       0
  6   4   9   5
  0.0000  0.0743  0.2462  0.2676  0.3430  0.3513  0.3531  0.4968  0.5000
       1       8       1      14       7      20      18      17       0
  0.0000  0.0233  0.1907  0.4043  0.5000
       5       4      18       6       0
  6   5   4   2
  0.0000  0.2021  0.4968  0.5000
       1      18      17       0
  0.0000  0.5000
       6       0
  6   6   5   3
  0.0000  0.0546  0.1513  0.2445  0.5000
       4       5       4       1       0
  0.0000  0.0506  0.5000
      18       6       0
  6   7   4   2
  0.0000  0.2342  0.4157  0.5000
       6       4       2       0
  0.0000  0.5000
       6       0
  6   8   5   6
  0.0000  0.0729  0.1513  0.4157  0.5000
       1       5       4       2       0
  0.0000  0.0697  0.1552  0.3110  0.4968  0.5000
       1      18       1      18      17       0
  6   9   5   6
  0.0000  0.1230  0.1513  0.4157  0.5000
       1       5       4       2       0
  0.0000  0.1893  0.2626  0.3087  0.4968  0.5000
       6      18      20      18      17       0
  6  10   5   5
  0.0000  0.0233  0.1907  0.4968  0.5000
       5       4      18      17       0
  0.0000  0.2072  0.2197  0.4157  0.5000
       4       5       4       2       0
  7   1   6   4
  0.0000  0.1893  0.2626  0.3087  0.4968  0.5000
       6      18      20      18      17       0
  0.0000  0.2342  0.4157  0.5000
       6       4       2       0
  7   2   6   5
  0.0000  0.1893  0.2626  0.3087  0.4932  0.5000
       6      18      20      18       2       0
  0.0000  0.0233  0.1907  0.4043  0.5000
       5       4      18       6       0
  7   3   5   5
  0.0000  0.2072  0.2197  0.4157  0.5000
       4       5       4       2       0
  0.0000  0.0838  0.2021  0.4968  0.5000
       6       1      18      17       0
  7   4   5   8
  0.0000  0.0546  0.1513  0.2445  0.5000
       4       5       4       1       0
  0.0000  0.1893  0.1924  0.2096  0.2626  0.3087  0.4968  0.5000
       6      18       4      18      20      18      17       0
  7   5   6   5
  0.0000  0.0156  0.2072  0.2197  0.4157  0.5000
       5       4       5       4       2       0
  0.0000  0.1230  0.1513  0.4157  0.5000
       1       5       4       2       0
  7   6   6   4
  0.0000  0.2072  0.2197  0.2578  0.4968  0.5000
       4       5       4      18      17       0
  0.0000  0.2021  0.4968  0.5000
       1      18      17       0
  7   7   4   5
  0.0000  0.2021  0.2765  0.5000
       1      18       6       0
  0.0000  0.0367  0.0506  0.3682  0.5000
       4      18       6       1       0
  7   8   5   9
  0.0000  0.1597  0.2021  0.4179  0.5000
       6       1      18       6       0
  0.0000  0.0743  0.2462  0.2676  0.3430  0.3513  0.3531  0.4192  0.5000
       1       8       1      14       7      20      18       6       0
  7   9   6   5
  0.0000  0.0546  0.0611  0.3293  0.3608  0.5000
       4       5       6       1       6       0
  0.0000  0.1230  0.1513  0.4157  0.5000
       1       5       4       2       0
  7  10   5   6
  0.0000  0.0233  0.1907  0.4043  0.5000
       5       4      18       6       0
  0.0000  0.1893  0.2626  0.3087  0.4968  0.5000
       6      18      20      18      17       0
  8   1   5   5
  0.0000  0.0546  0.1513  0.2445  0.5000
       4       5       4       1       0
  0.0000  0.1597  0.2021  0.4179  0.5000
       6       1      18       6       0
  8   2   5   4
  0.0000  0.0838  0.2021  0.4968  0.5000
       6       1      18      17       0
  0.0000  0.2342  0.4157  0.5000
       6       4       2       0
  8   3   8   8
  0.0000  0.1893  0.1924  0.2096  0.2626  0.3087  0.4968  0.5000
       6      18       4      18      20      18      17       0
  0.0000  0.1893  0.1924  0.2096  0.2626  0.3087  0.4968  0.5000
       6      18       4      18      20      18      17       0
  8   4   8   5
  0.0000  0.1893  0.2626  0.3033  0.4043  0.4853  0.4932  0.5000
       6      18      20      18       6      18       2       0
  0.0000  0.1230  0.1513  0.4157  0.5000
       1       5       4       2       0
  8   5   8   5
  0.0000  0.0233  0.1248  0.1893  0.2626  0.3087  0.4932  0.5000
       5       4       6      18      20      18       2       0
  0.0000  0.0737  0.2021  0.4968  0.5000
       4       1      18      17       0
  8   6   8   7
  0.0000  0.1893  0.1924  0.2096  0.2626  0.3087  0.4968  0.5000
       6      18       4      18      20      18      17       0
  0.0000  0.1230  0.1513  0.2072  0.2197  0.4157  0.5000
       1       5       4       5       4       2       0
  8   7   7   5
  0.0000  0.0233  0.1907  0.4043  0.4658  0.4932  0.5000
       5       4      18       6      18       2       0
  0.0000  0.1230  0.1513  0.4157  0.5000
       1       5       4       2       0
  8   8   6   5
  0.0000  0.1893  0.2626  0.3087  0.4968  0.5000
       6      18      20      18      17       0
  0.0000  0.0838  0.2021  0.4968  0.5000
       6       1      18      17       0
  8   9   6   8
  0.0000  0.1893  0.2626  0.3087  0.4968  0.5000
       6      18      20      18      17       0
  0.0000  0.0233  0.1377  0.1893  0.2626  0.3087  0.4932  0.5000
       5       4       6      18      20      18       2       0
  8  10   5   5
  0.0000  0.2342  0.4107  0.4968  0.5000
       6       4      18      17       0
  0.0000  0.1597  0.2021  0.4179  0.5000
       6       1      18       6       0
  9   1   8   8
  0.0000  0.1893  0.1924  0.2096  0.2626  0.3087  0.4968  0.5000
       6      18       4      18      20      18      17       0
  0.0000  0.0233  0.1377  0.1893  0.2626  0.3087  0.4932  0.5000
       5       4       6      18      20      18       2       0
  9   2   8   5
  0.0000  0.1893  0.1924  0.2096  0.2626  0.3087  0.4968  0.5000
       6      18       4      18      20      18      17       0
  0.0000  0.1597  0.2021  0.4179  0.5000
       6       1      18       6       0
  9   3   8   5
  0.0000  0.1893  0.1924  0.2096  0.2626  0.3087  0.4687  0.5000
       6      18       4      18      20      18       2       0
  0.0000  0.0838  0.2021  0.4968  0.5000
       6       1      18      17       0
  9   4   7   8
  0.0000  0.0838  0.2021  0.3002  0.3175  0.4968  0.5000
       6       1      18       4      18      17       0
  0.0000  0.1893  0.2626  0.3033  0.4043  0.4853  0.4932  0.5000
       6      18      20      18       6      18       2       0
  9   5   8   5
  0.0000  0.0233  0.1377  0.1893  0.2626  0.3087  0.4968  0.5000
       5       4       6      18      20      18      17       0
  0.0000  0.0546  0.1513  0.2445  0.5000
       4       5       4       1       0
  9   6   5   7
  0.0000  0.1597  0.2021  0.4179  0.5000
       6       1      18       6       0
  0.0000  0.0546  0.0737  0.1597  0.2021  0.2796  0.5000
       4       5       6       1      18       1       0
  9   7   4   5
  0.0000  0.2342  0.4157  0.5000
       6       4       2       0
  0.0000  0.1074  0.2021  0.4968  0.5000
       6       1      18      17       0
  9   8   8   5
  0.0000  0.1893  0.1924  0.2096  0.2626  0.3087  0.4968  0.5000
       6      18       4      18      20      18      17       0
  0.0000  0.1597  0.2021  0.4179  0.5000
       6       1      18       6       0
  9   9   8   8
  0.0000  0.0233  0.1248  0.1893  0.2626  0.3087  0.4932  0.5000
       5       4       6      18      20      18       2       0
  0.0000  0.1182  0.1230  0.1513  0.2072  0.2197  0.4157  0.5000
       6       1       5       4       5       4       2       0
  9  10   8   8
  0.0000  0.1893  0.1924  0.2096  0.2626  0.3087  0.4968  0.5000
       6      18       4      18      20      18      17       0
  0.0000  0.1893  0.1924  0.2096  0.2626  0.3087  0.4968  0.5000
       6      18       4      18      20      18      17       0
 10   1   8   8
  0.0000  0.1893  0.2626  0.3033  0.4043  0.4853  0.4932  0.5000
       6      18      20      18       6      18       2       0
  0.0000  0.1893  0.1924  0.2096  0.2626  0.3087  0.4179  0.5000
       6      18       4      18      20      18       6       0
 10   2   8   4
  0.0000  0.1893  0.1924  0.2096  0.2626  0.3087  0.4968  0.5000
       6      18       4      18      20      18      17       0
  0.0000  0.2342  0.4157  0.5000
       6       4       2       0
 10   3   7   8
  0.0000  0.0546  0.0737  0.1597  0.2021  0.2796  0.5000
       4       5       6       1      18       1       0
  0.0000  0.1893  0.1924  0.2096  0.2626  0.3087  0.4968  0.5000
       6      18       4      18      20      18      17       0
 10   4   8   8
  0.0000  0.0233  0.1377  0.1893  0.2626  0.3087  0.4932  0.5000
       5       4       6      18      20      18       2       0
  0.0000  0.1893  0.2626  0.3033  0.4043  0.4853  0.4932  0.5000
       6      18      20      18       6      18       2       0
 10   5   8   7
  0.0000  0.1893  0.1924  0.2096  0.2626  0.3087  0.4968  0.5000
       6      18       4      18      20      18      17       0
  0.0000  0.0546  0.0737  0.1597  0.2021  0.2796  0.5000
       4       5       6       1      18       1       0
 10   6   8   5
  0.0000  0.0900  0.1248  0.1893  0.2626  0.3087  0.4932  0.5000
       6       4       6      18      20      18       2       0
  0.0000  0.1074  0.2021  0.4968  0.5000
       6       1      18      17       0
 10   7   5   8
  0.0000  0.0838  0.2021  0.4968  0.5000
       6       1      18      17       0
  0.0000  0.0233  0.1248  0.1893  0.2626  0.3087  0.4932  0.5000
       5       4       6      18      20      18       2       0
 10   8   8   8
  0.0000  0.0233  0.1377  0.1893  0.2626  0.3087  0.4932  0.5000
       5       4       6      18      20      18       2       0
  0.0000  0.1893  0.1924  0.2096  0.2626  0.3087  0.4968  0.5000
       6      18       4      18      20      18      17       0
 10   9   8   5
  0.0000  0.1893  0.1924  0.2096  0.2626  0.3087  0.4968  0.5000
       6      18       4      18      20      18      17       0
  0.0000  0.0838  0.2021  0.4968  0.5000
       6       1      18      17       0
 10  10   6   5
  0.0000  0.1074  0.2021  0.2562  0.4157  0.5000
       6       1      18       4       2       0
  0.0000  0.1597  0.2021  0.4179  0.5000
       6       1      18       6       0
 11   1   8   5
  0.0000  0.1893  0.1924  0.2096  0.2626  0.3087  0.4968  0.5000
       6      18       4      18      20      18      17       0
  0.0000  0.1074  0.2021  0.4932  0.5000
       6       1      18       2       0
 11   2   5   8
  0.0000  0.1074  0.2021  0.4179  0.5000
       6       1      18       6       0
  0.0000  0.1893  0.1924  0.2096  0.2626  0.3087  0.4968  0.5000
       6      18       4      18      20      18      17       0
 11   3   8   6
  0.0000  0.0900  0.1248  0.1893  0.2626  0.3087  0.4932  0.5000
       6       4       6      18      20      18       2       0
  0.0000  0.0233  0.0856  0.2021  0.4968  0.5000
       5       4       1      18      17       0
 11   4   6   8
  0.0000  0.1074  0.2021  0.2562  0.4157  0.5000
       6       1      18       4       2       0
  0.0000  0.0900  0.1248  0.1893  0.2626  0.3087  0.4932  0.5000
       6       4       6      18      20      18       2       0
 11   5   6   7
  0.0000  0.1356  0.2021  0.2562  0.4157  0.5000
       6       1      18       4       2       0
  0.0000  0.0838  0.1086  0.1517  0.2021  0.4968  0.5000
       6       1       6       1      18      17       0
 11   6   5   8
  0.0000  0.1074  0.2021  0.4968  0.5000
       6       1      18      17       0
  0.0000  0.1893  0.1924  0.2096  0.2626  0.3087  0.4968  0.5000
       6      18       4      18      20      18      17       0
 11   7   6   8
  0.0000  0.2342  0.4157  0.4454  0.4968  0.5000
       6       4       2      18      17       0
  0.0000  0.1893  0.2626  0.3033  0.4043  0.4853  0.4932  0.5000
       6      18      20      18       6      18       2       0
 11   8   8   5
  0.0000  0.0900  0.1248  0.1893  0.2626  0.3087  0.4932  0.5000
       6       4       6      18      20      18       2       0
  0.0000  0.1074  0.2021  0.4968  0.5000
       6       1      18      17       0
 11   9   8   8
  0.0000  0.1893  0.1924  0.2096  0.2626  0.3087  0.4968  0.5000
       6      18       4      18      20      18      17       0
  0.0000  0.1893  0.1924  0.2096  0.2626  0.3087  0.4968  0.5000
       6      18       4      18      20      18      17       0
 11  10   7   8
  0.0000  0.0546  0.0737  0.1597  0.2021  0.2796  0.5000
       4       5       6       1      18       1       0
  0.0000  0.1893  0.1924  0.2096  0.2626  0.3087  0.4968  0.5000
       6      18       4      18      20      18      17       0
 12   1   8   6
  0.0000  0.0900  0.1248  0.1893  0.2626  0.3087  0.4932  0.5000
       6       4       6      18      20      18       2       0
  0.0000  0.1356  0.2021  0.2562  0.4157  0.5000
       6       1      18       4       2       0
 12   2   8   8
  0.0000  0.1893  0.1924  0.2096  0.2626  0.3087  0.4968  0.5000
       6      18       4      18      20      18      17       0
  0.0000  0.1893  0.1924  0.2096  0.2626  0.3087  0.4968  0.5000
       6      18       4      18      20      18      17       0
 12   3   7   8
  0.0000  0.0900  0.1248  0.1604  0.2021  0.4968  0.5000
       6       4       6       1      18      17       0
  0.0000  0.1893  0.1924  0.2096  0.2626  0.3087  0.4968  0.5000
       6      18       4      18      20      18      17       0
 12   4   8   5
  0.0000  0.1893  0.2626  0.3033  0.4043  0.4853  0.4932  0.5000
       6      18      20      18       6      18       2       0
  0.0000  0.1074  0.2021  0.4968  0.5000
       6       1      18      17       0
 12   5   8   8
  0.0000  0.1893  0.1924  0.2096  0.2626  0.3087  0.4968  0.5000
       6      18       4      18      20      18      17       0
  0.0000  0.0900  0.1248  0.1893  0.2626  0.3087  0.4932  0.5000
       6       4       6      18      20      18       2       0
 12   6   5   7
  0.0000  0.1074  0.2021  0.4968  0.5000
       6       1      18      17       0
  0.0000  0.0233  0.0856  0.1299  0.1893  0.4968  0.5000
       5       4       1       6      18      17       0
 12   7   9   6
  0.0000  0.1074  0.1233  0.1248  0.1893  0.2626  0.2976  0.4157  0.5000
       6       1       4       6      18      20       4       2       0
  0.0000  0.0900  0.1008  0.2021  0.4968  0.5000
       6       4       1      18      17       0
 12   8   7   8
  0.0000  0.0838  0.1086  0.1517  0.2021  0.4968  0.5000
       6       1       6       1      18      17       0
  0.0000  0.2118  0.2208  0.2342  0.4157  0.4454  0.4968  0.5000
       6      18       6       4       2      18      17       0
 12   9   8   8
  0.0000  0.1893  0.1924  0.2096  0.2626  0.3087  0.4968  0.5000
       6      18       4      18      20      18      17       0
  0.0000  0.1893  0.1924  0.2096  0.2626  0.3087  0.4968  0.5000
       6      18       4      18      20      18      17       0
 12  10   5   8
  0.0000  0.1074  0.2021  0.4932  0.5000
       6       1      18       2       0
  0.0000  0.1893  0.1924  0.2096  0.2626  0.3087  0.4968  0.5000
       6      18       4      18      20      18      17       0
 13   1   5   8
  0.0000  0.1074  0.2021  0.4932  0.5000
       6       1      18       2       0
  0.0000  0.1893  0.1924  0.2096  0.2626  0.3087  0.4968  0.5000
       6      18       4      18      20      18      17       0
 13   2   8   7
  0.0000  0.1893  0.1924  0.2096  0.2626  0.3087  0.4968  0.5000
       6      18       4      18      20      18      17       0
  0.0000  0.0838  0.1086  0.1517  0.2021  0.4968  0.5000
       6       1       6       1      18      17       0
 13   3   5   7
  0.0000  0.1074  0.2021  0.4968  0.5000
       6       1      18      17       0
  0.0000  0.0900  0.1248  0.1604  0.2021  0.4968  0.5000
       6       4       6       1      18      17       0
 13   4   5   9
  0.0000  0.1074  0.2021  0.4968  0.5000
       6       1      18      17       0
  0.0000  0.1074  0.1233  0.1248  0.1893  0.2626  0.2976  0.4157  0.5000
       6       1       4       6      18      20       4       2       0
 13   5   7  10
  0.0000  0.0838  0.1086  0.1517  0.2021  0.4968  0.5000
       6       1       6       1      18      17       0
  0.0000  0.1074  0.1233  0.1248  0.1893  0.2626  0.2976  0.3726  0.4968  0.5000
       6       1       4       6      18      20       4      18      17       0


 13   6   7   8
  0.0000  0.0233  0.0856  0.1299  0.1893  0.4968  0.5000
       5       4       1       6      18      17       0
  0.0000  0.1893  0.1924  0.2096  0.2626  0.3087  0.4968  0.5000
       6      18       4      18      20      18      17       0
 13   7   8   5
  0.0000  0.1893  0.1924  0.2096  0.2626  0.3087  0.4968  0.5000
       6      18       4      18      20      18      17       0
  0.0000  0.1074  0.2021  0.4932  0.5000
       6       1      18       2       0
 13   8   7   8
  0.0000  0.0233  0.0856  0.1299  0.1893  0.4968  0.5000
       5       4       1       6      18      17       0
  0.0000  0.1893  0.1924  0.2096  0.2626  0.3087  0.4968  0.5000
       6      18       4      18      20      18      17       0
 13   9   8   8
  0.0000  0.1893  0.2626  0.3033  0.4043  0.4853  0.4932  0.5000
       6      18      20      18       6      18       2       0
  0.0000  0.1893  0.1924  0.2096  0.2626  0.3087  0.4968  0.5000
       6      18       4      18      20      18      17       0
 13  10   6   4
  0.0000  0.1356  0.1966  0.2562  0.4157  0.5000
       6       1      18       4       2       0
  0.0000  0.1893  0.4968  0.5000
       6      18      17       0
 14   1   4   7
  0.0000  0.1893  0.4968  0.5000
       6      18      17       0
  0.0000  0.0900  0.1248  0.1604  0.2021  0.4968  0.5000
       6       4       6       1      18      17       0
 14   2   7   8
  0.0000  0.0838  0.1086  0.1517  0.2021  0.4968  0.5000
       6       1       6       1      18      17       0
  0.0000  0.1893  0.1924  0.2096  0.2626  0.3087  0.4968  0.5000
       6      18       4      18      20      18      17       0
 14   3   5   5
  0.0000  0.1074  0.2021  0.4932  0.5000
       6       1      18       2       0
  0.0000  0.1074  0.2021  0.4932  0.5000
       6       1      18       2       0
 14   4   7   8
  0.0000  0.0233  0.0856  0.1299  0.1893  0.4968  0.5000
       5       4       1       6      18      17       0
  0.0000  0.1893  0.2626  0.3033  0.4043  0.4588  0.4968  0.5000
       6      18      20      18       6      18      17       0
 14   5   6   8
  0.0000  0.1893  0.1924  0.2096  0.4968  0.5000
       6      18       4      18      17       0
  0.0000  0.1893  0.1924  0.2096  0.2626  0.3087  0.4968  0.5000
       6      18       4      18      20      18      17       0
 14   6   5   9
  0.0000  0.1074  0.2021  0.4968  0.5000
       6       1      18      17       0
  0.0000  0.1074  0.1233  0.1248  0.1893  0.2626  0.2976  0.4157  0.5000
       6       1       4       6      18      20       4       2       0
 14   7   5  10
  0.0000  0.1074  0.2021  0.4932  0.5000
       6       1      18       2       0
  0.0000  0.1074  0.1233  0.1248  0.1893  0.2626  0.2976  0.3726  0.4968  0.5000
       6       1       4       6      18      20       4      18      17       0


 14   8   4   5
  0.0000  0.1893  0.4968  0.5000
       6      18      17       0
  0.0000  0.1074  0.2021  0.4968  0.5000
       6       1      18      17       0
 14   9   6   4
  0.0000  0.1356  0.1966  0.2562  0.4157  0.5000
       6       1      18       4       2       0
  0.0000  0.1893  0.4968  0.5000
       6      18      17       0
 14  10   8   8
  0.0000  0.1893  0.2626  0.3033  0.4043  0.4853  0.4932  0.5000
       6      18      20      18       6      18       2       0
  0.0000  0.1893  0.1924  0.2096  0.2626  0.3087  0.4968  0.5000
       6      18       4      18      20      18      17       0
 15   1   5   6
  0.0000  0.1074  0.2021  0.4968  0.5000
       6       1      18      17       0
  0.0000  0.1893  0.2626  0.2835  0.4968  0.5000
       6      18      20      18      17       0
 15   2   5   6
  0.0000  0.1074  0.2021  0.4932  0.5000
       6       1      18       2       0
  0.0000  0.1356  0.1966  0.2562  0.4157  0.5000
       6       1      18       4       2       0
 15   3   8   7
  0.0000  0.1893  0.1924  0.2096  0.2626  0.3087  0.4968  0.5000
       6      18       4      18      20      18      17       0
  0.0000  0.0900  0.1248  0.1604  0.2021  0.4968  0.5000
       6       4       6       1      18      17       0
 15   4   5   6
  0.0000  0.1074  0.2021  0.4968  0.5000
       6       1      18      17       0
  0.0000  0.1893  0.1924  0.2096  0.4968  0.5000
       6      18       4      18      17       0
 15   5   5   4
  0.0000  0.1074  0.2021  0.4968  0.5000
       6       1      18      17       0
  0.0000  0.1893  0.4968  0.5000
       6      18      17       0
 15   6   4   7
  0.0000  0.1893  0.4968  0.5000
       6      18      17       0
  0.0000  0.0900  0.1248  0.1604  0.2021  0.4968  0.5000
       6       4       6       1      18      17       0
 15   7   5   5
  0.0000  0.1074  0.2021  0.4932  0.5000
       6       1      18       2       0
  0.0000  0.1074  0.2021  0.4968  0.5000
       6       1      18      17       0
 15   8   6   8
  0.0000  0.1356  0.1966  0.2562  0.4157  0.5000
       6       1      18       4       2       0
  0.0000  0.1893  0.1924  0.2096  0.2626  0.3087  0.4968  0.5000
       6      18       4      18      20      18      17       0
 15   9   5  11
  0.0000  0.1074  0.2021  0.4968  0.5000
       6       1      18      17       0
  0.0000  0.1074  0.1233  0.1248  0.1893  0.2626  0.2976  0.4157  0.4753  0.4968
       6       1       4       6      18      20       4       2      18      17
  0.5000
       0
 15  10   7   4
  0.0000  0.0233  0.0856  0.1299  0.1893  0.4968  0.5000
       5       4       1       6      18      17       0
  0.0000  0.1893  0.4968  0.5000
       6      18      17       0
 16   1   8   6
  0.0000  0.1893  0.1924  0.2096  0.2626  0.3087  0.4968  0.5000
       6      18       4      18      20      18      17       0
  0.0000  0.1893  0.1924  0.2096  0.4968  0.5000
       6      18       4      18      17       0
 16   2   4   8
  0.0000  0.1893  0.4968  0.5000
       6      18      17       0
  0.0000  0.1893  0.1924  0.2096  0.2626  0.3087  0.4968  0.5000
       6      18       4      18      20      18      17       0
 16   3  11   7
  0.0000  0.1074  0.1233  0.1248  0.1893  0.2626  0.2976  0.4157  0.4753  0.4968
       6       1       4       6      18      20       4       2      18      17
  0.5000
       0
  0.0000  0.0900  0.1248  0.1604  0.2021  0.4968  0.5000
       6       4       6       1      18      17       0
 16   4   5   6
  0.0000  0.1074  0.2021  0.4968  0.5000
       6       1      18      17       0
  0.0000  0.1074  0.2021  0.4968  0.4970  0.5000
       6       1      18      17       2       0
 16   5   4   8
  0.0000  0.1893  0.4968  0.5000
       6      18      17       0
  0.0000  0.1893  0.1924  0.2096  0.2626  0.3087  0.4968  0.5000
       6      18       4      18      20      18      17       0
 16   6   5   5
  0.0000  0.1074  0.2021  0.4968  0.5000
       6       1      18      17       0
  0.0000  0.1074  0.2021  0.4968  0.5000
       6       1      18      17       0
 16   7   5   4
  0.0000  0.1074  0.2021  0.4968  0.5000
       6       1      18      17       0
  0.0000  0.1893  0.4968  0.5000
       6      18      17       0
 16   8   6   4
  0.0000  0.1893  0.1924  0.2096  0.4968  0.5000
       6      18       4      18      17       0
  0.0000  0.1893  0.4968  0.5000
       6      18      17       0
 16   9   5   7
  0.0000  0.1074  0.2021  0.4968  0.5000
       6       1      18      17       0
  0.0000  0.0233  0.0856  0.1299  0.1893  0.4968  0.5000
       5       4       1       6      18      17       0
 16  10   5   6
  0.0000  0.1074  0.2021  0.4968  0.5000
       6       1      18      17       0
  0.0000  0.1356  0.1966  0.2562  0.4157  0.5000
       6       1      18       4       2       0
 17   1   6   5
  0.0000  0.1893  0.1924  0.2096  0.4968  0.5000
       6      18       4      18      17       0
  0.0000  0.1074  0.2021  0.4968  0.5000
       6       1      18      17       0
 17   2   8   7
  0.0000  0.1893  0.1924  0.2096  0.2626  0.3087  0.4968  0.5000
       6      18       4      18      20      18      17       0
  0.0000  0.0900  0.1248  0.1604  0.2021  0.4968  0.5000
       6       4       6       1      18      17       0
 17   3   5   5
  0.0000  0.1074  0.2021  0.4968  0.5000
       6       1      18      17       0
  0.0000  0.1074  0.2021  0.4968  0.5000
       6       1      18      17       0
 17   4   5   7
  0.0000  0.1074  0.2021  0.4968  0.5000
       6       1      18      17       0
  0.0000  0.0900  0.1248  0.1604  0.2021  0.4968  0.5000
       6       4       6       1      18      17       0
 17   5   8   5
  0.0000  0.1893  0.1924  0.2096  0.2626  0.3087  0.4968  0.5000
       6      18       4      18      20      18      17       0
  0.0000  0.1074  0.2021  0.4968  0.5000
       6       1      18      17       0
 17   6   5   5
  0.0000  0.1074  0.2021  0.4968  0.5000
       6       1      18      17       0
  0.0000  0.1356  0.1966  0.4968  0.5000
       6       1      18      17       0
 17   7   8   8
  0.0000  0.1074  0.1233  0.1248  0.1604  0.2021  0.4968  0.5000
       6       1       4       6       1      18      17       0
  0.0000  0.1893  0.1924  0.2096  0.2626  0.3087  0.4968  0.5000
       6      18       4      18      20      18      17       0
 17   8   4   5
  0.0000  0.1893  0.4968  0.5000
       6      18      17       0
  0.0000  0.1074  0.2021  0.4968  0.5000
       6       1      18      17       0
 17   9   9   4
  0.0000  0.0900  0.1248  0.1604  0.2021  0.4578  0.4753  0.4968  0.5000
       6       4       6       1      18       2      18      17       0
  0.0000  0.1893  0.4968  0.5000
       6      18      17       0
 17  10   5   5
  0.0000  0.1074  0.2021  0.4968  0.5000
       6       1      18      17       0
  0.0000  0.1074  0.2021  0.4968  0.5000
       6       1      18      17       0
 18   1   8   5
  0.0000  0.1893  0.1924  0.2096  0.2626  0.3087  0.4968  0.5000
       6      18       4      18      20      18      17       0
  0.0000  0.1074  0.2021  0.4968  0.5000
       6       1      18      17       0
 18   2   5   7
  0.0000  0.1074  0.2021  0.4968  0.5000
       6       1      18      17       0
  0.0000  0.0900  0.1248  0.1604  0.2021  0.4968  0.5000
       6       4       6       1      18      17       0
 18   3   7   6
  0.0000  0.0900  0.1248  0.1604  0.2021  0.4968  0.5000
       6       4       6       1      18      17       0
  0.0000  0.1893  0.1924  0.2096  0.4968  0.5000
       6      18       4      18      17       0
 18   4   5   8
  0.0000  0.1356  0.1966  0.4968  0.5000
       6       1      18      17       0
  0.0000  0.1074  0.1207  0.1248  0.1604  0.2021  0.4968  0.5000
       6       1       4       6       1      18      17       0
 18   5   5   5
  0.0000  0.1074  0.2021  0.4968  0.5000
       6       1      18      17       0
  0.0000  0.1074  0.2021  0.4968  0.5000
       6       1      18      17       0
 18   6   5   9
  0.0000  0.1074  0.2021  0.4968  0.5000
       6       1      18      17       0
  0.0000  0.0900  0.1248  0.1604  0.2021  0.4578  0.4753  0.4968  0.5000
       6       4       6       1      18       2      18      17       0
 18   7  10   5
  0.0000  0.1074  0.1332  0.1893  0.1924  0.2096  0.2626  0.3087  0.4968  0.5000
       6       1       6      18       4      18      20      18      17       0


  0.0000  0.1074  0.2021  0.4968  0.5000
       6       1      18      17       0
 18   8   5   5
  0.0000  0.1074  0.2021  0.4968  0.5000
       6       1      18      17       0
  0.0000  0.1074  0.2021  0.4968  0.5000
       6       1      18      17       0
 18   9   5   6
  0.0000  0.1074  0.2021  0.4968  0.5000
       6       1      18      17       0
  0.0000  0.1074  0.1936  0.2096  0.4968  0.5000
       6       1       4      18      17       0
 18  10   5   4
  0.0000  0.1074  0.2021  0.4968  0.5000
       6       1      18      17       0
  0.0000  0.1893  0.4968  0.5000
       6      18      17       0
 19   1   5   5
  0.0000  0.1074  0.2021  0.4968  0.5000
       6       1      18      17       0
  0.0000  0.1074  0.2021  0.4968  0.5000
       6       1      18      17       0
 19   2   5   8
  0.0000  0.1074  0.2021  0.4968  0.5000
       6       1      18      17       0
  0.0000  0.1893  0.1924  0.2096  0.2626  0.3087  0.4968  0.5000
       6      18       4      18      20      18      17       0
 19   3   5   6
  0.0000  0.1074  0.2021  0.4968  0.5000
       6       1      18      17       0
  0.0000  0.1074  0.1936  0.2096  0.4968  0.5000
       6       1       4      18      17       0
 19   4   8   5
  0.0000  0.1074  0.1207  0.1248  0.1604  0.2021  0.4968  0.5000
       6       1       4       6       1      18      17       0
  0.0000  0.1074  0.2021  0.4968  0.5000
       6       1      18      17       0
 19   5   5   8
  0.0000  0.1356  0.1966  0.4968  0.5000
       6       1      18      17       0
  0.0000  0.0900  0.0998  0.1893  0.1924  0.2096  0.4968  0.5000
       6       4       6      18       4      18      17       0
 19   6   5   5
  0.0000  0.1356  0.1966  0.4968  0.5000
       6       1      18      17       0
  0.0000  0.1074  0.2021  0.4968  0.5000
       6       1      18      17       0
 19   7   5   6
  0.0000  0.1074  0.2021  0.4968  0.5000
       6       1      18      17       0
  0.0000  0.1893  0.1924  0.2096  0.4968  0.5000
       6      18       4      18      17       0
 19   8   5   5
  0.0000  0.1074  0.2021  0.4968  0.5000
       6       1      18      17       0
  0.0000  0.1074  0.2021  0.4968  0.5000
       6       1      18      17       0
 19   9   7   5
  0.0000  0.0900  0.1248  0.1604  0.2021  0.4968  0.5000
       6       4       6       1      18      17       0
  0.0000  0.1074  0.2021  0.4968  0.5000
       6       1      18      17       0
 19  10   5  10
  0.0000  0.1074  0.2021  0.4968  0.5000
       6       1      18      17       0
  0.0000  0.1074  0.1192  0.1248  0.1604  0.2021  0.4578  0.4753  0.4968  0.5000
       6       1       4       6       1      18       2      18      17       0


 20   1   8   5
  0.0000  0.1893  0.1924  0.2096  0.2626  0.3087  0.4968  0.5000
       6      18       4      18      20      18      17       0
  0.0000  0.1074  0.2021  0.4968  0.5000
       6       1      18      17       0
 20   2   8   8
  0.0000  0.0900  0.0998  0.1893  0.1924  0.2096  0.4968  0.5000
       6       4       6      18       4      18      17       0
  0.0000  0.1074  0.1207  0.1248  0.1604  0.2021  0.4968  0.5000
       6       1       4       6       1      18      17       0
 20   3   6   5
  0.0000  0.1893  0.1924  0.2096  0.4968  0.5000
       6      18       4      18      17       0
  0.0000  0.1074  0.2021  0.4968  0.5000
       6       1      18      17       0
 20   4   8   5
  0.0000  0.0900  0.0998  0.1893  0.1924  0.2096  0.4968  0.5000
       6       4       6      18       4      18      17       0
  0.0000  0.1074  0.2021  0.4968  0.5000
       6       1      18      17       0
 20   5   7   5
  0.0000  0.0900  0.1248  0.1604  0.2021  0.4968  0.5000
       6       4       6       1      18      17       0
  0.0000  0.1074  0.2021  0.4968  0.5000
       6       1      18      17       0
 20   6   8  10
  0.0000  0.1893  0.1924  0.2096  0.2626  0.3087  0.4968  0.5000
       6      18       4      18      20      18      17       0
  0.0000  0.1074  0.1192  0.1248  0.1604  0.2021  0.4578  0.4634  0.4968  0.5000
       6       1       4       6       1      18       2      18      17       0


 20   7   5   5
  0.0000  0.1356  0.1966  0.4968  0.5000
       6       1      18      17       0
  0.0000  0.1074  0.2021  0.4968  0.5000
       6       1      18      17       0
 20   8   5   5
  0.0000  0.1074  0.2021  0.4968  0.5000
       6       1      18      17       0
  0.0000  0.1074  0.2021  0.4968  0.5000
       6       1      18      17       0
 20   9   6   5
  0.0000  0.1074  0.1936  0.2096  0.4968  0.5000
       6       1       4      18      17       0
  0.0000  0.1074  0.2021  0.4968  0.5000
       6       1      18      17       0
 20  10   7   8
  0.0000  0.1074  0.2021  0.2626  0.3087  0.4968  0.5000
       6       1      18      20      18      17       0
  0.0000  0.0900  0.0998  0.1893  0.1924  0.2096  0.4968  0.5000
       6       4       6      18       4      18      17       0
 21   1   5   5
  0.0000  0.1074  0.2021  0.4968  0.5000
       6       1      18      17       0
  0.0000  0.1074  0.2021  0.4968  0.5000
       6       1      18      17       0
 21   2   7   5
  0.0000  0.0900  0.0998  0.1842  0.2021  0.4968  0.5000
       6       4       6       1      18      17       0
  0.0000  0.1074  0.2021  0.4968  0.5000
       6       1      18      17       0
 21   3   8   8
  0.0000  0.0900  0.0998  0.1893  0.1924  0.2096  0.4968  0.5000
       6       4       6      18       4      18      17       0
  0.0000  0.1893  0.1924  0.2096  0.2626  0.3087  0.4968  0.5000
       6      18       4      18      20      18      17       0
 21   4  10   7
  0.0000  0.1074  0.1192  0.1248  0.1604  0.2021  0.4578  0.4634  0.4968  0.5000
       6       1       4       6       1      18       2      18      17       0


  0.0000  0.0900  0.0939  0.1074  0.2021  0.4968  0.5000
       6       4       6       1      18      17       0
 21   5   5   8
  0.0000  0.1074  0.2021  0.4968  0.5000
       6       1      18      17       0
  0.0000  0.0900  0.0998  0.1893  0.1924  0.2096  0.4968  0.5000
       6       4       6      18       4      18      17       0
 21   6   8   8
  0.0000  0.0900  0.0998  0.1893  0.1924  0.2096  0.4968  0.5000
       6       4       6      18       4      18      17       0
  0.0000  0.0900  0.0998  0.1893  0.1924  0.2096  0.4968  0.5000
       6       4       6      18       4      18      17       0
 21   7   7   5
  0.0000  0.0900  0.1248  0.1604  0.2021  0.4968  0.5000
       6       4       6       1      18      17       0
  0.0000  0.1074  0.2021  0.4968  0.5000
       6       1      18      17       0
 21   8   5   8
  0.0000  0.1074  0.2021  0.4968  0.5000
       6       1      18      17       0
  0.0000  0.1074  0.1207  0.1248  0.1604  0.2021  0.4968  0.5000
       6       1       4       6       1      18      17       0
 21   9   5   5
  0.0000  0.1356  0.1966  0.4968  0.5000
       6       1      18      17       0
  0.0000  0.1074  0.2021  0.4968  0.5000
       6       1      18      17       0
 21  10   5   7
  0.0000  0.1074  0.2021  0.4968  0.5000
       6       1      18      17       0
  0.0000  0.0900  0.1248  0.1604  0.2021  0.4968  0.5000
       6       4       6       1      18      17       0
 22   1   5   5
  0.0000  0.1074  0.2021  0.4968  0.5000
       6       1      18      17       0
  0.0000  0.1074  0.2021  0.4968  0.5000
       6       1      18      17       0
 22   2  10   5
  0.0000  0.1074  0.1192  0.1248  0.1604  0.2021  0.4578  0.4634  0.4968  0.5000
       6       1       4       6       1      18       2      18      17       0


  0.0000  0.1074  0.2021  0.4968  0.5000
       6       1      18      17       0
 22   3   7   8
  0.0000  0.0900  0.1248  0.1604  0.2021  0.4968  0.5000
       6       4       6       1      18      17       0
  0.0000  0.1074  0.1207  0.1248  0.1604  0.2021  0.4968  0.5000
       6       1       4       6       1      18      17       0
 22   4   7   5
  0.0000  0.0900  0.1248  0.1604  0.2021  0.4968  0.5000
       6       4       6       1      18      17       0
  0.0000  0.1356  0.1966  0.4968  0.5000
       6       1      18      17       0
 22   5   7   5
  0.0000  0.0900  0.0939  0.1074  0.2021  0.4968  0.5000
       6       4       6       1      18      17       0
  0.0000  0.1074  0.2021  0.4968  0.5000
       6       1      18      17       0
 22   6   5   5
  0.0000  0.1074  0.2021  0.4968  0.5000
       6       1      18      17       0
  0.0000  0.1074  0.2021  0.4968  0.5000
       6       1      18      17       0
 22   7  10   7
  0.0000  0.1074  0.1192  0.1248  0.1604  0.2021  0.4578  0.4634  0.4968  0.5000
       6       1       4       6       1      18       2      18      17       0


  0.0000  0.0900  0.1248  0.1604  0.2021  0.4968  0.5000
       6       4       6       1      18      17       0
 22   8   7   5
  0.0000  0.0900  0.1248  0.1604  0.2021  0.4968  0.5000
       6       4       6       1      18      17       0
  0.0000  0.1074  0.2021  0.4968  0.5000
       6       1      18      17       0
 22   9   8  10
  0.0000  0.1074  0.1233  0.1248  0.1604  0.2021  0.4968  0.5000
       6       1       4       6       1      18      17       0
  0.0000  0.0900  0.0998  0.1893  0.1924  0.2096  0.2626  0.3087  0.4968  0.5000
       6       4       6      18       4      18      20      18      17       0


 22  10   8   7
  0.0000  0.0900  0.0998  0.1893  0.1924  0.2096  0.4968  0.5000
       6       4       6      18       4      18      17       0
  0.0000  0.0900  0.0939  0.1074  0.2021  0.4968  0.5000
       6       4       6       1      18      17       0
 23   1  10  10
  0.0000  0.1074  0.1192  0.1248  0.1604  0.2021  0.4578  0.4634  0.4968  0.5000
       6       1       4       6       1      18       2      18      17       0


  0.0000  0.0900  0.0998  0.1893  0.1924  0.2096  0.2626  0.3087  0.4968  0.5000
       6       4       6      18       4      18      20      18      17       0


 23   2   5   5
  0.0000  0.1074  0.2021  0.4968  0.5000
       6       1      18      17       0
  0.0000  0.1074  0.2021  0.4968  0.5000
       6       1      18      17       0
 23   3   7   7
  0.0000  0.0900  0.1248  0.1604  0.2021  0.4968  0.5000
       6       4       6       1      18      17       0
  0.0000  0.0900  0.1248  0.1604  0.2021  0.4968  0.5000
       6       4       6       1      18      17       0
 23   4  10   7
  0.0000  0.0900  0.0998  0.1893  0.1924  0.2096  0.2626  0.3087  0.4968  0.5000
       6       4       6      18       4      18      20      18      17       0


  0.0000  0.0900  0.1248  0.1604  0.2021  0.4968  0.5000
       6       4       6       1      18      17       0
 23   5   5   5
  0.0000  0.1074  0.2021  0.4968  0.5000
       6       1      18      17       0
  0.0000  0.1074  0.2021  0.4968  0.5000
       6       1      18      17       0
 23   6   5   8
  0.0000  0.1074  0.2021  0.4968  0.5000
       6       1      18      17       0
  0.0000  0.1074  0.1233  0.1248  0.1604  0.2021  0.4968  0.5000
       6       1       4       6       1      18      17       0
 23   7   7   7
  0.0000  0.0900  0.1248  0.1604  0.2021  0.4968  0.5000
       6       4       6       1      18      17       0
  0.0000  0.0900  0.0998  0.1582  0.2021  0.4968  0.5000
       6       4       6       1      18      17       0
 23   8   7   7
  0.0000  0.0900  0.1248  0.1604  0.2021  0.4968  0.5000
       6       4       6       1      18      17       0
  0.0000  0.0900  0.0939  0.1074  0.2021  0.4968  0.5000
       6       4       6       1      18      17       0
 23   9   7   5
  0.0000  0.0900  0.0939  0.1074  0.2021  0.4968  0.5000
       6       4       6       1      18      17       0
  0.0000  0.1074  0.2021  0.4968  0.5000
       6       1      18      17       0
 23  10   5   5
  0.0000  0.1074  0.2021  0.4968  0.5000
       6       1      18      17       0
  0.0000  0.1074  0.2021  0.4968  0.5000
       6       1      18      17       0
 24   1   5  10
  0.0000  0.1074  0.2021  0.4968  0.5000
       6       1      18      17       0
  0.0000  0.1074  0.1192  0.1248  0.1604  0.2021  0.4578  0.4634  0.4968  0.5000
       6       1       4       6       1      18       2      18      17       0


 24   2   5   7
  0.0000  0.1074  0.2021  0.4968  0.5000
       6       1      18      17       0
  0.0000  0.0900  0.1248  0.1604  0.2021  0.4968  0.5000
       6       4       6       1      18      17       0
 24   3   7   5
  0.0000  0.0900  0.1248  0.1604  0.2021  0.4968  0.5000
       6       4       6       1      18      17       0
  0.0000  0.1074  0.2021  0.4968  0.5000
       6       1      18      17       0
 24   4   5   5
  0.0000  0.1074  0.2021  0.4968  0.5000
       6       1      18      17       0
  0.0000  0.1074  0.2021  0.4968  0.5000
       6       1      18      17       0
 24   5   8   5
  0.0000  0.1074  0.1233  0.1248  0.1604  0.2021  0.4968  0.5000
       6       1       4       6       1      18      17       0
  0.0000  0.1074  0.2021  0.4968  0.5000
       6       1      18      17       0
 24   6   5   5
  0.0000  0.1074  0.2021  0.4968  0.5000
       6       1      18      17       0
  0.0000  0.1074  0.2021  0.4968  0.5000
       6       1      18      17       0
 24   7   5   5
  0.0000  0.1074  0.2021  0.4968  0.5000
       6       1      18      17       0
  0.0000  0.1074  0.2021  0.4968  0.5000
       6       1      18      17       0
 24   8   5   7
  0.0000  0.1074  0.2021  0.4968  0.5000
       6       1      18      17       0
  0.0000  0.0900  0.0939  0.1074  0.2021  0.4968  0.5000
       6       4       6       1      18      17       0
 24   9   7  13
  0.0000  0.0900  0.0998  0.1582  0.2021  0.4968  0.5000
       6       4       6       1      18      17       0
  0.0000  0.1074  0.1192  0.1248  0.1893  0.1924  0.2096  0.2626  0.3087  0.4578
       6       1       4       6      18       4      18      20      18       2
  0.4634  0.4968  0.5000
      18      17       0
 24  10   7   5
  0.0000  0.0900  0.1248  0.1604  0.2021  0.4968  0.5000
       6       4       6       1      18      17       0
  0.0000  0.1074  0.2021  0.4968  0.5000
       6       1      18      17       0
 25   1   7   5
  0.0000  0.1074  0.1323  0.1604  0.2021  0.4968  0.5000
       6       1       6       1      18      17       0
  0.0000  0.1074  0.2021  0.4968  0.5000
       6       1      18      17       0
 25   2   5   7
  0.0000  0.1074  0.2021  0.4968  0.5000
       6       1      18      17       0
  0.0000  0.0900  0.0939  0.1074  0.2021  0.4968  0.5000
       6       4       6       1      18      17       0
 25   3   5   5
  0.0000  0.1074  0.2021  0.4968  0.5000
       6       1      18      17       0
  0.0000  0.1074  0.2021  0.4968  0.5000
       6       1      18      17       0
 25   4   5   8
  0.0000  0.1074  0.2021  0.4968  0.5000
       6       1      18      17       0
  0.0000  0.1074  0.1233  0.1248  0.1604  0.2021  0.4968  0.5000
       6       1       4       6       1      18      17       0
 25   5   7   5
  0.0000  0.0900  0.0939  0.1074  0.2021  0.4968  0.5000
       6       4       6       1      18      17       0
  0.0000  0.1074  0.2021  0.4968  0.5000
       6       1      18      17       0
 25   6   5   5
  0.0000  0.1074  0.2021  0.4968  0.5000
       6       1      18      17       0
  0.0000  0.1074  0.2021  0.4968  0.5000
       6       1      18      17       0
 25   7   5   5
  0.0000  0.1074  0.2021  0.4968  0.5000
       6       1      18      17       0
  0.0000  0.1074  0.2021  0.4968  0.5000
       6       1      18      17       0
 25   8   5   5
  0.0000  0.1074  0.2021  0.4968  0.5000
       6       1      18      17       0
  0.0000  0.1074  0.2021  0.4968  0.5000
       6       1      18      17       0
 25   9  13   7
  0.0000  0.1074  0.1192  0.1248  0.1893  0.1924  0.2096  0.2626  0.3087  0.4578
       6       1       4       6      18       4      18      20      18       2
  0.4634  0.4968  0.5000
      18      17       0
  0.0000  0.0900  0.1248  0.1604  0.2021  0.4968  0.5000
       6       4       6       1      18      17       0
 25  10   5   5
  0.0000  0.1074  0.2021  0.4968  0.5000
       6       1      18      17       0
  0.0000  0.1074  0.2021  0.4968  0.5000
       6       1      18      17       0
 26   1   7   7
  0.0000  0.1074  0.1323  0.1604  0.2021  0.4968  0.5000
       6       1       6       1      18      17       0
  0.0000  0.0900  0.0939  0.1074  0.2021  0.4968  0.5000
       6       4       6       1      18      17       0
 26   2   5   7
  0.0000  0.1074  0.2021  0.4968  0.5000
       6       1      18      17       0
  0.0000  0.0900  0.0939  0.1074  0.2021  0.4968  0.5000
       6       4       6       1      18      17       0
 26   3   5   5
  0.0000  0.1074  0.2021  0.4968  0.5000
       6       1      18      17       0
  0.0000  0.1074  0.2021  0.4968  0.5000
       6       1      18      17       0
 26   4   5   5
  0.0000  0.1074  0.2021  0.4968  0.5000
       6       1      18      17       0
  0.0000  0.1074  0.2021  0.4968  0.5000
       6       1      18      17       0
 26   5   5   7
  0.0000  0.1074  0.2021  0.4968  0.5000
       6       1      18      17       0
  0.0000  0.1074  0.1323  0.1604  0.2021  0.4968  0.5000
       6       1       6       1      18      17       0
 26   6   7   5
  0.0000  0.0900  0.1248  0.1604  0.2021  0.4968  0.5000
       6       4       6       1      18      17       0
  0.0000  0.1074  0.2021  0.4968  0.5000
       6       1      18      17       0
 26   7   5   8
  0.0000  0.1074  0.2021  0.4968  0.5000
       6       1      18      17       0
  0.0000  0.1074  0.1233  0.1248  0.1604  0.2021  0.4968  0.5000
       6       1       4       6       1      18      17       0
 26   8  11   5
  0.0000  0.1074  0.1192  0.1248  0.1893  0.1924  0.2096  0.2626  0.3087  0.4968
       6       1       4       6      18       4      18      20      18      17
  0.5000
       0
  0.0000  0.1074  0.2021  0.4968  0.5000
       6       1      18      17       0
 26   9   5   5
  0.0000  0.1074  0.2021  0.4968  0.5000
       6       1      18      17       0
  0.0000  0.1074  0.2021  0.4968  0.5000
       6       1      18      17       0
 26  10   5   5
  0.0000  0.1074  0.2021  0.4968  0.5000
       6       1      18      17       0
  0.0000  0.1074  0.2021  0.4968  0.5000
       6       1      18      17       0
 27   1   5   7
  0.0000  0.1074  0.2021  0.4968  0.5000
       6       1      18      17       0
  0.0000  0.1074  0.1323  0.1604  0.2021  0.4968  0.5000
       6       1       6       1      18      17       0
 27   2   5   5
  0.0000  0.1074  0.2021  0.4968  0.5000
       6       1      18      17       0
  0.0000  0.1074  0.2021  0.4968  0.5000
       6       1      18      17       0
 27   3   5   5
  0.0000  0.1074  0.2021  0.4968  0.5000
       6       1      18      17       0
  0.0000  0.1074  0.2021  0.4968  0.5000
       6       1      18      17       0
 27   4   7   5
  0.0000  0.0900  0.1248  0.1604  0.2021  0.4968  0.5000
       6       4       6       1      18      17       0
  0.0000  0.1074  0.2021  0.4968  0.5000
       6       1      18      17       0
 27   5   7   5
  0.0000  0.0900  0.0939  0.1074  0.2021  0.4968  0.5000
       6       4       6       1      18      17       0
  0.0000  0.1074  0.2021  0.4968  0.5000
       6       1      18      17       0
 27   6   5  11
  0.0000  0.1074  0.2021  0.4968  0.5000
       6       1      18      17       0
  0.0000  0.1074  0.1192  0.1248  0.1893  0.1924  0.2096  0.2626  0.3087  0.4968
       6       1       4       6      18       4      18      20      18      17
  0.5000
       0
 27   7   7   5
  0.0000  0.0900  0.0939  0.1074  0.2021  0.4968  0.5000
       6       4       6       1      18      17       0
  0.0000  0.1074  0.2021  0.4968  0.5000
       6       1      18      17       0
 27   8   7   8
  0.0000  0.1074  0.1588  0.1604  0.2021  0.4968  0.5000
       6       1       6       1      18      17       0
  0.0000  0.1074  0.1233  0.1248  0.1604  0.2021  0.4968  0.5000
       6       1       4       6       1      18      17       0
 27   9   5   7
  0.0000  0.1074  0.2021  0.4968  0.5000
       6       1      18      17       0
  0.0000  0.0900  0.1045  0.1074  0.2021  0.4968  0.5000
       6       4       6       1      18      17       0
 27  10   5   5
  0.0000  0.1074  0.2021  0.4968  0.5000
       6       1      18      17       0
  0.0000  0.1074  0.2021  0.4968  0.5000
       6       1      18      17       0
 28   1   5   5
  0.0000  0.1074  0.2021  0.4968  0.5000
       6       1      18      17       0
  0.0000  0.1074  0.2021  0.4968  0.5000
       6       1      18      17       0
 28   2   5   5
  0.0000  0.1074  0.2021  0.4968  0.5000
       6       1      18      17       0
  0.0000  0.1074  0.2021  0.4968  0.5000
       6       1      18      17       0
 28   3   7   5
  0.0000  0.0900  0.1248  0.1604  0.2021  0.4968  0.5000
       6       4       6       1      18      17       0
  0.0000  0.1074  0.2021  0.4968  0.5000
       6       1      18      17       0
 28   4   7   7
  0.0000  0.0900  0.0939  0.1074  0.2021  0.4968  0.5000
       6       4       6       1      18      17       0
  0.0000  0.1074  0.1588  0.1604  0.2021  0.4968  0.5000
       6       1       6       1      18      17       0
 28   5  11   8
  0.0000  0.1074  0.1192  0.1248  0.1893  0.1924  0.2096  0.2626  0.3087  0.4968
       6       1       4       6      18       4      18      20      18      17
  0.5000
       0
  0.0000  0.1074  0.1233  0.1248  0.1604  0.2021  0.4968  0.5000
       6       1       4       6       1      18      17       0
 28   6   5   5
  0.0000  0.1074  0.2021  0.4968  0.5000
       6       1      18      17       0
  0.0000  0.1074  0.2021  0.4968  0.5000
       6       1      18      17       0
 28   7   5   5
  0.0000  0.1074  0.2021  0.4968  0.5000
       6       1      18      17       0
  0.0000  0.1074  0.2021  0.4968  0.5000
       6       1      18      17       0
 28   8   5   5
  0.0000  0.1074  0.2021  0.4968  0.5000
       6       1      18      17       0
  0.0000  0.1074  0.2021  0.4968  0.5000
       6       1      18      17       0
 28   9   7   8
  0.0000  0.0900  0.0939  0.1074  0.2021  0.4968  0.5000
       6       4       6       1      18      17       0
  0.0000  0.1074  0.1233  0.1248  0.1604  0.2021  0.4968  0.5000
       6       1       4       6       1      18      17       0
 28  10   5   7
  0.0000  0.1074  0.2021  0.4968  0.5000
       6       1      18      17       0
  0.0000  0.0900  0.0939  0.1074  0.2021  0.4968  0.5000
       6       4       6       1      18      17       0
 29   1   5   5
  0.0000  0.1074  0.2021  0.4968  0.5000
       6       1      18      17       0
  0.0000  0.1074  0.2021  0.4968  0.5000
       6       1      18      17       0
 29   2   5   5
  0.0000  0.1074  0.2021  0.4968  0.5000
       6       1      18      17       0
  0.0000  0.1074  0.2021  0.4968  0.5000
       6       1      18      17       0
 29   3   5  11
  0.0000  0.1074  0.2021  0.4968  0.5000
       6       1      18      17       0
  0.0000  0.1074  0.1192  0.1248  0.1893  0.1924  0.2096  0.2626  0.3087  0.4968
       6       1       4       6      18       4      18      20      18      17
  0.5000
       0
 29   4   7   5
  0.0000  0.1074  0.1588  0.1604  0.2021  0.4968  0.5000
       6       1       6       1      18      17       0
  0.0000  0.1074  0.2021  0.4968  0.5000
       6       1      18      17       0
 29   5   5   5
  0.0000  0.1074  0.2021  0.4968  0.5000
       6       1      18      17       0
  0.0000  0.1074  0.2021  0.4968  0.5000
       6       1      18      17       0
 29   6   5   5
  0.0000  0.1074  0.2021  0.4968  0.5000
       6       1      18      17       0
  0.0000  0.1074  0.2021  0.4968  0.5000
       6       1      18      17       0
 29   7   7   8
  0.0000  0.1074  0.1327  0.1604  0.2021  0.4968  0.5000
       6       1       6       1      18      17       0
  0.0000  0.1074  0.1233  0.1248  0.1604  0.2021  0.4968  0.5000
       6       1       4       6       1      18      17       0
 29   8  11   7
  0.0000  0.1074  0.1192  0.1248  0.1893  0.1924  0.2096  0.2626  0.3087  0.4968
       6       1       4       6      18       4      18      20      18      17
  0.5000
       0
  0.0000  0.0900  0.0939  0.1074  0.2021  0.4968  0.5000
       6       4       6       1      18      17       0
 29   9   5   7
  0.0000  0.1074  0.2021  0.4968  0.5000
       6       1      18      17       0
  0.0000  0.0900  0.0939  0.1074  0.2021  0.4968  0.5000
       6       4       6       1      18      17       0
 29  10   5   7
  0.0000  0.1074  0.2021  0.4968  0.5000
       6       1      18      17       0
  0.0000  0.0900  0.0939  0.1074  0.2021  0.4968  0.5000
       6       4       6       1      18      17       0
 30   1   7   7
  0.0000  0.0900  0.0939  0.1074  0.2021  0.4968  0.5000
       6       4       6       1      18      17       0
  0.0000  0.0900  0.0939  0.1074  0.2021  0.4968  0.5000
       6       4       6       1      18      17       0
 30   2   5   5
  0.0000  0.1074  0.2021  0.4968  0.5000
       6       1      18      17       0
  0.0000  0.1074  0.2021  0.4968  0.5000
       6       1      18      17       0
 30   3   7   5
  0.0000  0.1074  0.1588  0.1604  0.2021  0.4968  0.5000
       6       1       6       1      18      17       0
  0.0000  0.1074  0.2021  0.4968  0.5000
       6       1      18      17       0
 30   4   5   5
  0.0000  0.1074  0.2021  0.4968  0.5000
       6       1      18      17       0
  0.0000  0.1074  0.2021  0.4968  0.5000
       6       1      18      17       0
 30   5   7   7
  0.0000  0.0900  0.0939  0.1074  0.2021  0.4968  0.5000
       6       4       6       1      18      17       0
  0.0000  0.1074  0.1327  0.1604  0.2021  0.4968  0.5000
       6       1       6       1      18      17       0
 30   6   5   7
  0.0000  0.1074  0.2021  0.4968  0.5000
       6       1      18      17       0
  0.0000  0.0900  0.0939  0.1074  0.2021  0.4968  0.5000
       6       4       6       1      18      17       0
 30   7   7   7
  0.0000  0.0900  0.0939  0.1074  0.2021  0.4968  0.5000
       6       4       6       1      18      17       0
  0.0000  0.1074  0.1588  0.1604  0.2021  0.4968  0.5000
       6       1       6       1      18      17       0
 30   8   5   5
  0.0000  0.1074  0.2021  0.4968  0.5000
       6       1      18      17       0
  0.0000  0.1074  0.2021  0.4968  0.5000
       6       1      18      17       0
 30   9  12   5
  0.0000  0.0900  0.0939  0.1074  0.1754  0.1893  0.1924  0.2096  0.2626  0.3087
       6       4       6       1       6      18       4      18      20      18
  0.4968  0.5000
      17       0
  0.0000  0.1074  0.2021  0.4968  0.5000
       6       1      18      17       0
 30  10  11   8
  0.0000  0.1074  0.1192  0.1248  0.1893  0.1924  0.2096  0.2626  0.3087  0.4968
       6       1       4       6      18       4      18      20      18      17
  0.5000
       0
  0.0000  0.1074  0.1192  0.1248  0.1601  0.2021  0.4968  0.5000
       6       1       4       6       1      18      17       0
 31   1   5   5
  0.0000  0.1074  0.2021  0.4968  0.5000
       6       1      18      17       0
  0.0000  0.1074  0.2021  0.4968  0.5000
       6       1      18      17       0
 31   2   7  10
  0.0000  0.0900  0.0939  0.1074  0.2021  0.4968  0.5000
       6       4       6       1      18      17       0
  0.0000  0.1074  0.1192  0.1248  0.1601  0.2021  0.2626  0.3087  0.4968  0.5000
       6       1       4       6       1      18      20      18      17       0


 31   3   5   7
  0.0000  0.1074  0.2021  0.4968  0.5000
       6       1      18      17       0
  0.0000  0.0900  0.0939  0.1074  0.2021  0.4968  0.5000
       6       4       6       1      18      17       0
 31   4   5   7
  0.0000  0.1074  0.2021  0.4968  0.5000
       6       1      18      17       0
  0.0000  0.1074  0.1588  0.1604  0.2021  0.4968  0.5000
       6       1       6       1      18      17       0
 31   5   5   7
  0.0000  0.1074  0.2021  0.4968  0.5000
       6       1      18      17       0
  0.0000  0.1074  0.1327  0.1604  0.2021  0.4968  0.5000
       6       1       6       1      18      17       0
 31   6   5   7
  0.0000  0.1074  0.2021  0.4968  0.5000
       6       1      18      17       0
  0.0000  0.1074  0.1327  0.1604  0.2021  0.4968  0.5000
       6       1       6       1      18      17       0
 31   7   7   7
  0.0000  0.0900  0.0939  0.1074  0.2021  0.4968  0.5000
       6       4       6       1      18      17       0
  0.0000  0.1074  0.1588  0.1604  0.2021  0.4968  0.5000
       6       1       6       1      18      17       0
 31   8   5   8
  0.0000  0.1074  0.2021  0.4968  0.5000
       6       1      18      17       0
  0.0000  0.1074  0.1192  0.1248  0.1601  0.2021  0.4968  0.5000
       6       1       4       6       1      18      17       0
 31   9   7   7
  0.0000  0.1074  0.1588  0.1604  0.2021  0.4968  0.5000
       6       1       6       1      18      17       0
  0.0000  0.0900  0.0939  0.1074  0.2021  0.4968  0.5000
       6       4       6       1      18      17       0
 31  10   7   7
  0.0000  0.0900  0.0939  0.1074  0.2021  0.4968  0.5000
       6       4       6       1      18      17       0
  0.0000  0.0900  0.0939  0.1074  0.2021  0.4968  0.5000
       6       4       6       1      18      17       0
 32   1   5   5
  0.0000  0.1074  0.2021  0.4968  0.5000
       6       1      18      17       0
  0.0000  0.1074  0.2021  0.4968  0.5000
       6       1      18      17       0
 32   2   7   5
  0.0000  0.1074  0.1588  0.1604  0.2021  0.4968  0.5000
       6       1       6       1      18      17       0
  0.0000  0.1074  0.2021  0.4968  0.5000
       6       1      18      17       0
 32   3   7   5
  0.0000  0.0900  0.0939  0.1074  0.2021  0.4968  0.5000
       6       4       6       1      18      17       0
  0.0000  0.1074  0.2021  0.4968  0.5000
       6       1      18      17       0
 32   4   5   7
  0.0000  0.1074  0.2021  0.4968  0.5000
       6       1      18      17       0
  0.0000  0.0900  0.0939  0.1074  0.2021  0.4968  0.5000
       6       4       6       1      18      17       0
 32   5   7   5
  0.0000  0.0900  0.0939  0.1074  0.2021  0.4968  0.5000
       6       4       6       1      18      17       0
  0.0000  0.1074  0.2021  0.4968  0.5000
       6       1      18      17       0
 32   6   5   5
  0.0000  0.1074  0.2021  0.4968  0.5000
       6       1      18      17       0
  0.0000  0.1074  0.2021  0.4968  0.5000
       6       1      18      17       0
 32   7   5   7
  0.0000  0.1074  0.2021  0.4968  0.5000
       6       1      18      17       0
  0.0000  0.1074  0.1588  0.1604  0.2021  0.4968  0.5000
       6       1       6       1      18      17       0
 32   8   7   5
  0.0000  0.0900  0.0939  0.1074  0.2021  0.4968  0.5000
       6       4       6       1      18      17       0
  0.0000  0.1074  0.2021  0.4968  0.5000
       6       1      18      17       0
 32   9   7   7
  0.0000  0.1074  0.1327  0.1604  0.2021  0.4968  0.5000
       6       1       6       1      18      17       0
  0.0000  0.1074  0.1588  0.1604  0.2021  0.4968  0.5000
       6       1       6       1      18      17       0
 32  10   7   7
  0.0000  0.0900  0.0939  0.1074  0.2021  0.4968  0.5000
       6       4       6       1      18      17       0
  0.0000  0.0900  0.0939  0.1074  0.2021  0.4968  0.5000
       6       4       6       1      18      17       0
 33   1   7   5
  0.0000  0.0900  0.0939  0.1074  0.2021  0.4968  0.5000
       6       4       6       1      18      17       0
  0.0000  0.1074  0.2021  0.4968  0.5000
       6       1      18      17       0
 33   2   7   5
  0.0000  0.1074  0.1588  0.1604  0.2021  0.4968  0.5000
       6       1       6       1      18      17       0
  0.0000  0.1074  0.2021  0.4968  0.5000
       6       1      18      17       0
 33   3   5   7
  0.0000  0.1074  0.2021  0.4968  0.5000
       6       1      18      17       0
  0.0000  0.1074  0.1588  0.1604  0.2021  0.4968  0.5000
       6       1       6       1      18      17       0
 33   4   7   7
  0.0000  0.1074  0.1327  0.1604  0.2021  0.4968  0.5000
       6       1       6       1      18      17       0
  0.0000  0.0900  0.0939  0.1074  0.2021  0.4968  0.5000
       6       4       6       1      18      17       0
 33   5   5   9
  0.0000  0.1074  0.2021  0.4968  0.5000
       6       1      18      17       0
  0.0000  0.1074  0.1327  0.1406  0.1588  0.1604  0.2021  0.4968  0.5000
       6       1       6       1       6       1      18      17       0
 33   6   7   7
  0.0000  0.0900  0.0939  0.1074  0.2021  0.4968  0.5000
       6       4       6       1      18      17       0
  0.0000  0.1074  0.1588  0.1604  0.2021  0.4968  0.5000
       6       1       6       1      18      17       0
 33   7   5   7
  0.0000  0.1074  0.2021  0.4968  0.5000
       6       1      18      17       0
  0.0000  0.0900  0.0939  0.1074  0.2021  0.4968  0.5000
       6       4       6       1      18      17       0
 33   8   7   7
  0.0000  0.0900  0.0939  0.1074  0.2021  0.4968  0.5000
       6       4       6       1      18      17       0
  0.0000  0.0900  0.0939  0.1074  0.2021  0.4968  0.5000
       6       4       6       1      18      17       0
 33   9   7   5
  0.0000  0.0900  0.0939  0.1074  0.2021  0.4968  0.5000
       6       4       6       1      18      17       0
  0.0000  0.1074  0.2021  0.4968  0.5000
       6       1      18      17       0
 33  10   5   5
  0.0000  0.1074  0.2021  0.4968  0.5000
       6       1      18      17       0
  0.0000  0.1074  0.2021  0.4968  0.5000
       6       1      18      17       0
 34   1   7   9
  0.0000  0.1074  0.1588  0.1604  0.2021  0.4968  0.5000
       6       1       6       1      18      17       0
  0.0000  0.1074  0.1327  0.1406  0.1588  0.1604  0.2021  0.4968  0.5000
       6       1       6       1       6       1      18      17       0
 34   2   7   5
  0.0000  0.0900  0.0939  0.1074  0.2021  0.4968  0.5000
       6       4       6       1      18      17       0
  0.0000  0.1074  0.2021  0.4968  0.5000
       6       1      18      17       0
 34   3   5   7
  0.0000  0.1074  0.2021  0.4968  0.5000
       6       1      18      17       0
  0.0000  0.0900  0.0939  0.1074  0.2021  0.4968  0.5000
       6       4       6       1      18      17       0
 34   4   7   7
  0.0000  0.0900  0.0939  0.1074  0.2021  0.4968  0.5000
       6       4       6       1      18      17       0
  0.0000  0.1074  0.1327  0.1604  0.2021  0.4968  0.5000
       6       1       6       1      18      17       0
 34   5   7   9
  0.0000  0.0900  0.0939  0.1074  0.2021  0.4968  0.5000
       6       4       6       1      18      17       0
  0.0000  0.1074  0.1327  0.1406  0.1588  0.1604  0.2021  0.4968  0.5000
       6       1       6       1       6       1      18      17       0
 34   6   5   5
  0.0000  0.1074  0.2021  0.4968  0.5000
       6       1      18      17       0
  0.0000  0.1074  0.2021  0.4968  0.5000
       6       1      18      17       0
 34   7   7   7
  0.0000  0.0900  0.0939  0.1074  0.2021  0.4968  0.5000
       6       4       6       1      18      17       0
  0.0000  0.1074  0.1588  0.1604  0.2021  0.4968  0.5000
       6       1       6       1      18      17       0
 34   8   7   5
  0.0000  0.0900  0.0939  0.1074  0.2021  0.4968  0.5000
       6       4       6       1      18      17       0
  0.0000  0.1074  0.2021  0.4968  0.5000
       6       1      18      17       0
 34   9   5   7
  0.0000  0.1074  0.2021  0.4968  0.5000
       6       1      18      17       0
  0.0000  0.1074  0.1588  0.1604  0.2021  0.4968  0.5000
       6       1       6       1      18      17       0
 34  10   7   5
  0.0000  0.0900  0.0939  0.1074  0.2021  0.4968  0.5000
       6       4       6       1      18      17       0
  0.0000  0.1074  0.2021  0.4968  0.5000
       6       1      18      17       0
 35   1   7   5
  0.0000  0.0900  0.0939  0.1074  0.2021  0.4968  0.5000
       6       4       6       1      18      17       0
  0.0000  0.1074  0.2021  0.4968  0.5000
       6       1      18      17       0
 35   2   5   7
  0.0000  0.1074  0.2021  0.4968  0.5000
       6       1      18      17       0
  0.0000  0.1074  0.1588  0.1604  0.2021  0.4968  0.5000
       6       1       6       1      18      17       0
 35   3   5   5
  0.0000  0.1074  0.2021  0.4968  0.5000
       6       1      18      17       0
  0.0000  0.1074  0.2021  0.4968  0.5000
       6       1      18      17       0
 35   4   5   5
  0.0000  0.1074  0.2021  0.4968  0.5000
       6       1      18      17       0
  0.0000  0.1074  0.2021  0.4968  0.5000
       6       1      18      17       0
 35   5   7   7
  0.0000  0.0900  0.0939  0.1074  0.2021  0.4968  0.5000
       6       4       6       1      18      17       0
  0.0000  0.0900  0.0939  0.1074  0.2021  0.4968  0.5000
       6       4       6       1      18      17       0
 35   6   5   9
  0.0000  0.1074  0.2021  0.4968  0.5000
       6       1      18      17       0
  0.0000  0.0900  0.0939  0.1074  0.1446  0.1604  0.2021  0.4968  0.5000
       6       4       6       1       6       1      18      17       0
 35   7   5   7
  0.0000  0.1074  0.2021  0.4968  0.5000
       6       1      18      17       0
  0.0000  0.0900  0.0939  0.1074  0.2021  0.4968  0.5000
       6       4       6       1      18      17       0
 35   8   7   7
  0.0000  0.0900  0.0939  0.1074  0.2021  0.4968  0.5000
       6       4       6       1      18      17       0
  0.0000  0.0900  0.0939  0.1074  0.2021  0.4968  0.5000
       6       4       6       1      18      17       0
 35   9   5   7
  0.0000  0.1074  0.2021  0.4968  0.5000
       6       1      18      17       0
  0.0000  0.0900  0.0939  0.1074  0.2021  0.4968  0.5000
       6       4       6       1      18      17       0
 35  10   7   5
  0.0000  0.0900  0.0939  0.1074  0.2021  0.4968  0.5000
       6       4       6       1      18      17       0
  0.0000  0.1074  0.2021  0.4968  0.5000
       6       1      18      17       0
 36   1   7   5
  0.0000  0.0900  0.0939  0.1074  0.2021  0.4968  0.5000
       6       4       6       1      18      17       0
  0.0000  0.1074  0.2021  0.4968  0.5000
       6       1      18      17       0
 36   2   5   5
  0.0000  0.1074  0.2021  0.4968  0.5000
       6       1      18      17       0
  0.0000  0.1074  0.2021  0.4968  0.5000
       6       1      18      17       0
 36   3   5   7
  0.0000  0.1074  0.2021  0.4968  0.5000
       6       1      18      17       0
  0.0000  0.0900  0.0939  0.1074  0.2021  0.4968  0.5000
       6       4       6       1      18      17       0
 36   4   7   7
  0.0000  0.0900  0.0939  0.1074  0.2021  0.4968  0.5000
       6       4       6       1      18      17       0
  0.0000  0.1074  0.1588  0.1604  0.2021  0.4968  0.5000
       6       1       6       1      18      17       0
 36   5   5   5
  0.0000  0.1074  0.2021  0.4968  0.5000
       6       1      18      17       0
  0.0000  0.1074  0.2021  0.4968  0.5000
       6       1      18      17       0
 36   6   7   5
  0.0000  0.0900  0.0939  0.1074  0.2021  0.4968  0.5000
       6       4       6       1      18      17       0
  0.0000  0.1074  0.2021  0.4968  0.5000
       6       1      18      17       0
 36   7   5   5
  0.0000  0.1074  0.2021  0.4968  0.5000
       6       1      18      17       0
  0.0000  0.1074  0.2021  0.4968  0.5000
       6       1      18      17       0
 36   8   5   7
  0.0000  0.1074  0.2021  0.4968  0.5000
       6       1      18      17       0
  0.0000  0.1074  0.1588  0.1604  0.2021  0.4968  0.5000
       6       1       6       1      18      17       0
 36   9   5   7
  0.0000  0.1074  0.2021  0.4968  0.5000
       6       1      18      17       0
  0.0000  0.0900  0.0939  0.1074  0.2021  0.4968  0.5000
       6       4       6       1      18      17       0
 36  10   7   5
  0.0000  0.0900  0.0939  0.1074  0.2021  0.4968  0.5000
       6       4       6       1      18      17       0
  0.0000  0.1074  0.2021  0.4968  0.5000
       6       1      18      17       0
 37   1   5   7
  0.0000  0.1074  0.2021  0.4968  0.5000
       6       1      18      17       0
  0.0000  0.0900  0.0939  0.1074  0.2021  0.4968  0.5000
       6       4       6       1      18      17       0
 37   2   5   7
  0.0000  0.1074  0.2021  0.4968  0.5000
       6       1      18      17       0
  0.0000  0.0900  0.0939  0.1074  0.2021  0.4968  0.5000
       6       4       6       1      18      17       0
 37   3   5   5
  0.0000  0.1074  0.2021  0.4968  0.5000
       6       1      18      17       0
  0.0000  0.1074  0.2021  0.4968  0.5000
       6       1      18      17       0
 37   4   7   5
  0.0000  0.0900  0.0939  0.1074  0.2021  0.4968  0.5000
       6       4       6       1      18      17       0
  0.0000  0.1074  0.2021  0.4968  0.5000
       6       1      18      17       0
 37   5   5   7
  0.0000  0.1074  0.2021  0.4968  0.5000
       6       1      18      17       0
  0.0000  0.0900  0.0939  0.1074  0.2021  0.4968  0.5000
       6       4       6       1      18      17       0
 37   6   5   5
  0.0000  0.1074  0.2021  0.4968  0.5000
       6       1      18      17       0
  0.0000  0.1074  0.2021  0.4968  0.5000
       6       1      18      17       0
 37   7   7   5
  0.0000  0.1074  0.1588  0.1604  0.2021  0.4968  0.5000
       6       1       6       1      18      17       0
  0.0000  0.1074  0.2021  0.4968  0.5000
       6       1      18      17       0
 37   8   5   5
  0.0000  0.1074  0.2021  0.4968  0.5000
       6       1      18      17       0
  0.0000  0.1074  0.2021  0.4968  0.5000
       6       1      18      17       0
 37   9   7   7
  0.0000  0.0900  0.0939  0.1074  0.2021  0.4968  0.5000
       6       4       6       1      18      17       0
  0.0000  0.0900  0.0939  0.1074  0.2021  0.4968  0.5000
       6       4       6       1      18      17       0
 37  10   7   5
  0.0000  0.0900  0.0939  0.1074  0.2021  0.4968  0.5000
       6       4       6       1      18      17       0
  0.0000  0.1074  0.2021  0.4968  0.5000
       6       1      18      17       0
 38   1   7   7
  0.0000  0.0900  0.0939  0.1074  0.2021  0.4968  0.5000
       6       4       6       1      18      17       0
  0.0000  0.1074  0.1588  0.1604  0.2021  0.4968  0.5000
       6       1       6       1      18      17       0
 38   2   7   5
  0.0000  0.0900  0.0939  0.1074  0.2021  0.4968  0.5000
       6       4       6       1      18      17       0
  0.0000  0.1074  0.2021  0.4968  0.5000
       6       1      18      17       0
 38   3   7   7
  0.0000  0.1074  0.1588  0.1604  0.2021  0.4968  0.5000
       6       1       6       1      18      17       0
  0.0000  0.1074  0.1588  0.1604  0.2021  0.4968  0.5000
       6       1       6       1      18      17       0
 38   4   7   7
  0.0000  0.0900  0.0939  0.1074  0.2021  0.4968  0.5000
       6       4       6       1      18      17       0
  0.0000  0.0900  0.0939  0.1074  0.2021  0.4968  0.5000
       6       4       6       1      18      17       0
 38   5   5   5
  0.0000  0.1074  0.2021  0.4968  0.5000
       6       1      18      17       0
  0.0000  0.1074  0.2021  0.4968  0.5000
       6       1      18      17       0
 38   6   5   5
  0.0000  0.1074  0.2021  0.4968  0.5000
       6       1      18      17       0
  0.0000  0.1074  0.2021  0.4968  0.5000
       6       1      18      17       0
 38   7   7   7
  0.0000  0.0900  0.0939  0.1074  0.2021  0.4968  0.5000
       6       4       6       1      18      17       0
  0.0000  0.1074  0.1588  0.1604  0.2021  0.4968  0.5000
       6       1       6       1      18      17       0
 38   8   5   7
  0.0000  0.1074  0.2021  0.4968  0.5000
       6       1      18      17       0
  0.0000  0.0900  0.0939  0.1074  0.2021  0.4968  0.5000
       6       4       6       1      18      17       0
 38   9   7   7
  0.0000  0.0900  0.0939  0.1074  0.2021  0.4968  0.5000
       6       4       6       1      18      17       0
  0.0000  0.0900  0.0939  0.1074  0.2021  0.4968  0.5000
       6       4       6       1      18      17       0
 38  10   7   7
  0.0000  0.0900  0.0939  0.1074  0.2021  0.4968  0.5000
       6       4       6       1      18      17       0
  0.0000  0.0900  0.0939  0.1074  0.2021  0.4968  0.5000
       6       4       6       1      18      17       0
 39   1   7   5
  0.0000  0.0900  0.0939  0.1074  0.2021  0.4968  0.5000
       6       4       6       1      18      17       0
  0.0000  0.1074  0.2021  0.4968  0.5000
       6       1      18      17       0
 39   2   5   7
  0.0000  0.1074  0.2021  0.4968  0.5000
       6       1      18      17       0
  0.0000  0.1074  0.1588  0.1604  0.2021  0.4968  0.5000
       6       1       6       1      18      17       0
 39   3   5   7
  0.0000  0.1074  0.2021  0.4968  0.5000
       6       1      18      17       0
  0.0000  0.1074  0.1588  0.1604  0.2021  0.4968  0.5000
       6       1       6       1      18      17       0
 39   4   5   7
  0.0000  0.1074  0.2021  0.4968  0.5000
       6       1      18      17       0
  0.0000  0.0900  0.0939  0.1074  0.2021  0.4968  0.5000
       6       4       6       1      18      17       0
 39   5   7   7
  0.0000  0.0900  0.0939  0.1074  0.2021  0.4968  0.5000
       6       4       6       1      18      17       0
  0.0000  0.0900  0.0939  0.1074  0.2021  0.4968  0.5000
       6       4       6       1      18      17       0
 39   6   7   7
  0.0000  0.0900  0.0939  0.1074  0.2021  0.4968  0.5000
       6       4       6       1      18      17       0
  0.0000  0.0900  0.0939  0.1074  0.2021  0.4968  0.5000
       6       4       6       1      18      17       0
 39   7   7   7
  0.0000  0.0900  0.0939  0.1074  0.2021  0.4968  0.5000
       6       4       6       1      18      17       0
  0.0000  0.1074  0.1588  0.1604  0.2021  0.4968  0.5000
       6       1       6       1      18      17       0
 39   8   5   7
  0.0000  0.1074  0.2021  0.4968  0.5000
       6       1      18      17       0
  0.0000  0.1074  0.1588  0.1604  0.2021  0.4968  0.5000
       6       1       6       1      18      17       0
 39   9   7   7
  0.0000  0.0900  0.0939  0.1074  0.2021  0.4968  0.5000
       6       4       6       1      18      17       0
  0.0000  0.1074  0.1588  0.1604  0.2021  0.4968  0.5000
       6       1       6       1      18      17       0
 39  10   7   7
  0.0000  0.0900  0.0939  0.1074  0.2021  0.4968  0.5000
       6       4       6       1      18      17       0
  0.0000  0.0900  0.0939  0.1074  0.2021  0.4968  0.5000
       6       4       6       1      18      17       0
 40   1   7   7
  0.0000  0.0900  0.0939  0.1074  0.2021  0.4968  0.5000
       6       4       6       1      18      17       0
  0.0000  0.0900  0.0939  0.1074  0.2021  0.4968  0.5000
       6       4       6       1      18      17       0
 40   2   5   7
  0.0000  0.1074  0.2021  0.4968  0.5000
       6       1      18      17       0
  0.0000  0.0900  0.0939  0.1074  0.2021  0.4968  0.5000
       6       4       6       1      18      17       0
 40   3   5   7
  0.0000  0.1074  0.2021  0.4968  0.5000
       6       1      18      17       0
  0.0000  0.0900  0.0939  0.1074  0.2021  0.4968  0.5000
       6       4       6       1      18      17       0
 40   4   7   7
  0.0000  0.0900  0.0939  0.1074  0.2021  0.4968  0.5000
       6       4       6       1      18      17       0
  0.0000  0.0900  0.0939  0.1074  0.2021  0.4968  0.5000
       6       4       6       1      18      17       0
 40   5   7   5
  0.0000  0.1074  0.1588  0.1604  0.2021  0.4968  0.5000
       6       1       6       1      18      17       0
  0.0000  0.1074  0.2021  0.4968  0.5000
       6       1      18      17       0
 40   6   5   7
  0.0000  0.1074  0.2021  0.4968  0.5000
       6       1      18      17       0
  0.0000  0.0900  0.0939  0.1074  0.2021  0.4968  0.5000
       6       4       6       1      18      17       0
 40   7   7   7
  0.0000  0.0900  0.0939  0.1074  0.2021  0.4968  0.5000
       6       4       6       1      18      17       0
  0.0000  0.0900  0.0939  0.1074  0.2021  0.4968  0.5000
       6       4       6       1      18      17       0
 40   8   7   5
  0.0000  0.0900  0.0939  0.1074  0.2021  0.4968  0.5000
       6       4       6       1      18      17       0
  0.0000  0.1074  0.2021  0.4968  0.5000
       6       1      18      17       0
 40   9   7   5
  0.0000  0.1074  0.1588  0.1604  0.2021  0.4968  0.5000
       6       1       6       1      18      17       0
  0.0000  0.1074  0.2021  0.4968  0.5000
       6       1      18      17       0
 40  10   5   7
  0.0000  0.1074  0.2021  0.4968  0.5000
       6       1      18      17       0
  0.0000  0.0900  0.0939  0.1074  0.2021  0.4968  0.5000
       6       4       6       1      18      17       0
