 ... generation ...    0
   1   0   0   2   2   2   2
 -0.5000  0.5000
       1    ****

 -0.5000  0.5000
       2    ****

  0.0000  0.0000  0.0000  0.0000  0.0000  0.0000  0.0000  0.0000  0.0000  0.0000  0.0000  0.0000  0.0000  0.0000  0.0000
  0.0000  0.0000  0.0000  0.0000  0.0000  0.0000  0.0000  0.0000  0.0000  0.0000  0.0000  0.0000  0.0000  0.0000  0.0000
 -0.5000  0.5000
       0    ****

 -0.5000  0.5000
       0    ****

  0.0000  0.0000  0.0000  0.0000  0.0000  0.0000  0.0000  0.0000  0.0000  0.0000  0.0000  0.0000  0.0000  0.0000  0.0000
  0.0000  0.0000  0.0000  0.0000  0.0000  0.0000  0.0000  0.0000  0.0000  0.0000  0.0000  0.0000  0.0000  0.0000  0.0000
   2   0   0   2   2   2   2
 -0.5000  0.5000
       3    ****

 -0.5000  0.5000
       4    ****

  0.0000  0.0000  0.0000  0.0000  0.0000  0.0000  0.0000  0.0000  0.0000  0.0000  0.0000  0.0000  0.0000  0.0000  0.0000
  0.0000  0.0000  0.0000  0.0000  0.0000  0.0000  0.0000  0.0000  0.0000  0.0000  0.0000  0.0000  0.0000  0.0000  0.0000
 -0.5000  0.5000
       0    ****

 -0.5000  0.5000
       0    ****

  0.0000  0.0000  0.0000  0.0000  0.0000  0.0000  0.0000  0.0000  0.0000  0.0000  0.0000  0.0000  0.0000  0.0000  0.0000
  0.0000  0.0000  0.0000  0.0000  0.0000  0.0000  0.0000  0.0000  0.0000  0.0000  0.0000  0.0000  0.0000  0.0000  0.0000
   3   0   0   2   2   2   2
 -0.5000  0.5000
       5    ****

 -0.5000  0.5000
       6    ****

  0.0000  0.0000  0.0000  0.0000  0.0000  0.0000  0.0000  0.0000  0.0000  0.0000  0.0000  0.0000  0.0000  0.0000  0.0000
  0.0000  0.0000  0.0000  0.0000  0.0000  0.0000  0.0000  0.0000  0.0000  0.0000  0.0000  0.0000  0.0000  0.0000  0.0000
 -0.5000  0.5000
       0    ****

 -0.5000  0.5000
       0    ****

  0.0000  0.0000  0.0000  0.0000  0.0000  0.0000  0.0000  0.0000  0.0000  0.0000  0.0000  0.0000  0.0000  0.0000  0.0000
  0.0000  0.0000  0.0000  0.0000  0.0000  0.0000  0.0000  0.0000  0.0000  0.0000  0.0000  0.0000  0.0000  0.0000  0.0000
   4   0   0   2   2   2   2
 -0.5000  0.5000
       7    ****

 -0.5000  0.5000
       8    ****

  0.0000  0.0000  0.0000  0.0000  0.0000  0.0000  0.0000  0.0000  0.0000  0.0000  0.0000  0.0000  0.0000  0.0000  0.0000
  0.0000  0.0000  0.0000  0.0000  0.0000  0.0000  0.0000  0.0000  0.0000  0.0000  0.0000  0.0000  0.0000  0.0000  0.0000
 -0.5000  0.5000
       0    ****

 -0.5000  0.5000
       0    ****

  0.0000  0.0000  0.0000  0.0000  0.0000  0.0000  0.0000  0.0000  0.0000  0.0000  0.0000  0.0000  0.0000  0.0000  0.0000
  0.0000  0.0000  0.0000  0.0000  0.0000  0.0000  0.0000  0.0000  0.0000  0.0000  0.0000  0.0000  0.0000  0.0000  0.0000
 ... generation ...    1
   1   2   2   3   2   2   2
 -0.5000 -0.2554  0.5000
       4       3    ****

 -0.5000  0.5000
       4    ****

  0.0000  0.0000  0.0000  0.0000  0.0000  0.0000  0.0000  0.0000  0.0000  0.0000  0.0000  0.0000  0.0000  0.0000  0.0000
  0.0000  0.0000  0.0000  0.0000  0.0000  0.0000  0.0000  0.0000  0.0000  0.0000  0.0000  0.0000  0.0000  0.0000  0.0000
 -0.5000  0.5000
       0    ****

 -0.5000  0.5000
       0    ****

  0.0000  0.0000  0.0000  0.0000  0.0000  0.0000  0.0000  0.0000  0.0000  0.0000  0.0000  0.0000  0.0000  0.0000  0.0000
  0.0000  0.0000  0.0000  0.0000  0.0000  0.0000  0.0000  0.0000  0.0000  0.0000  0.0000  0.0000  0.0000  0.0000  0.0000
   2   3   3   3   2   3   2
 -0.5000 -0.2257  0.5000
       6       5    ****

 -0.5000  0.5000
       6    ****

  0.0000  0.0000  0.0000  0.0000  0.0000  0.0000  0.0000  0.0000  0.0000  0.0000  0.0000  0.0000  0.0000  0.0000  0.0000
  0.0000  0.0000  0.0000  0.0000  0.0000  0.0000  0.0000  0.0000  0.0000  0.0000  0.0000  0.0000  0.0000  0.0000  0.0000
 -0.5000 -0.2257  0.5000
       1      -1    ****

 -0.5000  0.5000
       1    ****

  0.0000  0.0000  0.0000  0.0000  0.0000  0.0000  0.0000  0.0000  0.0000  0.0000  0.0000  0.0000  0.0000  0.0000  0.0000
  0.0000  0.0000  0.0000  0.0000  0.0000  0.0000  0.0000  0.0000  0.0000  0.0000  0.0000  0.0000  0.0000  0.0000  0.0000
   3   1   3   2   4   2   4
 -0.5000  0.5000
       1    ****

 -0.5000  0.0958  0.3209  0.5000
       5       6       5    ****

  0.0000  0.0000  0.0000  0.0000  0.0000  0.0000  0.0000  0.0000  0.0000  0.0000  0.0000  0.0000  0.0000  0.0000  0.0000
  0.0000  0.0000  0.0000  0.0000  0.0000  0.0000  0.0000  0.0000  0.0000  0.0000  0.0000  0.0000  0.0000  0.0000  0.0000
 -0.5000  0.5000
       0    ****

 -0.5000  0.0958  0.3209  0.5000
      -1       1      -1    ****

  0.0000  0.0000  0.0000  0.0000  0.0000  0.0000  0.0000  0.0000  0.0000  0.0000  0.0000  0.0000  0.0000  0.0000  0.0000
  0.0000  0.0000  0.0000  0.0000  0.0000  0.0000  0.0000  0.0000  0.0000  0.0000  0.0000  0.0000  0.0000  0.0000  0.0000
   4   1   2   4   2   2   2
 -0.5000 -0.3491  0.1571  0.5000
       1       2       1    ****

 -0.5000  0.5000
       4    ****

  0.0000  0.0000  0.0000  0.0000  0.0000  0.0000  0.0000  0.0000  0.0000  0.0000  0.0000  0.0000  0.0000  0.0000  0.0000
  0.0000  0.0000  0.0000  0.0000  0.0000  0.0000  0.0000  0.0000  0.0000  0.0000  0.0000  0.0000  0.0000  0.0000  0.0000
 -0.5000  0.5000
       0    ****

 -0.5000  0.5000
       0    ****

  0.0000  0.0000  0.0000  0.0000  0.0000  0.0000  0.0000  0.0000  0.0000  0.0000  0.0000  0.0000  0.0000  0.0000  0.0000
  0.0000  0.0000  0.0000  0.0000  0.0000  0.0000  0.0000  0.0000  0.0000  0.0000  0.0000  0.0000  0.0000  0.0000  0.0000
 ... generation ...    2
   1   3   4   4   5   4   2
 -0.5000  0.0958  0.3209  0.5000
       5       6       5    ****

 -0.5000 -0.3911 -0.2505  0.1571  0.5000
       1       4       2       1    ****

  0.0000  0.0000  0.0000  0.0000  0.0000  0.0000  0.0000  0.0000  0.0000  0.0000  0.0000  0.0000  0.0000  0.0000  0.0000
  0.0000  0.0000  0.0000  0.0000  0.0000  0.0000  0.0000  0.0000  0.0000  0.0000  0.0000  0.0000  0.0000  0.0000  0.0000
 -0.5000  0.0958  0.3209  0.5000
       0       1       0    ****

 -0.5000  0.5000
       0    ****

  0.0000  0.0000  0.0000  0.0000  0.0000  0.0000  0.0000  0.0000  0.0000  0.0000  0.0000  0.0000  0.0000  0.0000  0.0000
  0.0000  0.0000  0.0000  0.0000  0.0000  0.0000  0.0000  0.0000  0.0000  0.0000  0.0000  0.0000  0.0000  0.0000  0.0000
   2   4   1   4   4   2   2
 -0.5000 -0.3491  0.1571  0.5000
       1       2       1    ****

 -0.5000 -0.2554  0.2596  0.5000
       4       3       4    ****

  0.0000  0.0000  0.0000  0.0000  0.0000  0.0000  0.0000  0.0000  0.0000  0.0000  0.0000  0.0000  0.0000  0.0000  0.0000
  0.0000  0.0000  0.0000  0.0000  0.0000  0.0000  0.0000  0.0000  0.0000  0.0000  0.0000  0.0000  0.0000  0.0000  0.0000
 -0.5000  0.5000
       0    ****

 -0.5000  0.5000
       0    ****

  0.0000  0.0000  0.0000  0.0000  0.0000  0.0000  0.0000  0.0000  0.0000  0.0000  0.0000  0.0000  0.0000  0.0000  0.0000
  0.0000  0.0000  0.0000  0.0000  0.0000  0.0000  0.0000  0.0000  0.0000  0.0000  0.0000  0.0000  0.0000  0.0000  0.0000
   3   3   1   2   3   4   2
 -0.5000  0.5000
       1    ****

 -0.5000  0.0748  0.5000
       4       3    ****

  0.0000  0.0000  0.0000  0.0000  0.0000  0.0000  0.0000  0.0000  0.0000  0.0000  0.0000  0.0000  0.0000  0.0000  0.0000
  0.0000  0.0000  0.0000  0.0000  0.0000  0.0000  0.0000  0.0000  0.0000  0.0000  0.0000  0.0000  0.0000  0.0000  0.0000
 -0.5000  0.0958  0.3209  0.5000
       0      -1       0    ****

 -0.5000  0.5000
       0    ****

  0.0000  0.0000  0.0000  0.0000  0.0000  0.0000  0.0000  0.0000  0.0000  0.0000  0.0000  0.0000  0.0000  0.0000  0.0000
  0.0000  0.0000  0.0000  0.0000  0.0000  0.0000  0.0000  0.0000  0.0000  0.0000  0.0000  0.0000  0.0000  0.0000  0.0000
   4   1   2   4   4   2   4
 -0.5000  0.0183  0.2520  0.5000
       4       3       4    ****

 -0.5000 -0.2257  0.2832  0.5000
       6       5       6    ****

  0.0000  0.0000  0.0000  0.0000  0.0000  0.0000  0.0000  0.0000  0.0000  0.0000  0.0000  0.0000  0.0000  0.0000  0.0000
  0.0000  0.0000  0.0000  0.0000  0.0000  0.0000  0.0000  0.0000  0.0000  0.0000  0.0000  0.0000  0.0000  0.0000  0.0000
 -0.5000  0.5000
       0    ****

 -0.5000 -0.2257  0.2832  0.5000
       0      -1       1    ****

  0.0000  0.0000  0.0000  0.0000  0.0000  0.0000  0.0000  0.0000  0.0000  0.0000  0.0000  0.0000  0.0000  0.0000  0.0000
  0.0000  0.0000  0.0000  0.0000  0.0000  0.0000  0.0000  0.0000  0.0000  0.0000  0.0000  0.0000  0.0000  0.0000  0.0000
 ... generation ...    3
   1   1   4   4   5   4   5
 -0.5000  0.0958  0.3209  0.5000
       5       6       5    ****

 -0.5000 -0.3366 -0.2257  0.2832  0.5000
       4       6       5       6    ****

  0.0000  0.0000  0.0000  0.0000  0.0000  0.0000  0.0000  0.0000  0.0000  0.0000  0.0000  0.0000  0.0000  0.0000  0.0000
  0.0000  0.0000  0.0000  0.0000  0.0000  0.0000  0.0000  0.0000  0.0000  0.0000  0.0000  0.0000  0.0000  0.0000  0.0000
 -0.5000  0.0958  0.3209  0.5000
       0       1       0    ****

 -0.5000 -0.3366 -0.2257  0.2832  0.5000
      -1       1       0       1    ****

  0.0000  0.0000  0.0000  0.0000  0.0000  0.0000  0.0000  0.0000  0.0000  0.0000  0.0000  0.0000  0.0000  0.0000  0.0000
  0.0000  0.0000  0.0000  0.0000  0.0000  0.0000  0.0000  0.0000  0.0000  0.0000  0.0000  0.0000  0.0000  0.0000  0.0000
   2   4   1   4   7   4   4
 -0.5000  0.0183  0.2520  0.5000
       4       3       4    ****

 -0.5000 -0.3911 -0.2505  0.0061  0.0958  0.3209  0.5000
       1       4       2       5       6       5    ****

  0.0000  0.0000  0.0000  0.0000  0.0000  0.0000  0.0000  0.0000  0.0000  0.0000  0.0000  0.0000  0.0000  0.0000  0.0000
  0.0000  0.0000  0.0000  0.0000  0.0000  0.0000  0.0000  0.0000  0.0000  0.0000  0.0000  0.0000  0.0000  0.0000  0.0000
 -0.5000 -0.2257  0.2832  0.5000
      -1       0      -1    ****

 -0.5000  0.0958  0.3209  0.5000
       0       1       0    ****

  0.0000  0.0000  0.0000  0.0000  0.0000  0.0000  0.0000  0.0000  0.0000  0.0000  0.0000  0.0000  0.0000  0.0000  0.0000
  0.0000  0.0000  0.0000  0.0000  0.0000  0.0000  0.0000  0.0000  0.0000  0.0000  0.0000  0.0000  0.0000  0.0000  0.0000
   3   4   2   6   4   6   2
 -0.5000 -0.1088  0.2832  0.2995  0.3391  0.5000
       4       5       6       4       6    ****

 -0.5000 -0.2554  0.2596  0.5000
       4       3       4    ****

  0.0000  0.0000  0.0000  0.0000  0.0000  0.0000  0.0000  0.0000  0.0000  0.0000  0.0000  0.0000  0.0000  0.0000  0.0000
  0.0000  0.0000  0.0000  0.0000  0.0000  0.0000  0.0000  0.0000  0.0000  0.0000  0.0000  0.0000  0.0000  0.0000  0.0000
 -0.5000 -0.2257  0.2832  0.2995  0.3391  0.5000
      -1       0       1      -1       1    ****

 -0.5000  0.5000
       0    ****

  0.0000  0.0000  0.0000  0.0000  0.0000  0.0000  0.0000  0.0000  0.0000  0.0000  0.0000  0.0000  0.0000  0.0000  0.0000
  0.0000  0.0000  0.0000  0.0000  0.0000  0.0000  0.0000  0.0000  0.0000  0.0000  0.0000  0.0000  0.0000  0.0000  0.0000
   4   3   1   2   4   2   5
 -0.5000  0.5000
       1    ****

 -0.5000  0.0958  0.2134  0.5000
       5       6       1    ****

  0.0000  0.0000  0.0000  0.0000  0.0000  0.0000  0.0000  0.0000  0.0000  0.0000  0.0000  0.0000  0.0000  0.0000  0.0000
  0.0000  0.0000  0.0000  0.0000  0.0000  0.0000  0.0000  0.0000  0.0000  0.0000  0.0000  0.0000  0.0000  0.0000  0.0000
 -0.5000  0.5000
       0    ****

 -0.5000  0.0958  0.2134  0.3209  0.5000
       0       1      -1       0    ****

  0.0000  0.0000  0.0000  0.0000  0.0000  0.0000  0.0000  0.0000  0.0000  0.0000  0.0000  0.0000  0.0000  0.0000  0.0000
  0.0000  0.0000  0.0000  0.0000  0.0000  0.0000  0.0000  0.0000  0.0000  0.0000  0.0000  0.0000  0.0000  0.0000  0.0000
 ... generation ...    4
   1   2   2   7   7   4   4
 -0.5000 -0.3911  0.0183  0.2520  0.4117  0.4611  0.5000
       1       4       3       4       5       4    ****

 -0.5000 -0.3911 -0.2505  0.0061  0.0958  0.3209  0.5000
       1       4       2       5       6       5    ****

  0.0000  0.0000  0.0000  0.0000  0.0000  0.0000  0.0000  0.0000  0.0000  0.0000  0.0000  0.0000  0.0000  0.0000  0.0000
  0.0000  0.0000  0.0000  0.0000  0.0000  0.0000  0.0000  0.0000  0.0000  0.0000  0.0000  0.0000  0.0000  0.0000  0.0000
 -0.5000  0.0958  0.3209  0.5000
       0      -1       0    ****

 -0.5000  0.0958  0.3209  0.5000
       0       1       0    ****

  0.0000  0.0000  0.0000  0.0000  0.0000  0.0000  0.0000  0.0000  0.0000  0.0000  0.0000  0.0000  0.0000  0.0000  0.0000
  0.0000  0.0000  0.0000  0.0000  0.0000  0.0000  0.0000  0.0000  0.0000  0.0000  0.0000  0.0000  0.0000  0.0000  0.0000
   2   1   1   4   4   7   7
 -0.5000  0.0958  0.3209  0.5000
       5       6       5    ****

 -0.5000  0.0958  0.3209  0.5000
       5       6       5    ****

  0.0000  0.0000  0.0000  0.0000  0.0000  0.0000  0.0000  0.0000  0.0000  0.0000  0.0000  0.0000  0.0000  0.0000  0.0000
  0.0000  0.0000  0.0000  0.0000  0.0000  0.0000  0.0000  0.0000  0.0000  0.0000  0.0000  0.0000  0.0000  0.0000  0.0000
 -0.5000 -0.3366 -0.2257  0.0958  0.2832  0.3209  0.5000
       0      -1       0       1       0      -1    ****

 -0.5000 -0.3366 -0.2257  0.0958  0.2832  0.3209  0.5000
       0      -1       0       1       0      -1    ****

  0.0000  0.0000  0.0000  0.0000  0.0000  0.0000  0.0000  0.0000  0.0000  0.0000  0.0000  0.0000  0.0000  0.0000  0.0000
  0.0000  0.0000  0.0000  0.0000  0.0000  0.0000  0.0000  0.0000  0.0000  0.0000  0.0000  0.0000  0.0000  0.0000  0.0000
   3   3   1   5   5   6   7
 -0.5000 -0.2554  0.2596  0.4769  0.5000
       4       3       4       6    ****

 -0.5000 -0.3366 -0.2257  0.2832  0.5000
       4       6       5       6    ****

  0.0000  0.0000  0.0000  0.0000  0.0000  0.0000  0.0000  0.0000  0.0000  0.0000  0.0000  0.0000  0.0000  0.0000  0.0000
  0.0000  0.0000  0.0000  0.0000  0.0000  0.0000  0.0000  0.0000  0.0000  0.0000  0.0000  0.0000  0.0000  0.0000  0.0000
 -0.5000  0.2832  0.2995  0.3391  0.4769  0.5000
       0      -1       0      -1       1    ****

 -0.5000 -0.3366 -0.2257  0.0958  0.2832  0.3209  0.5000
       0       1       0      -1       0       1    ****

  0.0000  0.0000  0.0000  0.0000  0.0000  0.0000  0.0000  0.0000  0.0000  0.0000  0.0000  0.0000  0.0000  0.0000  0.0000
  0.0000  0.0000  0.0000  0.0000  0.0000  0.0000  0.0000  0.0000  0.0000  0.0000  0.0000  0.0000  0.0000  0.0000  0.0000
   4   4   3   4   5   4   6
 -0.5000  0.0958  0.2134  0.5000
       5       6       1    ****

 -0.5000 -0.2554  0.2596  0.3561  0.5000
       4       3       4       6    ****

  0.0000  0.0000  0.0000  0.0000  0.0000  0.0000  0.0000  0.0000  0.0000  0.0000  0.0000  0.0000  0.0000  0.0000  0.0000
  0.0000  0.0000  0.0000  0.0000  0.0000  0.0000  0.0000  0.0000  0.0000  0.0000  0.0000  0.0000  0.0000  0.0000  0.0000
 -0.5000  0.0958  0.2134  0.5000
       0       1       0    ****

 -0.5000  0.2832  0.2995  0.3391  0.3561  0.5000
       0      -1       0      -1       1    ****

  0.0000  0.0000  0.0000  0.0000  0.0000  0.0000  0.0000  0.0000  0.0000  0.0000  0.0000  0.0000  0.0000  0.0000  0.0000
  0.0000  0.0000  0.0000  0.0000  0.0000  0.0000  0.0000  0.0000  0.0000  0.0000  0.0000  0.0000  0.0000  0.0000  0.0000
 ... generation ...    5
   1   3   4   7   9   7   5
 -0.5000 -0.3366 -0.2257 -0.1646  0.2596  0.3644  0.5000
       4       6       5       3       4       6    ****

 -0.5000 -0.4529 -0.2554  0.0857  0.0958  0.2134  0.2926  0.3561  0.5000
       5       4       3       5       6       1       4       6    ****

  0.0000  0.0000  0.0000  0.0000  0.0000  0.0000  0.0000  0.0000  0.0000  0.0000  0.0000  0.0000  0.0000  0.0000  0.0000
  0.0000  0.0000  0.0000  0.0000  0.0000  0.0000  0.0000  0.0000  0.0000  0.0000  0.0000  0.0000  0.0000  0.0000  0.0000
 -0.5000 -0.3366 -0.2257  0.2832  0.3644  0.4769  0.5000
       0       1       0      -1       1       0    ****

 -0.5000  0.0958  0.2134  0.3561  0.5000
       0       1       0       1    ****

  0.0000  0.0000  0.0000  0.0000  0.0000  0.0000  0.0000  0.0000  0.0000  0.0000  0.0000  0.0000  0.0000  0.0000  0.0000
  0.0000  0.0000  0.0000  0.0000  0.0000  0.0000  0.0000  0.0000  0.0000  0.0000  0.0000  0.0000  0.0000  0.0000  0.0000
   2   3   2   5   4   6   2
 -0.5000 -0.3366 -0.2257  0.2832  0.5000
       4       6       5       6    ****

 -0.5000  0.0958  0.3209  0.5000
       5       6       5    ****

  0.0000  0.0000  0.0000  0.0000  0.0000  0.0000  0.0000  0.0000  0.0000  0.0000  0.0000  0.0000  0.0000  0.0000  0.0000
  0.0000  0.0000  0.0000  0.0000  0.0000  0.0000  0.0000  0.0000  0.0000  0.0000  0.0000  0.0000  0.0000  0.0000  0.0000
 -0.5000 -0.3366 -0.2257  0.2832  0.4769  0.5000
       0       1       0       1       0    ****

 -0.5000  0.5000
       0    ****

  0.0000  0.0000  0.0000  0.0000  0.0000  0.0000  0.0000  0.0000  0.0000  0.0000  0.0000  0.0000  0.0000  0.0000  0.0000
  0.0000  0.0000  0.0000  0.0000  0.0000  0.0000  0.0000  0.0000  0.0000  0.0000  0.0000  0.0000  0.0000  0.0000  0.0000
   3   1   4   7   6   4   5
 -0.5000 -0.3911  0.0183  0.2520  0.4117  0.4611  0.5000
       1       4       3       4       5       4    ****

 -0.5000 -0.2554  0.0515  0.0958  0.2134  0.5000
       4       3       5       6       1    ****

  0.0000  0.0000  0.0000  0.0000  0.0000  0.0000  0.0000  0.0000  0.0000  0.0000  0.0000  0.0000  0.0000  0.0000  0.0000
  0.0000  0.0000  0.0000  0.0000  0.0000  0.0000  0.0000  0.0000  0.0000  0.0000  0.0000  0.0000  0.0000  0.0000  0.0000
 -0.5000  0.0958  0.3209  0.5000
       0      -1       0    ****

 -0.5000  0.0958  0.2134  0.3561  0.5000
       0       1       0      -1    ****

  0.0000  0.0000  0.0000  0.0000  0.0000  0.0000  0.0000  0.0000  0.0000  0.0000  0.0000  0.0000  0.0000  0.0000  0.0000
  0.0000  0.0000  0.0000  0.0000  0.0000  0.0000  0.0000  0.0000  0.0000  0.0000  0.0000  0.0000  0.0000  0.0000  0.0000
   4   3   3   6   5   6   6
 -0.5000 -0.2554  0.2596  0.2743  0.2832  0.5000
       4       3       4       5       6    ****

 -0.5000 -0.2554  0.2596  0.4769  0.5000
       4       3       4       6    ****

  0.0000  0.0000  0.0000  0.0000  0.0000  0.0000  0.0000  0.0000  0.0000  0.0000  0.0000  0.0000  0.0000  0.0000  0.0000
  0.0000  0.0000  0.0000  0.0000  0.0000  0.0000  0.0000  0.0000  0.0000  0.0000  0.0000  0.0000  0.0000  0.0000  0.0000
 -0.5000 -0.3366 -0.2257  0.2832  0.4769  0.5000
       0      -1       0       1       0    ****

 -0.5000 -0.3366 -0.2257  0.2832  0.4769  0.5000
       0      -1       0      -1       0    ****

  0.0000  0.0000  0.0000  0.0000  0.0000  0.0000  0.0000  0.0000  0.0000  0.0000  0.0000  0.0000  0.0000  0.0000  0.0000
  0.0000  0.0000  0.0000  0.0000  0.0000  0.0000  0.0000  0.0000  0.0000  0.0000  0.0000  0.0000  0.0000  0.0000  0.0000
 ... generation ...    6
   1   2   1   5   9   8   8
 -0.5000  0.0958  0.2263  0.2832  0.5000
       5       6       5       6    ****

 -0.5000 -0.4529 -0.2554  0.0857  0.0958  0.2134  0.2926  0.3561  0.5000
       5       4       3       5       6       1       4       6    ****

  0.0000  0.0000  0.0000  0.0000  0.0000  0.0000  0.0000  0.0000  0.0000  0.0000  0.0000  0.0000  0.0000  0.0000  0.0000
  0.0000  0.0000  0.0000  0.0000  0.0000  0.0000  0.0000  0.0000  0.0000  0.0000  0.0000  0.0000  0.0000  0.0000  0.0000
 -0.5000 -0.3366 -0.2257  0.0958  0.2263  0.2832  0.3209  0.5000
       0      -1       0       1      -1       0       1    ****

 -0.5000 -0.3366 -0.2257  0.0958  0.2134  0.3561  0.3644  0.5000
       0      -1       0       1       0       1       0    ****

  0.0000  0.0000  0.0000  0.0000  0.0000  0.0000  0.0000  0.0000  0.0000  0.0000  0.0000  0.0000  0.0000  0.0000  0.0000
  0.0000  0.0000  0.0000  0.0000  0.0000  0.0000  0.0000  0.0000  0.0000  0.0000  0.0000  0.0000  0.0000  0.0000  0.0000
   2   1   2  10   5   8   7
 -0.5000 -0.3366 -0.2257 -0.2244  0.0857  0.0958  0.2134  0.2926  0.3561  0.5000
       4       6       5       3       5       6       1       4       6    ****

 -0.5000 -0.3366 -0.2257  0.2832  0.5000
       4       6       5       6    ****

  0.0000  0.0000  0.0000  0.0000  0.0000  0.0000  0.0000  0.0000  0.0000  0.0000  0.0000  0.0000  0.0000  0.0000  0.0000
  0.0000  0.0000  0.0000  0.0000  0.0000  0.0000  0.0000  0.0000  0.0000  0.0000  0.0000  0.0000  0.0000  0.0000  0.0000
 -0.5000 -0.3366 -0.2257  0.0958  0.2134  0.3561  0.3644  0.5000
       0       1       0       1       0       1       0    ****

 -0.5000 -0.3366 -0.2257  0.0958  0.2832  0.3209  0.5000
       0       1       0      -1       0       1    ****

  0.0000  0.0000  0.0000  0.0000  0.0000  0.0000  0.0000  0.0000  0.0000  0.0000  0.0000  0.0000  0.0000  0.0000  0.0000
  0.0000  0.0000  0.0000  0.0000  0.0000  0.0000  0.0000  0.0000  0.0000  0.0000  0.0000  0.0000  0.0000  0.0000  0.0000
   3   3   4   8   6   4   4
 -0.5000 -0.2554 -0.0256  0.0183  0.2520  0.4117  0.4611  0.5000
       4       3       4       3       4       5       4    ****

 -0.5000 -0.2554  0.2596  0.2743  0.2832  0.5000
       4       3       4       5       6    ****

  0.0000  0.0000  0.0000  0.0000  0.0000  0.0000  0.0000  0.0000  0.0000  0.0000  0.0000  0.0000  0.0000  0.0000  0.0000
  0.0000  0.0000  0.0000  0.0000  0.0000  0.0000  0.0000  0.0000  0.0000  0.0000  0.0000  0.0000  0.0000  0.0000  0.0000
 -0.5000  0.0958  0.2134  0.5000
       0      -1       0    ****

 -0.5000  0.2832  0.4769  0.5000
       0       1       0    ****

  0.0000  0.0000  0.0000  0.0000  0.0000  0.0000  0.0000  0.0000  0.0000  0.0000  0.0000  0.0000  0.0000  0.0000  0.0000
  0.0000  0.0000  0.0000  0.0000  0.0000  0.0000  0.0000  0.0000  0.0000  0.0000  0.0000  0.0000  0.0000  0.0000  0.0000
   4   4   1   5   7   4   8
 -0.5000 -0.2554  0.2596  0.4769  0.5000
       4       3       4       6    ****

 -0.5000 -0.3366 -0.2257 -0.1646  0.2596  0.3644  0.5000
       4       6       5       3       4       6    ****

  0.0000  0.0000  0.0000  0.0000  0.0000  0.0000  0.0000  0.0000  0.0000  0.0000  0.0000  0.0000  0.0000  0.0000  0.0000
  0.0000  0.0000  0.0000  0.0000  0.0000  0.0000  0.0000  0.0000  0.0000  0.0000  0.0000  0.0000  0.0000  0.0000  0.0000
 -0.5000  0.2832  0.4769  0.5000
       0      -1       0    ****

 -0.5000 -0.3366 -0.2257  0.0958  0.2134  0.3561  0.3644  0.5000
       0       1       0      -1       0      -1       0    ****

  0.0000  0.0000  0.0000  0.0000  0.0000  0.0000  0.0000  0.0000  0.0000  0.0000  0.0000  0.0000  0.0000  0.0000  0.0000
  0.0000  0.0000  0.0000  0.0000  0.0000  0.0000  0.0000  0.0000  0.0000  0.0000  0.0000  0.0000  0.0000  0.0000  0.0000
 ... generation ...    7
   1   3   1   6   8   3   6
 -0.5000 -0.2554  0.2596  0.2743  0.2832  0.5000
       4       3       4       5       6    ****

 -0.5000 -0.4529 -0.2554 -0.2113  0.0958  0.2263  0.2832  0.5000
       5       4       3       5       6       5       6    ****

  0.0000  0.0000  0.0000  0.0000  0.0000  0.0000  0.0000  0.0000  0.0000  0.0000  0.0000  0.0000  0.0000  0.0000  0.0000
  0.0000  0.0000  0.0000  0.0000  0.0000  0.0000  0.0000  0.0000  0.0000  0.0000  0.0000  0.0000  0.0000  0.0000  0.0000
 -0.5000  0.2832  0.5000
       0       1    ****

 -0.5000  0.2134  0.2263  0.2832  0.3561  0.5000
       0       1       0       1       0    ****

  0.0000  0.0000  0.0000  0.0000  0.0000  0.0000  0.0000  0.0000  0.0000  0.0000  0.0000  0.0000  0.0000  0.0000  0.0000
  0.0000  0.0000  0.0000  0.0000  0.0000  0.0000  0.0000  0.0000  0.0000  0.0000  0.0000  0.0000  0.0000  0.0000  0.0000
   2   1   3   5   8   6   3
 -0.5000  0.0958  0.2263  0.2832  0.5000
       5       6       5       6    ****

 -0.5000 -0.2554 -0.0256  0.0091  0.2596  0.4117  0.4611  0.5000
       4       3       4       3       4       5       4    ****

  0.0000  0.0000  0.0000  0.0000  0.0000  0.0000  0.0000  0.0000  0.0000  0.0000  0.0000  0.0000  0.0000  0.0000  0.0000
  0.0000  0.0000  0.0000  0.0000  0.0000  0.0000  0.0000  0.0000  0.0000  0.0000  0.0000  0.0000  0.0000  0.0000  0.0000
 -0.5000  0.2134  0.2263  0.2832  0.3561  0.5000
       0       1       0       1       0    ****

 -0.5000  0.2832  0.5000
       0      -1    ****

  0.0000  0.0000  0.0000  0.0000  0.0000  0.0000  0.0000  0.0000  0.0000  0.0000  0.0000  0.0000  0.0000  0.0000  0.0000
  0.0000  0.0000  0.0000  0.0000  0.0000  0.0000  0.0000  0.0000  0.0000  0.0000  0.0000  0.0000  0.0000  0.0000  0.0000
   3   4   1   5   9   6   6
 -0.5000 -0.2554  0.2596  0.4769  0.5000
       4       3       4       6    ****

 -0.5000 -0.4529 -0.2554  0.0857  0.0958  0.2134  0.2926  0.3561  0.5000
       5       4       3       5       6       1       4       6    ****

  0.0000  0.0000  0.0000  0.0000  0.0000  0.0000  0.0000  0.0000  0.0000  0.0000  0.0000  0.0000  0.0000  0.0000  0.0000
  0.0000  0.0000  0.0000  0.0000  0.0000  0.0000  0.0000  0.0000  0.0000  0.0000  0.0000  0.0000  0.0000  0.0000  0.0000
 -0.5000 -0.3366 -0.2257  0.3644  0.4769  0.5000
       0      -1       0      -1       0    ****

 -0.5000  0.2134  0.2263  0.2832  0.3561  0.5000
       0      -1       0      -1       0    ****

  0.0000  0.0000  0.0000  0.0000  0.0000  0.0000  0.0000  0.0000  0.0000  0.0000  0.0000  0.0000  0.0000  0.0000  0.0000
  0.0000  0.0000  0.0000  0.0000  0.0000  0.0000  0.0000  0.0000  0.0000  0.0000  0.0000  0.0000  0.0000  0.0000  0.0000
   4   2   3   7   8   6   3
 -0.5000 -0.3366 -0.2257 -0.2244  0.0688  0.2832  0.5000
       4       6       5       3       5       6    ****

 -0.5000 -0.2554 -0.0256  0.0183  0.2520  0.4117  0.4611  0.5000
       4       3       4       3       4       5       4    ****

  0.0000  0.0000  0.0000  0.0000  0.0000  0.0000  0.0000  0.0000  0.0000  0.0000  0.0000  0.0000  0.0000  0.0000  0.0000
  0.0000  0.0000  0.0000  0.0000  0.0000  0.0000  0.0000  0.0000  0.0000  0.0000  0.0000  0.0000  0.0000  0.0000  0.0000
 -0.5000  0.0958  0.2134  0.2832  0.3561  0.5000
       0      -1       0       1       0    ****

 -0.5000  0.2832  0.5000
       0      -1    ****

  0.0000  0.0000  0.0000  0.0000  0.0000  0.0000  0.0000  0.0000  0.0000  0.0000  0.0000  0.0000  0.0000  0.0000  0.0000
  0.0000  0.0000  0.0000  0.0000  0.0000  0.0000  0.0000  0.0000  0.0000  0.0000  0.0000  0.0000  0.0000  0.0000  0.0000
 ... generation ...    8
   1   4   3   7   8   5   6
 -0.5000 -0.2554 -0.0256  0.0183  0.2002  0.2832  0.5000
       4       3       4       3       5       6    ****

 -0.5000 -0.2554  0.0857  0.0958  0.2134  0.2926  0.3561  0.5000
       4       3       5       6       1       4       6    ****

  0.0000  0.0000  0.0000  0.0000  0.0000  0.0000  0.0000  0.0000  0.0000  0.0000  0.0000  0.0000  0.0000  0.0000  0.0000
  0.0000  0.0000  0.0000  0.0000  0.0000  0.0000  0.0000  0.0000  0.0000  0.0000  0.0000  0.0000  0.0000  0.0000  0.0000
 -0.5000 -0.3366 -0.2257  0.2832  0.5000
       0      -1       0       1    ****

 -0.5000  0.0958  0.2134  0.3561  0.4769  0.5000
       0       1       0       1       0    ****

  0.0000  0.0000  0.0000  0.0000  0.0000  0.0000  0.0000  0.0000  0.0000  0.0000  0.0000  0.0000  0.0000  0.0000  0.0000
  0.0000  0.0000  0.0000  0.0000  0.0000  0.0000  0.0000  0.0000  0.0000  0.0000  0.0000  0.0000  0.0000  0.0000  0.0000
   2   3   3   8   6   6   6
 -0.5000 -0.2554  0.0857  0.0958  0.2134  0.2926  0.3561  0.5000
       4       3       5       6       1       4       6    ****

 -0.5000 -0.4529 -0.2554  0.2596  0.4769  0.5000
       5       4       3       4       6    ****

  0.0000  0.0000  0.0000  0.0000  0.0000  0.0000  0.0000  0.0000  0.0000  0.0000  0.0000  0.0000  0.0000  0.0000  0.0000
  0.0000  0.0000  0.0000  0.0000  0.0000  0.0000  0.0000  0.0000  0.0000  0.0000  0.0000  0.0000  0.0000  0.0000  0.0000
 -0.5000  0.0958  0.2134  0.3561  0.4769  0.5000
       0       1       0       1       0    ****

 -0.5000  0.0958  0.2134  0.3561  0.4769  0.5000
       0      -1       0      -1       0    ****

  0.0000  0.0000  0.0000  0.0000  0.0000  0.0000  0.0000  0.0000  0.0000  0.0000  0.0000  0.0000  0.0000  0.0000  0.0000
  0.0000  0.0000  0.0000  0.0000  0.0000  0.0000  0.0000  0.0000  0.0000  0.0000  0.0000  0.0000  0.0000  0.0000  0.0000
   3   2   4   9   7   5   5
 -0.5000 -0.2554 -0.0256  0.0091  0.0100  0.0958  0.2263  0.2832  0.5000
       4       3       4       3       5       6       5       6    ****

 -0.5000 -0.3366 -0.2257 -0.2244  0.0688  0.2832  0.5000
       4       6       5       3       5       6    ****

  0.0000  0.0000  0.0000  0.0000  0.0000  0.0000  0.0000  0.0000  0.0000  0.0000  0.0000  0.0000  0.0000  0.0000  0.0000
  0.0000  0.0000  0.0000  0.0000  0.0000  0.0000  0.0000  0.0000  0.0000  0.0000  0.0000  0.0000  0.0000  0.0000  0.0000
 -0.5000  0.0958  0.2263  0.2832  0.5000
       0       1       0       1    ****

 -0.5000 -0.3366 -0.2257  0.2832  0.5000
       0       1       0       1    ****

  0.0000  0.0000  0.0000  0.0000  0.0000  0.0000  0.0000  0.0000  0.0000  0.0000  0.0000  0.0000  0.0000  0.0000  0.0000
  0.0000  0.0000  0.0000  0.0000  0.0000  0.0000  0.0000  0.0000  0.0000  0.0000  0.0000  0.0000  0.0000  0.0000  0.0000
   4   1   1   7   6   4   4
 -0.5000 -0.2554 -0.2113  0.0958  0.2263  0.2832  0.5000
       4       3       5       6       5       6    ****

 -0.5000 -0.2554  0.2596  0.2743  0.2832  0.5000
       4       3       4       5       6    ****

  0.0000  0.0000  0.0000  0.0000  0.0000  0.0000  0.0000  0.0000  0.0000  0.0000  0.0000  0.0000  0.0000  0.0000  0.0000
  0.0000  0.0000  0.0000  0.0000  0.0000  0.0000  0.0000  0.0000  0.0000  0.0000  0.0000  0.0000  0.0000  0.0000  0.0000
 -0.5000  0.0958  0.2263  0.5000
       0       1       0    ****

 -0.5000  0.0958  0.2263  0.5000
       0      -1       0    ****

  0.0000  0.0000  0.0000  0.0000  0.0000  0.0000  0.0000  0.0000  0.0000  0.0000  0.0000  0.0000  0.0000  0.0000  0.0000
  0.0000  0.0000  0.0000  0.0000  0.0000  0.0000  0.0000  0.0000  0.0000  0.0000  0.0000  0.0000  0.0000  0.0000  0.0000
 ... generation ...    9
   1   4   2   6   5   4   6
 -0.5000 -0.2554  0.2596  0.2743  0.2832  0.5000
       4       3       4       5       6    ****

 -0.5000 -0.2554  0.2596  0.4769  0.5000
       4       3       4       6    ****

  0.0000  0.0000  0.0000  0.0000  0.0000  0.0000  0.0000  0.0000  0.0000  0.0000  0.0000  0.0000  0.0000  0.0000  0.0000
  0.0000  0.0000  0.0000  0.0000  0.0000  0.0000  0.0000  0.0000  0.0000  0.0000  0.0000  0.0000  0.0000  0.0000  0.0000
 -0.5000  0.0958  0.2263  0.5000
       0      -1       0    ****

 -0.5000  0.0958  0.2134  0.3561  0.4769  0.5000
       0      -1       0      -1       0    ****

  0.0000  0.0000  0.0000  0.0000  0.0000  0.0000  0.0000  0.0000  0.0000  0.0000  0.0000  0.0000  0.0000  0.0000  0.0000
  0.0000  0.0000  0.0000  0.0000  0.0000  0.0000  0.0000  0.0000  0.0000  0.0000  0.0000  0.0000  0.0000  0.0000  0.0000
   2   3   2   9   9   6   6
 -0.5000 -0.2554 -0.0256  0.0091  0.0100  0.0958  0.2263  0.2832  0.5000
       4       3       4       3       5       6       5       6    ****

 -0.5000 -0.4913 -0.2554  0.0857  0.0958  0.2134  0.2926  0.3561  0.5000
       5       4       3       5       6       1       4       6    ****

  0.0000  0.0000  0.0000  0.0000  0.0000  0.0000  0.0000  0.0000  0.0000  0.0000  0.0000  0.0000  0.0000  0.0000  0.0000
  0.0000  0.0000  0.0000  0.0000  0.0000  0.0000  0.0000  0.0000  0.0000  0.0000  0.0000  0.0000  0.0000  0.0000  0.0000
 -0.5000 -0.3366 -0.2257  0.0958  0.2263  0.5000
       0      -1       0       1       0    ****

 -0.5000  0.0958  0.2134  0.3561  0.4769  0.5000
       0       1       0       1       0    ****

  0.0000  0.0000  0.0000  0.0000  0.0000  0.0000  0.0000  0.0000  0.0000  0.0000  0.0000  0.0000  0.0000  0.0000  0.0000
  0.0000  0.0000  0.0000  0.0000  0.0000  0.0000  0.0000  0.0000  0.0000  0.0000  0.0000  0.0000  0.0000  0.0000  0.0000
   3   3   1   7   7   6   6
 -0.5000 -0.3366 -0.2257 -0.2244  0.0688  0.2832  0.5000
       4       6       5       3       5       6    ****

 -0.5000 -0.2554 -0.0256  0.0183  0.2002  0.2832  0.5000
       4       3       4       3       5       6    ****

  0.0000  0.0000  0.0000  0.0000  0.0000  0.0000  0.0000  0.0000  0.0000  0.0000  0.0000  0.0000  0.0000  0.0000  0.0000
  0.0000  0.0000  0.0000  0.0000  0.0000  0.0000  0.0000  0.0000  0.0000  0.0000  0.0000  0.0000  0.0000  0.0000  0.0000
 -0.5000 -0.3366 -0.2257  0.0958  0.2263  0.5000
       0       1       0      -1       0    ****

 -0.5000  0.0958  0.2134  0.2832  0.3561  0.5000
       0      -1       0       1       0    ****

  0.0000  0.0000  0.0000  0.0000  0.0000  0.0000  0.0000  0.0000  0.0000  0.0000  0.0000  0.0000  0.0000  0.0000  0.0000
  0.0000  0.0000  0.0000  0.0000  0.0000  0.0000  0.0000  0.0000  0.0000  0.0000  0.0000  0.0000  0.0000  0.0000  0.0000
   4   4   1   7   7   4   6
 -0.5000 -0.2554 -0.2113  0.0958  0.2263  0.2832  0.5000
       4       3       5       6       5       6    ****

 -0.5000 -0.2554 -0.0256  0.0183  0.2002  0.2832  0.5000
       4       3       4       3       5       6    ****

  0.0000  0.0000  0.0000  0.0000  0.0000  0.0000  0.0000  0.0000  0.0000  0.0000  0.0000  0.0000  0.0000  0.0000  0.0000
  0.0000  0.0000  0.0000  0.0000  0.0000  0.0000  0.0000  0.0000  0.0000  0.0000  0.0000  0.0000  0.0000  0.0000  0.0000
 -0.5000  0.0958  0.2263  0.5000
       0       1       0    ****

 -0.5000  0.0958  0.2134  0.2832  0.3561  0.5000
       0      -1       0       1       0    ****

  0.0000  0.0000  0.0000  0.0000  0.0000  0.0000  0.0000  0.0000  0.0000  0.0000  0.0000  0.0000  0.0000  0.0000  0.0000
  0.0000  0.0000  0.0000  0.0000  0.0000  0.0000  0.0000  0.0000  0.0000  0.0000  0.0000  0.0000  0.0000  0.0000  0.0000
 ... generation ...   10
   1   2   4  11   7   7   4
 -0.5000 -0.4913 -0.2554 -0.0256  0.0091  0.0100  0.0958  0.2134  0.2926  0.3208  0.5000
       5       4       3       4       3       5       6       1       4       6    ****

 -0.5000 -0.2554 -0.2113  0.0958  0.2263  0.2832  0.5000
       4       3       5       6       5       6    ****

  0.0000  0.0000  0.0000  0.0000  0.0000  0.0000  0.0000  0.0000  0.0000  0.0000  0.0000  0.0000  0.0000  0.0000  0.0000
  0.0000  0.0000  0.0000  0.0000  0.0000  0.0000  0.0000  0.0000  0.0000  0.0000  0.0000  0.0000  0.0000  0.0000  0.0000
 -0.5000  0.2134  0.2263  0.2832  0.3208  0.3561  0.5000
       0      -1       0      -1       1       0    ****

 -0.5000  0.0958  0.2263  0.5000
       0       1       0    ****

  0.0000  0.0000  0.0000  0.0000  0.0000  0.0000  0.0000  0.0000  0.0000  0.0000  0.0000  0.0000  0.0000  0.0000  0.0000
  0.0000  0.0000  0.0000  0.0000  0.0000  0.0000  0.0000  0.0000  0.0000  0.0000  0.0000  0.0000  0.0000  0.0000  0.0000
   2   4   1   7   5   4   4
 -0.5000 -0.2554 -0.1402  0.0958  0.2263  0.2832  0.5000
       4       3       5       6       5       6    ****

 -0.5000 -0.2554  0.2596  0.4769  0.5000
       4       3       4       6    ****

  0.0000  0.0000  0.0000  0.0000  0.0000  0.0000  0.0000  0.0000  0.0000  0.0000  0.0000  0.0000  0.0000  0.0000  0.0000
  0.0000  0.0000  0.0000  0.0000  0.0000  0.0000  0.0000  0.0000  0.0000  0.0000  0.0000  0.0000  0.0000  0.0000  0.0000
 -0.5000  0.0958  0.2263  0.5000
       0       1       0    ****

 -0.5000  0.2832  0.4769  0.5000
       0      -1       0    ****

  0.0000  0.0000  0.0000  0.0000  0.0000  0.0000  0.0000  0.0000  0.0000  0.0000  0.0000  0.0000  0.0000  0.0000  0.0000
  0.0000  0.0000  0.0000  0.0000  0.0000  0.0000  0.0000  0.0000  0.0000  0.0000  0.0000  0.0000  0.0000  0.0000  0.0000
   3   1   4   8   7   5   4
 -0.5000 -0.2554  0.2596  0.2743  0.2832  0.4340  0.4769  0.5000
       4       3       4       5       6       4       6    ****

 -0.5000 -0.2554 -0.2113  0.0958  0.2263  0.2832  0.5000
       4       3       5       6       5       6    ****

  0.0000  0.0000  0.0000  0.0000  0.0000  0.0000  0.0000  0.0000  0.0000  0.0000  0.0000  0.0000  0.0000  0.0000  0.0000
  0.0000  0.0000  0.0000  0.0000  0.0000  0.0000  0.0000  0.0000  0.0000  0.0000  0.0000  0.0000  0.0000  0.0000  0.0000
 -0.5000  0.2832  0.4340  0.4769  0.5000
       0       1      -1       0    ****

 -0.5000  0.0958  0.2263  0.5000
       0       1       0    ****

  0.0000  0.0000  0.0000  0.0000  0.0000  0.0000  0.0000  0.0000  0.0000  0.0000  0.0000  0.0000  0.0000  0.0000  0.0000
  0.0000  0.0000  0.0000  0.0000  0.0000  0.0000  0.0000  0.0000  0.0000  0.0000  0.0000  0.0000  0.0000  0.0000  0.0000
   4   2   4   8   9   6   4
 -0.5000 -0.4913 -0.2554  0.0857  0.0958  0.2263  0.2832  0.5000
       5       4       3       5       6       5       6    ****

 -0.5000 -0.2554 -0.0256  0.0183  0.0717  0.0958  0.2263  0.2832  0.5000
       4       3       4       3       5       6       5       6    ****

  0.0000  0.0000  0.0000  0.0000  0.0000  0.0000  0.0000  0.0000  0.0000  0.0000  0.0000  0.0000  0.0000  0.0000  0.0000
  0.0000  0.0000  0.0000  0.0000  0.0000  0.0000  0.0000  0.0000  0.0000  0.0000  0.0000  0.0000  0.0000  0.0000  0.0000
 -0.5000  0.2134  0.2263  0.2832  0.3561  0.5000
       0       1       0       1       0    ****

 -0.5000  0.0958  0.2263  0.5000
       0       1       0    ****

  0.0000  0.0000  0.0000  0.0000  0.0000  0.0000  0.0000  0.0000  0.0000  0.0000  0.0000  0.0000  0.0000  0.0000  0.0000
  0.0000  0.0000  0.0000  0.0000  0.0000  0.0000  0.0000  0.0000  0.0000  0.0000  0.0000  0.0000  0.0000  0.0000  0.0000
