 ... generation ...    0
   1   0   0   2   2   2   2
 -0.5000  0.5000
       1    ****
 -0.5000  0.5000
       2    ****
   2   0   0   2   2   2   2
 -0.5000  0.5000
       3    ****
 -0.5000  0.5000
       4    ****
   3   0   0   2   2   2   2
 -0.5000  0.5000
       5    ****
 -0.5000  0.5000
       6    ****
   4   0   0   2   2   2   2
 -0.5000  0.5000
       7    ****
 -0.5000  0.5000
       8    ****
 ... generation ...    1
   1   2   1   3   3   2   2
 -0.5000 -0.4653  0.5000
       4       3    ****
 -0.5000  0.3888  0.5000
       1       2    ****
   2   4   2   6   2   2   2
 -0.5000 -0.4577 -0.3339 -0.0026  0.4326  0.5000
       8       7       8       7       8    ****
 -0.5000  0.5000
       3    ****
   3   4   4   2   3   2   2
 -0.5000  0.5000
       7    ****
 -0.5000  0.4249  0.5000
       8       7    ****
   4   4   4   2   2   2   2
 -0.5000  0.5000
       7    ****
 -0.5000  0.5000
       8    ****
 ... generation ...    2
   1   3   1   5   3   2   2
 -0.5000 -0.2606  0.1065  0.3486  0.5000
       8       7       8       7    ****
 -0.5000 -0.4653  0.5000
       4       3    ****
   2   2   1   4   5   2   2
 -0.5000  0.2252  0.4326  0.5000
       3       7       8    ****
 -0.5000 -0.4653 -0.4267  0.2240  0.5000
       4       3       1       3    ****
   3   3   3   3   2   2   2
 -0.5000 -0.2749  0.5000
       8       7    ****
 -0.5000  0.5000
       7    ****
   4   4   2   3   7   2   2
 -0.5000  0.0072  0.5000
       7       8    ****
 -0.5000 -0.4577 -0.3339 -0.0924  0.2716  0.4326  0.5000
       8       7       8       3       7       8    ****
 ... generation ...    3
   1   2   1   5   5   2   2
 -0.5000 -0.4653 -0.4267  0.2240  0.5000
       4       3       1       3    ****
 -0.5000 -0.4653  0.2914  0.3486  0.5000
       4       3       8       7    ****
   2   3   4   3   6   2   2
 -0.5000 -0.2749  0.5000
       8       7    ****
 -0.5000 -0.4577 -0.0069  0.2716  0.4326  0.5000
       8       7       3       7       8    ****
   3   3   4   2   3   2   2
 -0.5000  0.5000
       7    ****
 -0.5000  0.0072  0.5000
       7       8    ****
   4   4   1   7   5   2   2
 -0.5000 -0.4577 -0.3339 -0.0924  0.2716  0.4326  0.5000
       8       7       8       3       7       8    ****
 -0.5000 -0.2606  0.1065  0.3486  0.5000
       8       7       8       7    ****
 ... generation ...    4
   1   2   4   3  12   2   2
 -0.5000 -0.2749  0.5000
       8       7    ****
 -0.5000 -0.4577 -0.3339 -0.0924  0.1022  0.1065  0.1336  0.2716  0.3271  0.3486
       8       7       8       3       7       8       3       7       8       7
  0.4935  0.5000
       8    ****
   2   3   3   3   2   2   2
 -0.5000  0.0072  0.5000
       7       8    ****
 -0.5000  0.5000
       7    ****
   3   3   1   4   7   2   2
 -0.5000  0.0072  0.1834  0.5000
       7       8       7    ****
 -0.5000 -0.4653 -0.4267  0.0964  0.2914  0.3486  0.5000
       4       3       1       3       8       7    ****
   4   3   3   3   3   2   2
 -0.5000  0.0072  0.5000
       7       8    ****
 -0.5000  0.0072  0.5000
       7       8    ****
 ... generation ...    5
   1   1   1  12  11   2   2
 -0.5000 -0.4577 -0.3339 -0.0924  0.1022  0.1065  0.1336  0.2716  0.3271  0.3486
       8       7       8       3       7       8       3       7       8       7
  0.4935  0.5000
       8    ****
 -0.5000 -0.4577 -0.3339 -0.0924  0.1022  0.1065  0.1336  0.2716  0.3271  0.3486
       8       7       8       3       7       8       3       7       8       7
  0.5000
    ****
   2   4   2   3   3   2   2
 -0.5000  0.0072  0.5000
       7       8    ****
 -0.5000  0.2153  0.5000
       7       8    ****
   3   1   4  13   3   2   2
 -0.5000 -0.2749 -0.0594  0.0270  0.0367  0.1022  0.1065  0.1336  0.2716  0.3271
       8       7       3       7       3       7       8       3       7       8
  0.3486  0.4935  0.5000
       7       8    ****
 -0.5000  0.0072  0.5000
       7       8    ****
   4   1   2  12   3   2   2
 -0.5000 -0.4577 -0.3339 -0.0924  0.1022  0.1065  0.1336  0.2716  0.3271  0.3486
       8       7       8       3       7       8       3       7       8       7
  0.4935  0.5000
       8    ****
 -0.5000  0.2600  0.5000
       7       8    ****
 ... generation ...    6
   1   4   4  12  12   2   2
 -0.5000 -0.4577 -0.3339 -0.0924  0.1022  0.1065  0.1336  0.2716  0.3271  0.3486
       8       7       8       3       7       8       3       7       8       7
  0.4935  0.5000
       8    ****
 -0.5000 -0.3339 -0.1391  0.0478  0.1022  0.1065  0.1336  0.2716  0.3271  0.3486
       7       8       7       3       7       8       3       7       8       7
  0.4935  0.5000
       8    ****
   2   4   3  12  13   2   2
 -0.5000 -0.4577 -0.3339 -0.0924  0.1022  0.1065  0.1336  0.2716  0.3271  0.3486
       8       7       8       3       7       8       3       7       8       7
  0.4935  0.5000
       8    ****
 -0.5000 -0.2749 -0.0594  0.0270  0.0367  0.1022  0.1065  0.1336  0.2716  0.3271
       8       7       3       7       3       7       8       3       7       8
  0.3486  0.4935  0.5000
       7       8    ****
   3   4   3   6  12   2   2
 -0.5000 -0.4577  0.2600  0.3575  0.4935  0.5000
       8       7       8       7       8    ****
 -0.5000 -0.0090  0.0270  0.0367  0.1022  0.1065  0.1336  0.2716  0.3271  0.3486
       7       3       7       3       7       8       3       7       8       7
  0.4935  0.5000
       8    ****
   4   2   1   3  11   2   2
 -0.5000  0.0072  0.5000
       7       8    ****
 -0.5000 -0.4577 -0.3339 -0.0924  0.1022  0.1065  0.1336  0.2716  0.3271  0.3486
       8       7       8       3       7       8       3       7       8       7
  0.5000
    ****
 ... generation ...    7
   1   3   1   6  13   2   2
 -0.5000 -0.4577  0.2600  0.3575  0.4935  0.5000
       8       7       8       7       8    ****
 -0.5000 -0.4577 -0.3339 -0.1391  0.0478  0.1022  0.1065  0.1336  0.2716  0.3271
       8       7       8       7       3       7       8       3       7       8
  0.3486  0.4935  0.5000
       7       8    ****
   2   1   2  12  12   2   2
 -0.5000 -0.4577 -0.3339 -0.0924  0.1022  0.1065  0.1336  0.2716  0.3271  0.3486
       8       7       8       3       7       8       3       7       8       7
  0.4935  0.5000
       8    ****
 -0.5000 -0.4577 -0.3339 -0.0924  0.1022  0.1065  0.1336  0.2716  0.3271  0.3486
       8       7       8       3       7       8       3       7       8       7
  0.4935  0.5000
       8    ****
   3   1   4  12  11   2   2
 -0.5000 -0.4577 -0.3339 -0.0924  0.1022  0.1065  0.1336  0.2716  0.3271  0.3486
       8       7       8       3       7       8       3       7       8       7
  0.4935  0.5000
       8    ****
 -0.5000 -0.4577 -0.3339 -0.0924  0.1022  0.1065  0.1336  0.2716  0.3271  0.3486
       8       7       8       3       7       8       3       7       8       7
  0.5000
    ****
   4   4   2   4  12   2   2
 -0.5000 -0.4577  0.0072  0.5000
       8       7       8    ****
 -0.5000 -0.4577 -0.3339 -0.0924  0.1022  0.1065  0.1336  0.2716  0.3271  0.3486
       8       7       8       3       7       8       3       7       8       7
  0.4935  0.5000
       8    ****
 ... generation ...    8
   1   4   2   4  12   2   2
 -0.5000 -0.4577  0.0072  0.5000
       8       7       8    ****
 -0.5000 -0.4577 -0.3339 -0.0924  0.1022  0.1065  0.1336  0.2716  0.3271  0.3486
       8       7       8       3       7       8       3       7       8       7
  0.4935  0.5000
       8    ****
   2   2   2  12  12   2   2
 -0.5000 -0.4577 -0.3339 -0.0924  0.1022  0.1065  0.1336  0.2716  0.3271  0.3486
       8       7       8       3       7       8       3       7       8       7
  0.4935  0.5000
       8    ****
 -0.5000 -0.4577 -0.3339 -0.0924  0.1022  0.1065  0.1336  0.2716  0.3271  0.3486
       8       7       8       3       7       8       3       7       8       7
  0.4935  0.5000
       8    ****
   3   2   4  12   6   2   2
 -0.5000 -0.4577 -0.3339 -0.0924  0.1022  0.1065  0.1336  0.2716  0.3271  0.3486
       8       7       8       3       7       8       3       7       8       7
  0.4935  0.5000
       8    ****
 -0.5000 -0.4577 -0.3339 -0.2633  0.0072  0.5000
       8       7       8       7       8    ****
   4   1   4   8   6   2   2
 -0.5000 -0.4577  0.1682  0.2716  0.2768  0.3575  0.4935  0.5000
       8       7       3       7       8       7       8    ****
 -0.5000 -0.4577 -0.3339 -0.2100  0.0072  0.5000
       8       7       8       7       8    ****
 ... generation ...    9
   1   1   1  10  10   2   2
 -0.5000 -0.4577 -0.3339 -0.0924  0.1022  0.1065  0.1336  0.2716  0.3271  0.5000
       8       7       8       3       7       8       3       7       8    ****
 -0.5000 -0.4577 -0.3339 -0.0924  0.1022  0.1065  0.1336  0.2716  0.2759  0.5000
       8       7       8       3       7       8       3       7       8    ****
   2   2   3  12  12   2   2
 -0.5000 -0.4577 -0.3339 -0.0924  0.1022  0.1065  0.1336  0.2716  0.3271  0.3486
       8       7       8       3       7       8       3       7       8       7
  0.4935  0.5000
       8    ****
 -0.5000 -0.4577 -0.3339 -0.0924  0.1022  0.1065  0.1336  0.2716  0.3271  0.3486
       8       7       8       3       7       8       3       7       8       7
  0.4935  0.5000
       8    ****
   3   2   4  12  12   2   2
 -0.5000 -0.4577 -0.3339 -0.0924  0.1022  0.1065  0.1336  0.2716  0.3271  0.3486
       8       7       8       3       7       8       3       7       8       7
  0.4935  0.5000
       8    ****
 -0.5000 -0.4577 -0.3339 -0.2100  0.0072  0.0255  0.1682  0.2716  0.2768  0.3575
       8       7       8       7       8       7       3       7       8       7
  0.4935  0.5000
       8    ****
   4   3   4  14   6   2   2
 -0.5000 -0.4577 -0.3339 -0.0924  0.1022  0.1065  0.1336  0.2716  0.3271  0.3486
       8       7       8       3       7       8       3       7       8       7
  0.3662  0.4070  0.4935  0.5000
       8       7       8    ****
 -0.5000 -0.4577  0.1682  0.2716  0.2768  0.5000
       8       7       3       7       8    ****
 ... generation ...   10
   1   4   2  11  12   2   2
 -0.5000 -0.4577  0.1151  0.1336  0.2716  0.3271  0.3486  0.3662  0.4070  0.4935
       8       7       8       3       7       8       7       8       7       8
  0.5000
    ****
 -0.5000 -0.4577 -0.3339 -0.0924  0.1022  0.1065  0.1336  0.2716  0.3271  0.3486
       8       7       8       3       7       8       3       7       8       7
  0.4935  0.5000
       8    ****
   2   1   2  10  12   2   2
 -0.5000 -0.4577 -0.3339 -0.0924  0.1022  0.1065  0.1336  0.2716  0.3271  0.5000
       8       7       8       3       7       8       3       7       8    ****
 -0.5000 -0.4577 -0.3339 -0.0924  0.1022  0.1065  0.1336  0.2716  0.3271  0.3486
       8       7       8       3       7       8       3       7       8       7
  0.4935  0.5000
       8    ****
   3   2   2  12  12   2   2
 -0.5000 -0.4577 -0.3339 -0.0924  0.1022  0.1065  0.1336  0.2716  0.3271  0.3486
       8       7       8       3       7       8       3       7       8       7
  0.4935  0.5000
       8    ****
 -0.5000 -0.4577 -0.3339 -0.0924  0.1022  0.1065  0.1336  0.2716  0.3271  0.3486
       8       7       8       3       7       8       3       7       8       7
  0.4935  0.5000
       8    ****
   4   3   3  12  12   2   2
 -0.5000 -0.4577 -0.3339 -0.2100  0.0072  0.0255  0.1682  0.2716  0.2768  0.3575
       8       7       8       7       8       7       3       7       8       7
  0.4935  0.5000
       8    ****
 -0.5000 -0.4577 -0.3339 -0.0924  0.1022  0.1065  0.1336  0.2716  0.3271  0.3486
       8       7       8       3       7       8       3       7       8       7
  0.4935  0.5000
       8    ****
