
 ... generation ...    0
   1   0   0   2   2   2   2
 -0.5000  0.5000
       1    ****
  0.0000  0.0000  0.0000  0.0000  0.0000  0.0000  0.0000  0.0000  0.0000  0.0000  0.0000  0.0000  0.0000  0.0000  0.0000
 -0.5000  0.5000
       2    ****
  0.0000  0.0000  0.0000  0.0000  0.0000  0.0000  0.0000  0.0000  0.0000  0.0000  0.0000  0.0000  0.0000  0.0000  0.0000
 -0.5000  0.5000
       0    ****
  0.0000  0.0000  0.0000  0.0000  0.0000  0.0000  0.0000  0.0000  0.0000  0.0000  0.0000  0.0000  0.0000  0.0000  0.0000
 -0.5000  0.5000
       0    ****
  0.0000  0.0000  0.0000  0.0000  0.0000  0.0000  0.0000  0.0000  0.0000  0.0000  0.0000  0.0000  0.0000  0.0000  0.0000
   2   0   0   2   2   2   2
 -0.5000  0.5000
       3    ****
  0.0000  0.0000  0.0000  0.0000  0.0000  0.0000  0.0000  0.0000  0.0000  0.0000  0.0000  0.0000  0.0000  0.0000  0.0000
 -0.5000  0.5000
       4    ****
  0.0000  0.0000  0.0000  0.0000  0.0000  0.0000  0.0000  0.0000  0.0000  0.0000  0.0000  0.0000  0.0000  0.0000  0.0000
 -0.5000  0.5000
       0    ****
  0.0000  0.0000  0.0000  0.0000  0.0000  0.0000  0.0000  0.0000  0.0000  0.0000  0.0000  0.0000  0.0000  0.0000  0.0000
 -0.5000  0.5000
       0    ****
  0.0000  0.0000  0.0000  0.0000  0.0000  0.0000  0.0000  0.0000  0.0000  0.0000  0.0000  0.0000  0.0000  0.0000  0.0000
   3   0   0   2   2   2   2
 -0.5000  0.5000
       5    ****
  0.0000  0.0000  0.0000  0.0000  0.0000  0.0000  0.0000  0.0000  0.0000  0.0000  0.0000  0.0000  0.0000  0.0000  0.0000
 -0.5000  0.5000
       6    ****
  0.0000  0.0000  0.0000  0.0000  0.0000  0.0000  0.0000  0.0000  0.0000  0.0000  0.0000  0.0000  0.0000  0.0000  0.0000
 -0.5000  0.5000
       0    ****
  0.0000  0.0000  0.0000  0.0000  0.0000  0.0000  0.0000  0.0000  0.0000  0.0000  0.0000  0.0000  0.0000  0.0000  0.0000
 -0.5000  0.5000
       0    ****
  0.0000  0.0000  0.0000  0.0000  0.0000  0.0000  0.0000  0.0000  0.0000  0.0000  0.0000  0.0000  0.0000  0.0000  0.0000
   4   0   0   2   2   2   2
 -0.5000  0.5000
       7    ****
  0.9930  0.0000 -0.1114 -0.0000  0.0333  0.0000 -0.0154 -0.0000  0.0088  0.0000 -0.0057 -0.0000  0.0039 -0.0000 -0.0029
 -0.5000  0.5000
       8    ****
  0.0000  0.0000  0.0000  0.0000  0.0000  0.0000  0.0000  0.0000  0.0000  0.0000  0.0000  0.0000  0.0000  0.0000  0.0000
 -0.5000  0.5000
       0    ****
  0.0000  0.0000  0.0000  0.0000  0.0000  0.0000  0.0000  0.0000  0.0000  0.0000  0.0000  0.0000  0.0000  0.0000  0.0000
 -0.5000  0.5000
       0    ****
  0.0000  0.0000  0.0000  0.0000  0.0000  0.0000  0.0000  0.0000  0.0000  0.0000  0.0000  0.0000  0.0000  0.0000  0.0000
 ... pnet ... 
  0.1250  0.1250  0.1250  0.1250  0.1250  0.1250  0.1250  0.1250  0.1250  0.1250  0.1250  0.1250  0.1250  0.1250  0.1250
  0.1250  0.1250  0.1250  0.1250  0.1250  0.1250  0.1250  0.1250  0.1250  0.1250  0.1250  0.1250  0.1250  0.1250  0.1250
  0.1250  0.1250  0.1250  0.1250  0.1250  0.1250  0.1250  0.1250  0.1250  0.1250  0.1250  0.1250  0.1250  0.1250  0.1250
  0.1250  0.1250  0.1250  0.1250  0.1250  0.1250  0.1250  0.1250  0.1250  0.1250  0.1250  0.1250  0.1250  0.1250  0.1250
  0.1250  0.1250  0.1250  0.1250  0.1250  0.1250  0.1250  0.1250  0.1250  0.1250  0.1250  0.1250  0.1250  0.1250  0.1250
  0.1250  0.1250  0.1250  0.1250  0.1250  0.1250  0.1250  0.1250  0.1250  0.1250  0.1250  0.1250  0.1250  0.1250  0.1250
  0.1250  0.1250  0.1250  0.1250  0.1250  0.1250  0.1250  0.1250  0.1250  0.1250
 ... fnet ... 
  0.1243  0.1254  0.1256  0.1252  0.1248  0.1247  0.1248  0.1251  0.1252  0.1252  0.1250  0.1249  0.1249  0.1249  0.1251
  0.1251  0.1251  0.1250  0.1249  0.1249  0.1250  0.1251  0.1251  0.1251  0.1250  0.1249  0.1249  0.1250  0.1251  0.1251
  0.1250  0.1250  0.1249  0.1249  0.1250  0.1251  0.1251  0.1250  0.1250  0.1249  0.1250  0.1250  0.1251  0.1251  0.1250
  0.1250  0.1249  0.1250  0.1250  0.1251  0.1251  0.1250  0.1250  0.1249  0.1250  0.1250  0.1251  0.1251  0.1250  0.1250
  0.1249  0.1250  0.1250  0.1251  0.1251  0.1250  0.1249  0.1249  0.1250  0.1250  0.1251  0.1251  0.1250  0.1249  0.1249
  0.1250  0.1251  0.1251  0.1251  0.1250  0.1249  0.1249  0.1250  0.1251  0.1251  0.1251  0.1249  0.1249  0.1249  0.1250
  0.1252  0.1252  0.1251  0.1248  0.1247  0.1248  0.1252  0.1256  0.1254  0.1243
 ... eave ... 
  0.1241  0.0000 -0.0139 -0.0000  0.0042  0.0000 -0.0019 -0.0000  0.0011  0.0000 -0.0007 -0.0000  0.0005 -0.0000 -0.0004
  0.0000  0.0003 -0.0000 -0.0002 -0.0000  0.0002 -0.0000 -0.0001  0.0000  0.0001 -0.0000 -0.0001  0.0000  0.0001 -0.0000

 ... generation ...    1
   1   3   4   3   4   2   4
 -0.5000 -0.3903  0.5000
       5       6    ****
  0.0000  0.0000  0.0000  0.0000  0.0000  0.0000  0.0000  0.0000  0.0000  0.0000  0.0000  0.0000  0.0000  0.0000  0.0000
 -0.5000 -0.2388  0.1959  0.5000
       7       8       7    ****
  0.5148 -0.0427 -0.5033 -0.0498 -0.0371  0.0189  0.0986  0.0578  0.0764  0.0061 -0.0434 -0.0523 -0.0442 -0.0267  0.0028
 -0.5000  0.5000
       0    ****
  0.0000  0.0000  0.0000  0.0000  0.0000  0.0000  0.0000  0.0000  0.0000  0.0000  0.0000  0.0000  0.0000  0.0000  0.0000
 -0.5000 -0.2388  0.1959  0.5000
       1      -1       1    ****
  0.0366 -0.0855 -0.8953 -0.0997 -0.1074  0.0378  0.2126  0.1156  0.1441  0.0122 -0.0812 -0.1046 -0.0924 -0.0535  0.0086
   2   3   2   2   2   2   2
 -0.5000  0.5000
       5    ****
  0.0000  0.0000  0.0000  0.0000  0.0000  0.0000  0.0000  0.0000  0.0000  0.0000  0.0000  0.0000  0.0000  0.0000  0.0000
 -0.5000  0.5000
       3    ****
  0.0000  0.0000  0.0000  0.0000  0.0000  0.0000  0.0000  0.0000  0.0000  0.0000  0.0000  0.0000  0.0000  0.0000  0.0000
 -0.5000  0.5000
       0    ****
  0.0000  0.0000  0.0000  0.0000  0.0000  0.0000  0.0000  0.0000  0.0000  0.0000  0.0000  0.0000  0.0000  0.0000  0.0000
 -0.5000  0.5000
       0    ****
  0.0000  0.0000  0.0000  0.0000  0.0000  0.0000  0.0000  0.0000  0.0000  0.0000  0.0000  0.0000  0.0000  0.0000  0.0000
   3   1   1   2   2   2   2
 -0.5000  0.5000
       2    ****
  0.0000  0.0000  0.0000  0.0000  0.0000  0.0000  0.0000  0.0000  0.0000  0.0000  0.0000  0.0000  0.0000  0.0000  0.0000
 -0.5000  0.5000
       1    ****
  0.0000  0.0000  0.0000  0.0000  0.0000  0.0000  0.0000  0.0000  0.0000  0.0000  0.0000  0.0000  0.0000  0.0000  0.0000
 -0.5000  0.5000
       0    ****
  0.0000  0.0000  0.0000  0.0000  0.0000  0.0000  0.0000  0.0000  0.0000  0.0000  0.0000  0.0000  0.0000  0.0000  0.0000
 -0.5000  0.5000
       0    ****
  0.0000  0.0000  0.0000  0.0000  0.0000  0.0000  0.0000  0.0000  0.0000  0.0000  0.0000  0.0000  0.0000  0.0000  0.0000
   4   3   4   4   2   2   2
 -0.5000 -0.4486 -0.4299  0.5000
       6       5       6    ****
  0.0000  0.0000  0.0000  0.0000  0.0000  0.0000  0.0000  0.0000  0.0000  0.0000  0.0000  0.0000  0.0000  0.0000  0.0000
 -0.5000  0.5000
       7    ****
  0.9930  0.0000 -0.1114 -0.0000  0.0333  0.0000 -0.0154 -0.0000  0.0088  0.0000 -0.0057 -0.0000  0.0039 -0.0000 -0.0029
 -0.5000  0.5000
       0    ****
  0.0000  0.0000  0.0000  0.0000  0.0000  0.0000  0.0000  0.0000  0.0000  0.0000  0.0000  0.0000  0.0000  0.0000  0.0000
 -0.5000  0.5000
       1    ****
  0.9930  0.0000 -0.1114 -0.0000  0.0333  0.0000 -0.0154 -0.0000  0.0088  0.0000 -0.0057 -0.0000  0.0039 -0.0000 -0.0029
 ... pnet ... 
  0.2500  0.2500  0.2500  0.2500  0.2500  0.2500  0.2500  0.2500  0.2500  0.2500  0.2500  0.2500  0.2500  0.2500  0.2500
  0.2500  0.2500  0.2500  0.2500  0.2500  0.2500  0.2500  0.2500  0.2500  0.2500  0.2500  0.1250  0.1250  0.1250  0.1250
  0.1250  0.1250  0.1250  0.1250  0.1250  0.1250  0.1250  0.1250  0.1250  0.1250  0.1250  0.1250  0.1250  0.1250  0.1250
  0.1250  0.1250  0.1250  0.1250  0.1250  0.1250  0.1250  0.1250  0.1250  0.1250  0.1250  0.1250  0.1250  0.1250  0.1250
  0.1250  0.1250  0.1250  0.1250  0.1250  0.1250  0.1250  0.1250  0.1250  0.1250  0.2500  0.2500  0.2500  0.2500  0.2500
  0.2500  0.2500  0.2500  0.2500  0.2500  0.2500  0.2500  0.2500  0.2500  0.2500  0.2500  0.2500  0.2500  0.2500  0.2500
  0.2500  0.2500  0.2500  0.2500  0.2500  0.2500  0.2500  0.2500  0.2500  0.2500
 ... fnet ... 
  0.2468  0.2506  0.2527  0.2524  0.2503  0.2480  0.2474  0.2490  0.2515  0.2529  0.2519  0.2491  0.2468  0.2471  0.2502
  0.2535  0.2542  0.2511  0.2462  0.2437  0.2468  0.2545  0.2609  0.2583  0.2411  0.2103  0.1732  0.1404  0.1200  0.1142
  0.1187  0.1262  0.1305  0.1295  0.1255  0.1220  0.1215  0.1237  0.1264  0.1276  0.1266  0.1246  0.1233  0.1235  0.1247
  0.1259  0.1262  0.1256  0.1248  0.1244  0.1245  0.1248  0.1250  0.1251  0.1254  0.1257  0.1257  0.1249  0.1237  0.1231
  0.1242  0.1266  0.1287  0.1280  0.1236  0.1179  0.1164  0.1254  0.1482  0.1821  0.2185  0.2474  0.2618  0.2616  0.2529
  0.2444  0.2419  0.2460  0.2525  0.2561  0.2546  0.2496  0.2454  0.2452  0.2487  0.2530  0.2547  0.2525  0.2484  0.2458
  0.2467  0.2502  0.2534  0.2538  0.2510  0.2475  0.2463  0.2484  0.2517  0.2523
 ... eave ... 
  0.1885 -0.0053 -0.0768 -0.0062 -0.0005  0.0024  0.0104  0.0072  0.0107  0.0008 -0.0061 -0.0065 -0.0050 -0.0033 -0.0000
  0.0047  0.0039  0.0049  0.0001 -0.0023 -0.0008 -0.0052 -0.0006  0.0000  0.0001  0.0044 -0.0009  0.0016  0.0005 -0.0029

 ... generation ...    2
   1   1   2   5   2   4   2
 -0.5000 -0.3903  0.0866  0.1959  0.5000
       5       6       8       7    ****
  0.2799 -0.3642 -0.2493  0.0771 -0.0464  0.0770  0.0335  0.0286  0.0585 -0.0409  0.0018 -0.0332 -0.0317  0.0040 -0.0242
 -0.5000  0.5000
       3    ****
  0.0000  0.0000  0.0000  0.0000  0.0000  0.0000  0.0000  0.0000  0.0000  0.0000  0.0000  0.0000  0.0000  0.0000  0.0000
 -0.5000 -0.2388  0.1959  0.5000
      -1       0       1    ****
  0.0450 -0.6857  0.0048  0.2040 -0.0557  0.1351 -0.0317 -0.0005  0.0406 -0.0879  0.0471 -0.0141 -0.0192  0.0347 -0.0513
 -0.5000  0.5000
       0    ****
  0.0000  0.0000  0.0000  0.0000  0.0000  0.0000  0.0000  0.0000  0.0000  0.0000  0.0000  0.0000  0.0000  0.0000  0.0000
   2   2   1   2   5   2   5
 -0.5000  0.5000
       3    ****
  0.0000  0.0000  0.0000  0.0000  0.0000  0.0000  0.0000  0.0000  0.0000  0.0000  0.0000  0.0000  0.0000  0.0000  0.0000
 -0.5000 -0.2388  0.1959  0.2174  0.5000
       7       8       7       6    ****
  0.2576  0.3008 -0.2495 -0.1536 -0.0172 -0.0534  0.0442  0.0589  0.0326  0.0590 -0.0164 -0.0420 -0.0113 -0.0549 -0.0007
 -0.5000  0.5000
       0    ****
  0.0000  0.0000  0.0000  0.0000  0.0000  0.0000  0.0000  0.0000  0.0000  0.0000  0.0000  0.0000  0.0000  0.0000  0.0000
 -0.5000 -0.2388  0.1959  0.2174  0.5000
       1       0       1      -1    ****
  0.0004  0.6444  0.0043 -0.2573  0.0027 -0.1258 -0.0103  0.0599 -0.0112  0.1118  0.0107 -0.0316  0.0217 -0.0830 -0.0042
   3   1   3   5   4   5   2
 -0.5000 -0.2388  0.1959  0.2427  0.5000
       7       8       7       6    ****
  0.2840  0.2745 -0.2497 -0.1806 -0.0519 -0.0356  0.0328  0.0915  0.0640  0.0502  0.0033 -0.0763 -0.0370 -0.0551 -0.0263
 -0.5000 -0.1935  0.1630  0.5000
       1       2       1    ****
  0.0000  0.0000  0.0000  0.0000  0.0000  0.0000  0.0000  0.0000  0.0000  0.0000  0.0000  0.0000  0.0000  0.0000  0.0000
 -0.5000 -0.2388  0.1959  0.2427  0.5000
       1       0       1      -1    ****
  0.0531  0.5917  0.0039 -0.3114 -0.0667 -0.0901 -0.0330  0.1251  0.0515  0.0943  0.0499 -0.1003 -0.0297 -0.0836 -0.0555
 -0.5000  0.5000
       0    ****
  0.0000  0.0000  0.0000  0.0000  0.0000  0.0000  0.0000  0.0000  0.0000  0.0000  0.0000  0.0000  0.0000  0.0000  0.0000
   4   3   4   2   5   2   3
 -0.5000  0.5000
       2    ****
  0.0000  0.0000  0.0000  0.0000  0.0000  0.0000  0.0000  0.0000  0.0000  0.0000  0.0000  0.0000  0.0000  0.0000  0.0000
 -0.5000 -0.4822 -0.4486 -0.4299  0.5000
       7       6       5       6    ****
  0.0134  0.0211 -0.0237 -0.0246  0.0249  0.0250 -0.0249 -0.0248  0.0247  0.0245 -0.0243 -0.0240  0.0237  0.0234 -0.0231
 -0.5000  0.5000
       0    ****
  0.0000  0.0000  0.0000  0.0000  0.0000  0.0000  0.0000  0.0000  0.0000  0.0000  0.0000  0.0000  0.0000  0.0000  0.0000
 -0.5000 -0.4822  0.5000
       1      -1    ****
 -0.9663  0.0421  0.0640 -0.0491  0.0164  0.0499 -0.0345 -0.0497  0.0406  0.0490 -0.0429 -0.0480  0.0435  0.0469 -0.0433
 ... pnet ... 
  0.3750  0.3750  0.2500  0.2500  0.2500  0.2500  0.2500  0.2500  0.2500  0.2500  0.2500  0.2500  0.2500  0.2500  0.2500
  0.2500  0.2500  0.2500  0.2500  0.2500  0.2500  0.2500  0.2500  0.2500  0.2500  0.2500  0.0000  0.0000  0.0000  0.0000
  0.0000  0.0000  0.0000  0.0000  0.0000  0.0000  0.0000  0.0000  0.0000  0.0000  0.0000  0.0000  0.0000  0.0000  0.0000
  0.0000  0.0000  0.0000  0.0000  0.0000  0.0000  0.0000  0.0000  0.0000  0.0000  0.0000  0.0000  0.0000  0.0000  0.0000
  0.0000  0.0000  0.0000  0.0000  0.0000  0.0000  0.0000  0.0000  0.0000  0.0000  0.3750  0.3750  0.2500  0.2500  0.1250
  0.1250  0.1250  0.1250  0.1250  0.1250  0.1250  0.1250  0.1250  0.1250  0.1250  0.1250  0.1250  0.1250  0.1250  0.1250
  0.1250  0.1250  0.1250  0.1250  0.1250  0.1250  0.1250  0.1250  0.1250  0.1250
 ... fnet ... 
  0.3533  0.3347  0.2996  0.2625  0.2371  0.2300  0.2386  0.2533  0.2632  0.2623  0.2524  0.2413  0.2372  0.2431  0.2546
  0.2628  0.2612  0.2500  0.2374  0.2336  0.2438  0.2627  0.2760  0.2679  0.2298  0.1666  0.0940  0.0317 -0.0066 -0.0185
 -0.0123 -0.0003  0.0074  0.0075  0.0026 -0.0025 -0.0044 -0.0030 -0.0002  0.0018  0.0023  0.0015  0.0003 -0.0010 -0.0018
 -0.0019 -0.0008  0.0012  0.0029  0.0028  0.0004 -0.0030 -0.0047 -0.0028  0.0020  0.0064  0.0062  0.0003 -0.0074 -0.0105
 -0.0047  0.0075  0.0166  0.0128 -0.0058 -0.0277 -0.0315  0.0025  0.0788  0.1800  0.2722  0.3217  0.3125  0.2547  0.1789
  0.1194  0.0960  0.1059  0.1296  0.1451  0.1422  0.1261  0.1111  0.1087  0.1194  0.1335  0.1399  0.1340  0.1214  0.1123
  0.1138  0.1242  0.1348  0.1371  0.1297  0.1186  0.1130  0.1173  0.1277  0.1352
 ... eave ... 
  0.1044  0.0290 -0.0965 -0.0352 -0.0113  0.0016  0.0107  0.0193  0.0225  0.0116 -0.0044 -0.0219 -0.0070 -0.0103 -0.0093
  0.0092  0.0066  0.0192  0.0033 -0.0077  0.0050 -0.0133 -0.0060 -0.0041 -0.0023  0.0150 -0.0032  0.0038  0.0066 -0.0057

 ... generation ...    3
   1   2   2   2   5   5   5
 -0.5000  0.5000
       3    ****
  0.0000  0.0000  0.0000  0.0000  0.0000  0.0000  0.0000  0.0000  0.0000  0.0000  0.0000  0.0000  0.0000  0.0000  0.0000
 -0.5000 -0.0709  0.1959  0.2174  0.5000
       3       8       7       6    ****
  0.0227 -0.0206  0.0045 -0.0266 -0.0265  0.0046 -0.0210  0.0297  0.0147  0.0119  0.0289 -0.0228  0.0012 -0.0241 -0.0277
 -0.5000 -0.2388  0.1959  0.2174  0.5000
      -1       0      -1       0    ****
 -0.2576 -0.3008  0.2495  0.1536  0.0172  0.0534 -0.0442 -0.0589 -0.0326 -0.0590  0.0164  0.0420  0.0113  0.0549  0.0007
 -0.5000 -0.2388  0.1959  0.2174  0.5000
      -1       0       1       0    ****
 -0.2123 -0.3421  0.2586  0.1003 -0.0358  0.0627 -0.0861  0.0005 -0.0032 -0.0351  0.0742 -0.0037  0.0138  0.0066 -0.0548
   2   4   4   4   3   3   3
 -0.5000 -0.2807 -0.1440  0.5000
       2       6       2    ****
  0.0000  0.0000  0.0000  0.0000  0.0000  0.0000  0.0000  0.0000  0.0000  0.0000  0.0000  0.0000  0.0000  0.0000  0.0000
 -0.5000 -0.3719  0.5000
       2       6    ****
  0.0000  0.0000  0.0000  0.0000  0.0000  0.0000  0.0000  0.0000  0.0000  0.0000  0.0000  0.0000  0.0000  0.0000  0.0000
 -0.5000 -0.4822  0.5000
      -1       0    ****
 -0.0134 -0.0211  0.0237  0.0246 -0.0249 -0.0250  0.0249  0.0248 -0.0247 -0.0245  0.0243  0.0240 -0.0237 -0.0234  0.0231
 -0.5000 -0.4822  0.5000
      -1       0    ****
 -0.0134 -0.0211  0.0237  0.0246 -0.0249 -0.0250  0.0249  0.0248 -0.0247 -0.0245  0.0243  0.0240 -0.0237 -0.0234  0.0231
   3   1   1   6   3   4   4
 -0.5000 -0.1929  0.0866  0.1959  0.3768  0.5000
       3       6       8       7       3    ****
  0.1789 -0.2099 -0.0880 -0.0706 -0.1706  0.1727  0.0989 -0.0076  0.0483 -0.0516 -0.0235  0.0002  0.0035 -0.0274 -0.0479
 -0.5000  0.2460  0.5000
       3       7    ****
  0.2274 -0.3136 -0.2531  0.1339  0.0195  0.0513  0.0661 -0.0372  0.0078 -0.0412 -0.0474  0.0278 -0.0026  0.0258  0.0302
 -0.5000  0.1959  0.3768  0.5000
       0       1      -1    ****
  0.0779 -0.0556  0.0733 -0.2182 -0.2948  0.2684  0.1644 -0.0437  0.0380 -0.0622 -0.0488  0.0336  0.0386 -0.0589 -0.0715
 -0.5000  0.1959  0.2460  0.5000
       0      -1       1    ****
  0.1750 -0.2631 -0.2570  0.1907  0.0853  0.0256  0.0987 -0.1031 -0.0429 -0.0415 -0.0966  0.0889  0.0264  0.0477  0.0847
   4   4   4   6   6   3   3
 -0.5000 -0.4822 -0.4486 -0.4299 -0.2489  0.5000
       7       6       5       6       2    ****
  0.0134  0.0211 -0.0237 -0.0246  0.0249  0.0250 -0.0249 -0.0248  0.0247  0.0245 -0.0243 -0.0240  0.0237  0.0234 -0.0231
 -0.5000 -0.4822 -0.4486 -0.4299  0.4668  0.5000
       7       6       5       6       2    ****
  0.0134  0.0211 -0.0237 -0.0246  0.0249  0.0250 -0.0249 -0.0248  0.0247  0.0245 -0.0243 -0.0240  0.0237  0.0234 -0.0231
 -0.5000 -0.4822  0.5000
       1       0    ****
  0.0134  0.0211 -0.0237 -0.0246  0.0249  0.0250 -0.0249 -0.0248  0.0247  0.0245 -0.0243 -0.0240  0.0237  0.0234 -0.0231
 -0.5000 -0.4822  0.5000
       1       0    ****
  0.0134  0.0211 -0.0237 -0.0246  0.0249  0.0250 -0.0249 -0.0248  0.0247  0.0245 -0.0243 -0.0240  0.0237  0.0234 -0.0231
 ... pnet ... 
  0.2500  0.2500  0.0000  0.0000  0.0000  0.0000  0.0000  0.0000  0.0000  0.0000  0.0000  0.0000  0.0000  0.0000  0.0000
  0.0000  0.0000  0.0000  0.0000  0.0000  0.0000  0.0000  0.0000  0.0000  0.0000  0.0000  0.0000  0.0000  0.0000  0.0000
  0.0000  0.0000  0.0000  0.0000  0.0000  0.0000  0.0000  0.0000  0.0000  0.0000  0.0000  0.0000  0.0000  0.0000  0.0000
  0.0000  0.0000  0.0000  0.0000  0.0000  0.0000  0.0000  0.0000  0.0000  0.0000  0.0000  0.0000  0.0000  0.0000  0.0000
  0.0000  0.0000  0.0000  0.0000  0.0000  0.0000  0.0000  0.0000  0.0000  0.0000  0.2500  0.2500  0.1250  0.1250  0.1250
  0.2500  0.2500  0.2500  0.2500  0.2500  0.2500  0.2500  0.2500  0.2500  0.2500  0.2500  0.2500  0.2500  0.1250  0.1250
  0.1250  0.1250  0.1250  0.1250  0.1250  0.1250  0.1250  0.1250  0.1250  0.1250
 ... fnet ... 
  0.2181  0.1689  0.0895  0.0146 -0.0285 -0.0326 -0.0114  0.0123  0.0210  0.0122 -0.0042 -0.0146 -0.0123 -0.0009  0.0097
  0.0116  0.0043 -0.0056 -0.0102 -0.0064  0.0021  0.0084  0.0076  0.0009 -0.0061 -0.0079 -0.0034  0.0037  0.0075  0.0052
 -0.0012 -0.0064 -0.0064 -0.0012  0.0049  0.0069  0.0034 -0.0029 -0.0068 -0.0052  0.0006  0.0060  0.0065  0.0018 -0.0046
 -0.0073 -0.0041  0.0026  0.0074  0.0063 -0.0001 -0.0068 -0.0083 -0.0029  0.0054  0.0099  0.0064 -0.0030 -0.0110 -0.0106
 -0.0009  0.0115  0.0162  0.0072 -0.0114 -0.0259 -0.0208  0.0114  0.0645  0.1214  0.1632  0.1805  0.1785  0.1724  0.1779
  0.2006  0.2330  0.2605  0.2709  0.2629  0.2464  0.2355  0.2387  0.2527  0.2649  0.2611  0.2355  0.1941  0.1516  0.1225
  0.1129  0.1186  0.1286  0.1333  0.1298  0.1224  0.1180  0.1200  0.1264  0.1307
 ... eave ... 
  0.0570 -0.0628 -0.0480 -0.0016 -0.0160  0.0348  0.0118 -0.0081  0.0150 -0.0040 -0.0113 -0.0054  0.0062  0.0026 -0.0114
 -0.0010  0.0063  0.0087 -0.0012 -0.0073  0.0057  0.0043 -0.0031 -0.0095 -0.0002  0.0058 -0.0084  0.0029  0.0100  0.0028

 ... generation ...    4
   1   2   4   6   8   2   2
 -0.5000 -0.2807 -0.1440 -0.0539  0.0518  0.5000
       2       6       2       6       2    ****
  0.0000  0.0000  0.0000  0.0000  0.0000  0.0000  0.0000  0.0000  0.0000  0.0000  0.0000  0.0000  0.0000  0.0000  0.0000
 -0.5000 -0.4822 -0.4486 -0.4299 -0.2489  0.0028  0.3558  0.5000
       7       6       5       6       2       6       2    ****
  0.0134  0.0211 -0.0237 -0.0246  0.0249  0.0250 -0.0249 -0.0248  0.0247  0.0245 -0.0243 -0.0240  0.0237  0.0234 -0.0231
 -0.5000  0.5000
       0    ****
  0.0000  0.0000  0.0000  0.0000  0.0000  0.0000  0.0000  0.0000  0.0000  0.0000  0.0000  0.0000  0.0000  0.0000  0.0000
 -0.5000  0.5000
       0    ****
  0.0000  0.0000  0.0000  0.0000  0.0000  0.0000  0.0000  0.0000  0.0000  0.0000  0.0000  0.0000  0.0000  0.0000  0.0000
   2   2   2   6   3   2   2
 -0.5000 -0.2807 -0.1440  0.2388  0.3223  0.5000
       2       6       2       6       2    ****
  0.0000  0.0000  0.0000  0.0000  0.0000  0.0000  0.0000  0.0000  0.0000  0.0000  0.0000  0.0000  0.0000  0.0000  0.0000
 -0.5000 -0.3719  0.5000
       2       6    ****
  0.0000  0.0000  0.0000  0.0000  0.0000  0.0000  0.0000  0.0000  0.0000  0.0000  0.0000  0.0000  0.0000  0.0000  0.0000
 -0.5000  0.5000
       0    ****
  0.0000  0.0000  0.0000  0.0000  0.0000  0.0000  0.0000  0.0000  0.0000  0.0000  0.0000  0.0000  0.0000  0.0000  0.0000
 -0.5000  0.5000
       0    ****
  0.0000  0.0000  0.0000  0.0000  0.0000  0.0000  0.0000  0.0000  0.0000  0.0000  0.0000  0.0000  0.0000  0.0000  0.0000
   3   2   3   5   3   2   5
 -0.5000 -0.3284 -0.1440  0.2520  0.5000
       2       6       2       6    ****
  0.0000  0.0000  0.0000  0.0000  0.0000  0.0000  0.0000  0.0000  0.0000  0.0000  0.0000  0.0000  0.0000  0.0000  0.0000
 -0.5000  0.2460  0.5000
       3       7    ****
  0.2274 -0.3136 -0.2531  0.1339  0.0195  0.0513  0.0661 -0.0372  0.0078 -0.0412 -0.0474  0.0278 -0.0026  0.0258  0.0302
 -0.5000  0.5000
       0    ****
  0.0000  0.0000  0.0000  0.0000  0.0000  0.0000  0.0000  0.0000  0.0000  0.0000  0.0000  0.0000  0.0000  0.0000  0.0000
 -0.5000  0.1959  0.2460  0.3768  0.5000
       0      -1       0       1    ****
  0.0485 -0.1037 -0.1651  0.2044  0.1901 -0.1214 -0.0328 -0.0297 -0.0405  0.0103 -0.0239  0.0276 -0.0061  0.0533  0.0781
   4   2   2   3   4   2   2
 -0.5000 -0.2807  0.5000
       2       6    ****
  0.0000  0.0000  0.0000  0.0000  0.0000  0.0000  0.0000  0.0000  0.0000  0.0000  0.0000  0.0000  0.0000  0.0000  0.0000
 -0.5000 -0.3719 -0.0887  0.5000
       2       6       2    ****
  0.0000  0.0000  0.0000  0.0000  0.0000  0.0000  0.0000  0.0000  0.0000  0.0000  0.0000  0.0000  0.0000  0.0000  0.0000
 -0.5000  0.5000
       0    ****
  0.0000  0.0000  0.0000  0.0000  0.0000  0.0000  0.0000  0.0000  0.0000  0.0000  0.0000  0.0000  0.0000  0.0000  0.0000
 -0.5000  0.5000
       0    ****
  0.0000  0.0000  0.0000  0.0000  0.0000  0.0000  0.0000  0.0000  0.0000  0.0000  0.0000  0.0000  0.0000  0.0000  0.0000
 ... pnet ... 
  0.1250  0.1250  0.0000  0.0000  0.0000  0.0000  0.0000  0.0000  0.0000  0.0000  0.0000  0.0000  0.0000  0.0000  0.0000
  0.0000  0.0000  0.0000  0.0000  0.0000  0.0000  0.0000  0.0000  0.0000  0.0000  0.0000  0.0000  0.0000  0.0000  0.0000
  0.0000  0.0000  0.0000  0.0000  0.0000  0.0000  0.0000  0.0000  0.0000  0.0000  0.0000  0.0000  0.0000  0.0000  0.0000
  0.0000  0.0000  0.0000  0.0000  0.0000  0.0000  0.0000  0.0000  0.0000  0.0000  0.0000  0.0000  0.0000  0.0000  0.0000
  0.0000  0.0000  0.0000  0.0000  0.0000  0.0000  0.0000  0.0000  0.0000  0.0000  0.0000  0.0000  0.0000  0.0000  0.0000
  0.1250  0.1250  0.1250  0.1250  0.1250  0.1250  0.1250  0.1250  0.1250  0.1250  0.1250  0.1250  0.1250  0.1250  0.1250
  0.1250  0.1250  0.1250  0.1250  0.1250  0.1250  0.1250  0.1250  0.1250  0.1250
 ... fnet ... 
  0.1098  0.0846  0.0442  0.0064 -0.0146 -0.0159 -0.0048  0.0067  0.0104  0.0053 -0.0029 -0.0074 -0.0055  0.0004  0.0052
  0.0054  0.0012 -0.0034 -0.0049 -0.0024  0.0019  0.0043  0.0031 -0.0005 -0.0034 -0.0034 -0.0006  0.0025  0.0035  0.0016
 -0.0015 -0.0033 -0.0023  0.0006  0.0028  0.0027  0.0004 -0.0022 -0.0030 -0.0012  0.0015  0.0030  0.0020 -0.0007 -0.0028
 -0.0025 -0.0002  0.0023  0.0029  0.0011 -0.0017 -0.0032 -0.0019  0.0010  0.0032  0.0027 -0.0001 -0.0030 -0.0035 -0.0010
  0.0026  0.0042  0.0022 -0.0020 -0.0050 -0.0039  0.0012  0.0061  0.0064  0.0002 -0.0086 -0.0119 -0.0021  0.0233  0.0595
  0.0960  0.1227  0.1345  0.1335  0.1265  0.1208  0.1201  0.1234  0.1272  0.1283  0.1266  0.1239  0.1226  0.1235  0.1255
  0.1268  0.1264  0.1249  0.1236  0.1236  0.1249  0.1262  0.1265  0.1254  0.1234
 ... eave ... 
  0.0301 -0.0366 -0.0346  0.0137  0.0055  0.0095  0.0051 -0.0078  0.0041 -0.0021 -0.0090  0.0005  0.0026  0.0062  0.0009
 -0.0049  0.0036 -0.0001 -0.0059 -0.0010  0.0020  0.0047 -0.0001 -0.0035  0.0031  0.0002 -0.0043 -0.0012  0.0014  0.0037

 ... generation ...    5
   1   4   3   4   6   2   3
 -0.5000 -0.3079  0.4123  0.5000
       2       6       2    ****
  0.0000  0.0000  0.0000  0.0000  0.0000  0.0000  0.0000  0.0000  0.0000  0.0000  0.0000  0.0000  0.0000  0.0000  0.0000
 -0.5000 -0.3982 -0.2508 -0.1562  0.2460  0.5000
       2       3       6       3       7    ****
  0.2274 -0.3136 -0.2531  0.1339  0.0195  0.0513  0.0661 -0.0372  0.0078 -0.0412 -0.0474  0.0278 -0.0026  0.0258  0.0302
 -0.5000  0.5000
       0    ****
  0.0000  0.0000  0.0000  0.0000  0.0000  0.0000  0.0000  0.0000  0.0000  0.0000  0.0000  0.0000  0.0000  0.0000  0.0000
 -0.5000  0.2460  0.5000
       0       1    ****
  0.2274 -0.3136 -0.2531  0.1339  0.0195  0.0513  0.0661 -0.0372  0.0078 -0.0412 -0.0474  0.0278 -0.0026  0.0258  0.0302
   2   3   4   3   5   3   2
 -0.5000  0.2460  0.5000
       3       7    ****
  0.2274 -0.3136 -0.2531  0.1339  0.0195  0.0513  0.0661 -0.0372  0.0078 -0.0412 -0.0474  0.0278 -0.0026  0.0258  0.0302
 -0.5000 -0.2807  0.4077  0.4842  0.5000
       2       6       2       6    ****
  0.0000  0.0000  0.0000  0.0000  0.0000  0.0000  0.0000  0.0000  0.0000  0.0000  0.0000  0.0000  0.0000  0.0000  0.0000
 -0.5000  0.2460  0.5000
       0       1    ****
  0.2274 -0.3136 -0.2531  0.1339  0.0195  0.0513  0.0661 -0.0372  0.0078 -0.0412 -0.0474  0.0278 -0.0026  0.0258  0.0302
 -0.5000  0.5000
       0    ****
  0.0000  0.0000  0.0000  0.0000  0.0000  0.0000  0.0000  0.0000  0.0000  0.0000  0.0000  0.0000  0.0000  0.0000  0.0000
   3   1   3   8   5   3   3
 -0.5000 -0.4822 -0.4486 -0.4299 -0.2489  0.0028  0.3558  0.5000
       7       6       5       6       2       6       2    ****
  0.0134  0.0211 -0.0237 -0.0246  0.0249  0.0250 -0.0249 -0.0248  0.0247  0.0245 -0.0243 -0.0240  0.0237  0.0234 -0.0231
 -0.5000 -0.1092 -0.0198  0.2460  0.5000
       3       2       3       7    ****
  0.2274 -0.3136 -0.2531  0.1339  0.0195  0.0513  0.0661 -0.0372  0.0078 -0.0412 -0.0474  0.0278 -0.0026  0.0258  0.0302
 -0.5000 -0.4822  0.5000
       1       0    ****
  0.0134  0.0211 -0.0237 -0.0246  0.0249  0.0250 -0.0249 -0.0248  0.0247  0.0245 -0.0243 -0.0240  0.0237  0.0234 -0.0231
 -0.5000  0.2460  0.5000
       0       1    ****
  0.2274 -0.3136 -0.2531  0.1339  0.0195  0.0513  0.0661 -0.0372  0.0078 -0.0412 -0.0474  0.0278 -0.0026  0.0258  0.0302
   4   3   4   4   4   4   2
 -0.5000  0.2460  0.3815  0.5000
       3       7       6    ****
  0.1307 -0.1654 -0.0974 -0.0102 -0.1036  0.1485  0.1354 -0.0791 -0.0090 -0.0454 -0.0672  0.0576  0.0312 -0.0068  0.0030
 -0.5000 -0.3719 -0.0887  0.5000
       2       6       2    ****
  0.0000  0.0000  0.0000  0.0000  0.0000  0.0000  0.0000  0.0000  0.0000  0.0000  0.0000  0.0000  0.0000  0.0000  0.0000
 -0.5000  0.2460  0.3815  0.5000
       0       1      -1    ****
  0.0339 -0.0173  0.0584 -0.1542 -0.2267  0.2457  0.2047 -0.1209 -0.0258 -0.0495 -0.0871  0.0874  0.0651 -0.0395 -0.0242
 -0.5000  0.5000
       0    ****
  0.0000  0.0000  0.0000  0.0000  0.0000  0.0000  0.0000  0.0000  0.0000  0.0000  0.0000  0.0000  0.0000  0.0000  0.0000
 ... pnet ... 
  0.1250  0.1250  0.0000  0.0000  0.0000  0.0000  0.0000  0.0000  0.0000  0.0000  0.0000  0.0000  0.0000  0.0000  0.0000
  0.0000  0.0000  0.0000  0.0000  0.0000  0.0000  0.0000  0.0000  0.0000  0.0000  0.0000  0.0000  0.0000  0.0000  0.0000
  0.0000  0.0000  0.0000  0.0000  0.0000  0.0000  0.0000  0.0000  0.0000  0.0000  0.0000  0.0000  0.0000  0.0000  0.0000
  0.0000  0.0000  0.0000  0.0000  0.0000  0.0000  0.0000  0.0000  0.0000  0.0000  0.0000  0.0000  0.0000  0.0000  0.0000
  0.0000  0.0000  0.0000  0.0000  0.0000  0.0000  0.0000  0.0000  0.0000  0.0000  0.0000  0.0000  0.0000  0.0000  0.0000
  0.5000  0.5000  0.5000  0.5000  0.5000  0.5000  0.5000  0.5000  0.5000  0.5000  0.5000  0.5000  0.5000  0.3750  0.3750
  0.3750  0.3750  0.3750  0.3750  0.3750  0.3750  0.3750  0.3750  0.3750  0.3750
 ... fnet ... 
  0.1125  0.0852  0.0422  0.0035 -0.0162 -0.0148 -0.0020  0.0091  0.0104  0.0029 -0.0058 -0.0085 -0.0038  0.0035  0.0073
  0.0047 -0.0016 -0.0062 -0.0054 -0.0001  0.0050  0.0058  0.0017 -0.0037 -0.0060 -0.0032  0.0022  0.0057  0.0045 -0.0005
 -0.0051 -0.0055 -0.0013  0.0040  0.0061  0.0031 -0.0025 -0.0061 -0.0047  0.0007  0.0057  0.0061  0.0014 -0.0046 -0.0070
 -0.0036  0.0029  0.0074  0.0058 -0.0007 -0.0070 -0.0078 -0.0020  0.0059  0.0094  0.0052 -0.0039 -0.0104 -0.0087  0.0008
  0.0107  0.0126  0.0036 -0.0100 -0.0170 -0.0099  0.0080  0.0229  0.0201 -0.0038 -0.0343 -0.0430 -0.0031  0.0948  0.2339
  0.3779  0.4879  0.5412  0.5407  0.5105  0.4809  0.4724  0.4868  0.5103  0.5247  0.5181  0.4907  0.4523  0.4157  0.3895
  0.3758  0.3714  0.3717  0.3731  0.3744  0.3757  0.3768  0.3773  0.3760  0.3719
 ... eave ... 
  0.1033 -0.1357 -0.1101  0.0459 -0.0025  0.0409  0.0386 -0.0270  0.0049 -0.0181 -0.0292  0.0146  0.0059  0.0118  0.0088
 -0.0086  0.0070 -0.0085 -0.0141  0.0019 -0.0023  0.0141  0.0096 -0.0089  0.0040 -0.0055 -0.0111  0.0029  0.0012  0.0070

 ... generation ...    6
   1   1   4   4   9   3   4
 -0.5000 -0.3079  0.4123  0.5000
       2       6       2    ****
  0.0000  0.0000  0.0000  0.0000  0.0000  0.0000  0.0000  0.0000  0.0000  0.0000  0.0000  0.0000  0.0000  0.0000  0.0000
 -0.5000 -0.3660 -0.3441 -0.1280 -0.0887  0.0990  0.2460  0.3815  0.5000
       3       6       3       6       2       3       7       6    ****
  0.1307 -0.1654 -0.0974 -0.0102 -0.1036  0.1485  0.1354 -0.0791 -0.0090 -0.0454 -0.0672  0.0576  0.0312 -0.0068  0.0030
 -0.5000  0.2460  0.5000
       0      -1    ****
 -0.2274  0.3136  0.2531 -0.1339 -0.0195 -0.0513 -0.0661  0.0372 -0.0078  0.0412  0.0474 -0.0278  0.0026 -0.0258 -0.0302
 -0.5000  0.2460  0.3815  0.5000
       0       1       0    ****
  0.1307 -0.1654 -0.0974 -0.0102 -0.1036  0.1485  0.1354 -0.0791 -0.0090 -0.0454 -0.0672  0.0576  0.0312 -0.0068  0.0030
   2   3   3   8   9   4   4
 -0.5000 -0.4822 -0.4486 -0.4299 -0.2489  0.0028  0.3558  0.5000
       7       6       5       6       2       6       2    ****
  0.0134  0.0211 -0.0237 -0.0246  0.0249  0.0250 -0.0249 -0.0248  0.0247  0.0245 -0.0243 -0.0240  0.0237  0.0234 -0.0231
 -0.5000 -0.4822 -0.4486 -0.4299 -0.3381 -0.1092 -0.0198  0.2460  0.5000
       7       6       5       6       3       2       3       7    ****
  0.2408 -0.2926 -0.2768  0.1093  0.0444  0.0763  0.0411 -0.0621  0.0325 -0.0167 -0.0717  0.0038  0.0211  0.0493  0.0071
 -0.5000 -0.4822  0.2460  0.5000
       1       0      -1    ****
 -0.2141  0.3347  0.2295 -0.1585  0.0054 -0.0264 -0.0910  0.0124  0.0169  0.0657  0.0231 -0.0519  0.0264 -0.0024 -0.0533
 -0.5000 -0.4822  0.2460  0.5000
       1       0       1    ****
  0.2408 -0.2926 -0.2768  0.1093  0.0444  0.0763  0.0411 -0.0621  0.0325 -0.0167 -0.0717  0.0038  0.0211  0.0493  0.0071
   3   3   1   8   4   4   3
 -0.5000 -0.4822 -0.4486 -0.4299 -0.2489  0.0028  0.3558  0.5000
       7       6       5       6       2       6       2    ****
  0.0134  0.0211 -0.0237 -0.0246  0.0249  0.0250 -0.0249 -0.0248  0.0247  0.0245 -0.0243 -0.0240  0.0237  0.0234 -0.0231
 -0.5000 -0.3079  0.4123  0.5000
       2       6       2    ****
  0.0000  0.0000  0.0000  0.0000  0.0000  0.0000  0.0000  0.0000  0.0000  0.0000  0.0000  0.0000  0.0000  0.0000  0.0000
 -0.5000 -0.4822  0.2460  0.5000
       1       0      -1    ****
 -0.2141  0.3347  0.2295 -0.1585  0.0054 -0.0264 -0.0910  0.0124  0.0169  0.0657  0.0231 -0.0519  0.0264 -0.0024 -0.0533
 -0.5000  0.2460  0.5000
       0      -1    ****
 -0.2274  0.3136  0.2531 -0.1339 -0.0195 -0.0513 -0.0661  0.0372 -0.0078  0.0412  0.0474 -0.0278  0.0026 -0.0258 -0.0302
   4   2   1   3   6   3   3
 -0.5000  0.2460  0.5000
       3       7    ****
  0.2274 -0.3136 -0.2531  0.1339  0.0195  0.0513  0.0661 -0.0372  0.0078 -0.0412 -0.0474  0.0278 -0.0026  0.0258  0.0302
 -0.5000 -0.3982 -0.2508 -0.1562  0.2460  0.5000
       2       3       6       3       7    ****
  0.2274 -0.3136 -0.2531  0.1339  0.0195  0.0513  0.0661 -0.0372  0.0078 -0.0412 -0.0474  0.0278 -0.0026  0.0258  0.0302
 -0.5000  0.2460  0.5000
       0       1    ****
  0.2274 -0.3136 -0.2531  0.1339  0.0195  0.0513  0.0661 -0.0372  0.0078 -0.0412 -0.0474  0.0278 -0.0026  0.0258  0.0302
 -0.5000  0.2460  0.5000
       0       1    ****
  0.2274 -0.3136 -0.2531  0.1339  0.0195  0.0513  0.0661 -0.0372  0.0078 -0.0412 -0.0474  0.0278 -0.0026  0.0258  0.0302
 ... pnet ... 
  0.3750  0.3750  0.0000  0.0000  0.0000  0.0000  0.0000  0.0000  0.0000  0.0000  0.0000  0.0000  0.0000  0.0000  0.0000
  0.0000  0.0000  0.0000  0.0000  0.0000  0.0000  0.0000  0.0000  0.0000  0.0000  0.0000  0.0000  0.0000  0.0000  0.0000
  0.0000  0.0000  0.0000  0.0000  0.0000  0.0000  0.0000  0.0000  0.0000  0.0000  0.0000  0.0000  0.0000  0.0000  0.0000
  0.0000  0.0000  0.0000  0.0000  0.0000  0.0000  0.0000  0.0000  0.0000  0.0000  0.0000  0.0000  0.0000  0.0000  0.0000
  0.0000  0.0000  0.0000  0.0000  0.0000  0.0000  0.0000  0.0000  0.0000  0.0000  0.0000  0.0000  0.0000  0.0000  0.0000
  0.5000  0.5000  0.5000  0.5000  0.5000  0.5000  0.5000  0.5000  0.5000  0.5000  0.5000  0.5000  0.5000  0.3750  0.3750
  0.3750  0.3750  0.3750  0.3750  0.3750  0.3750  0.3750  0.3750  0.3750  0.3750
 ... fnet ... 
  0.3294  0.2538  0.1324  0.0193 -0.0439 -0.0477 -0.0144  0.0203  0.0311  0.0159 -0.0087 -0.0223 -0.0164  0.0014  0.0158
  0.0160  0.0036 -0.0104 -0.0148 -0.0070  0.0057  0.0129  0.0091 -0.0017 -0.0105 -0.0103 -0.0018  0.0077  0.0105  0.0046
 -0.0048 -0.0099 -0.0068  0.0018  0.0087  0.0082  0.0010 -0.0069 -0.0090 -0.0036  0.0048  0.0091  0.0058 -0.0023 -0.0086
 -0.0077 -0.0003  0.0074  0.0090  0.0030 -0.0057 -0.0099 -0.0058  0.0035  0.0102  0.0085 -0.0008 -0.0100 -0.0112 -0.0026
  0.0091  0.0140  0.0068 -0.0075 -0.0173 -0.0126  0.0050  0.0220  0.0220 -0.0007 -0.0324 -0.0439 -0.0059  0.0923  0.2337
  0.3801  0.4908  0.5424  0.5393  0.5076  0.4789  0.4728  0.4893  0.5129  0.5253  0.5163  0.4879  0.4508  0.4166  0.3922
  0.3780  0.3715  0.3695  0.3704  0.3734  0.3771  0.3796  0.3791  0.3754  0.3694
 ... eave ... 
  0.1066 -0.1304 -0.1160  0.0397  0.0037  0.0472  0.0324 -0.0332  0.0111 -0.0119 -0.0353  0.0086  0.0118  0.0176  0.0031
 -0.0142  0.0125 -0.0030 -0.0194 -0.0033  0.0029  0.0192  0.0047 -0.0137  0.0087 -0.0010 -0.0155 -0.0013  0.0053  0.0110

 ... generation ...    7
   1   3   4   8   3   3   2
 -0.5000 -0.4822 -0.4486 -0.4299 -0.2489 -0.2094  0.4123  0.5000
       7       6       5       6       2       6       2    ****
  0.0134  0.0211 -0.0237 -0.0246  0.0249  0.0250 -0.0249 -0.0248  0.0247  0.0245 -0.0243 -0.0240  0.0237  0.0234 -0.0231
 -0.5000  0.2460  0.5000
       3       7    ****
  0.2274 -0.3136 -0.2531  0.1339  0.0195  0.0513  0.0661 -0.0372  0.0078 -0.0412 -0.0474  0.0278 -0.0026  0.0258  0.0302
 -0.5000 -0.4822  0.5000
       1       0    ****
  0.0134  0.0211 -0.0237 -0.0246  0.0249  0.0250 -0.0249 -0.0248  0.0247  0.0245 -0.0243 -0.0240  0.0237  0.0234 -0.0231
 -0.5000  0.5000
       0    ****
  0.0000  0.0000  0.0000  0.0000  0.0000  0.0000  0.0000  0.0000  0.0000  0.0000  0.0000  0.0000  0.0000  0.0000  0.0000
   2   4   3   6   8   2   3
 -0.5000 -0.3982 -0.2508 -0.1822  0.2460  0.5000
       2       3       6       3       7    ****
  0.2274 -0.3136 -0.2531  0.1339  0.0195  0.0513  0.0661 -0.0372  0.0078 -0.0412 -0.0474  0.0278 -0.0026  0.0258  0.0302
 -0.5000 -0.4822 -0.4486 -0.4299 -0.2489  0.0028  0.3558  0.5000
       7       6       5       6       2       6       2    ****
  0.0134  0.0211 -0.0237 -0.0246  0.0249  0.0250 -0.0249 -0.0248  0.0247  0.0245 -0.0243 -0.0240  0.0237  0.0234 -0.0231
 -0.5000  0.5000
       0    ****
  0.0000  0.0000  0.0000  0.0000  0.0000  0.0000  0.0000  0.0000  0.0000  0.0000  0.0000  0.0000  0.0000  0.0000  0.0000
 -0.5000 -0.4822  0.5000
       1       0    ****
  0.0134  0.0211 -0.0237 -0.0246  0.0249  0.0250 -0.0249 -0.0248  0.0247  0.0245 -0.0243 -0.0240  0.0237  0.0234 -0.0231
   3   3   3   8   4   3   3
 -0.5000 -0.4822 -0.4486 -0.4299 -0.2489  0.0028  0.3558  0.5000
       7       6       5       6       2       6       2    ****
  0.0134  0.0211 -0.0237 -0.0246  0.0249  0.0250 -0.0249 -0.0248  0.0247  0.0245 -0.0243 -0.0240  0.0237  0.0234 -0.0231
 -0.5000 -0.3079  0.4123  0.5000
       2       6       2    ****
  0.0000  0.0000  0.0000  0.0000  0.0000  0.0000  0.0000  0.0000  0.0000  0.0000  0.0000  0.0000  0.0000  0.0000  0.0000
 -0.5000 -0.4822  0.5000
       1       0    ****
  0.0134  0.0211 -0.0237 -0.0246  0.0249  0.0250 -0.0249 -0.0248  0.0247  0.0245 -0.0243 -0.0240  0.0237  0.0234 -0.0231
 -0.5000 -0.4822  0.5000
      -1       0    ****
 -0.0134 -0.0211  0.0237  0.0246 -0.0249 -0.0250  0.0249  0.0248 -0.0247 -0.0245  0.0243  0.0240 -0.0237 -0.0234  0.0231
   4   4   4   3   5   2   2
 -0.5000  0.2460  0.5000
       3       7    ****
  0.2274 -0.3136 -0.2531  0.1339  0.0195  0.0513  0.0661 -0.0372  0.0078 -0.0412 -0.0474  0.0278 -0.0026  0.0258  0.0302
 -0.5000 -0.2508 -0.1562  0.2460  0.5000
       3       6       3       7    ****
  0.2274 -0.3136 -0.2531  0.1339  0.0195  0.0513  0.0661 -0.0372  0.0078 -0.0412 -0.0474  0.0278 -0.0026  0.0258  0.0302
 -0.5000  0.5000
       0    ****
  0.0000  0.0000  0.0000  0.0000  0.0000  0.0000  0.0000  0.0000  0.0000  0.0000  0.0000  0.0000  0.0000  0.0000  0.0000
 -0.5000  0.5000
       0    ****
  0.0000  0.0000  0.0000  0.0000  0.0000  0.0000  0.0000  0.0000  0.0000  0.0000  0.0000  0.0000  0.0000  0.0000  0.0000
 ... pnet ... 
  0.3750  0.3750  0.0000  0.0000  0.0000  0.0000  0.0000  0.0000  0.0000  0.0000  0.0000  0.0000  0.0000  0.0000  0.0000
  0.0000  0.0000  0.0000  0.0000  0.0000  0.0000  0.0000  0.0000  0.0000  0.0000  0.0000  0.0000  0.0000  0.0000  0.0000
  0.0000  0.0000  0.0000  0.0000  0.0000  0.0000  0.0000  0.0000  0.0000  0.0000  0.0000  0.0000  0.0000  0.0000  0.0000
  0.0000  0.0000  0.0000  0.0000  0.0000  0.0000  0.0000  0.0000  0.0000  0.0000  0.0000  0.0000  0.0000  0.0000  0.0000
  0.0000  0.0000  0.0000  0.0000  0.0000  0.0000  0.0000  0.0000  0.0000  0.0000  0.0000  0.0000  0.0000  0.0000  0.0000
  0.5000  0.5000  0.5000  0.5000  0.5000  0.5000  0.5000  0.5000  0.5000  0.5000  0.5000  0.5000  0.5000  0.5000  0.5000
  0.5000  0.5000  0.5000  0.5000  0.5000  0.5000  0.5000  0.5000  0.5000  0.5000
 ... fnet ... 
  0.3306  0.2540  0.1315  0.0179 -0.0446 -0.0472 -0.0131  0.0214  0.0311  0.0148 -0.0100 -0.0228 -0.0157  0.0028  0.0167
  0.0157  0.0023 -0.0116 -0.0150 -0.0060  0.0071  0.0136  0.0086 -0.0031 -0.0116 -0.0102 -0.0006  0.0091  0.0109  0.0037
 -0.0063 -0.0109 -0.0063  0.0033  0.0100  0.0084 -0.0002 -0.0085 -0.0097 -0.0028  0.0065  0.0103  0.0056 -0.0039 -0.0102
 -0.0081  0.0009  0.0093  0.0101  0.0024 -0.0076 -0.0116 -0.0058  0.0052  0.0123  0.0093 -0.0019 -0.0123 -0.0128 -0.0022
  0.0113  0.0162  0.0073 -0.0094 -0.0200 -0.0141  0.0062  0.0250  0.0245 -0.0009 -0.0353 -0.0473 -0.0071  0.0946  0.2380
  0.3829  0.4894  0.5375  0.5345  0.5072  0.4841  0.4802  0.4924  0.5073  0.5130  0.5073  0.4970  0.4911  0.4934  0.5006
  0.5061  0.5057  0.5006  0.4956  0.4950  0.4988  0.5035  0.5052  0.5019  0.4947
 ... eave ... 
  0.1187 -0.1489 -0.1355  0.0577  0.0191  0.0350  0.0237 -0.0279  0.0132 -0.0114 -0.0328  0.0049  0.0076  0.0217  0.0065
 -0.0166  0.0115 -0.0032 -0.0207 -0.0012  0.0055  0.0164  0.0022 -0.0117  0.0099 -0.0014 -0.0150 -0.0025  0.0037  0.0128

 ... generation ...    8
   1   1   3   6  10   4   3
 -0.5000 -0.1776 -0.1643 -0.0901  0.4123  0.5000
       3       6       3       6       2    ****
  0.0000  0.0000  0.0000  0.0000  0.0000  0.0000  0.0000  0.0000  0.0000  0.0000  0.0000  0.0000  0.0000  0.0000  0.0000
 -0.5000 -0.4822 -0.4486 -0.4299 -0.2489  0.0028  0.3558  0.4062  0.4123  0.5000
       7       6       5       6       2       6       2       6       2    ****
  0.0134  0.0211 -0.0237 -0.0246  0.0249  0.0250 -0.0249 -0.0248  0.0247  0.0245 -0.0243 -0.0240  0.0237  0.0234 -0.0231
 -0.5000 -0.4822  0.2460  0.5000
      -1       0      -1    ****
 -0.2408  0.2926  0.2768 -0.1093 -0.0444 -0.0763 -0.0411  0.0621 -0.0325  0.0167  0.0717 -0.0038 -0.0211 -0.0493 -0.0071
 -0.5000 -0.4822  0.5000
       1       0    ****
  0.0134  0.0211 -0.0237 -0.0246  0.0249  0.0250 -0.0249 -0.0248  0.0247  0.0245 -0.0243 -0.0240  0.0237  0.0234 -0.0231
   2   4   2   3   8   2   6
 -0.5000  0.2460  0.5000
       3       7    ****
  0.2274 -0.3136 -0.2531  0.1339  0.0195  0.0513  0.0661 -0.0372  0.0078 -0.0412 -0.0474  0.0278 -0.0026  0.0258  0.0302
 -0.5000 -0.3982 -0.2508 -0.1822  0.2460  0.2563  0.3485  0.5000
       2       3       6       3       7       6       7    ****
  0.1374 -0.2021 -0.1939  0.1548  0.1082 -0.0659 -0.0325  0.0071 -0.0131  0.0297  0.0409 -0.0432 -0.0338  0.0137 -0.0113
 -0.5000  0.5000
       0    ****
  0.0000  0.0000  0.0000  0.0000  0.0000  0.0000  0.0000  0.0000  0.0000  0.0000  0.0000  0.0000  0.0000  0.0000  0.0000
 -0.5000 -0.4822  0.2460  0.2563  0.3485  0.5000
      -1       0       1      -1       1    ****
  0.0340 -0.1115 -0.1109  0.2002  0.1720 -0.2081 -0.1062  0.0763 -0.0588  0.0761  0.1535 -0.0902 -0.0887 -0.0219 -0.0298
   3   3   2   8  10   3   4
 -0.5000 -0.4822 -0.4486 -0.4299 -0.2489  0.0028  0.3558  0.5000
       7       6       5       6       2       6       2    ****
  0.0134  0.0211 -0.0237 -0.0246  0.0249  0.0250 -0.0249 -0.0248  0.0247  0.0245 -0.0243 -0.0240  0.0237  0.0234 -0.0231
 -0.5000 -0.4822 -0.4486 -0.4299 -0.4034 -0.3982 -0.2508 -0.1822  0.2460  0.5000
       7       6       5       6       2       3       6       3       7    ****
  0.2408 -0.2926 -0.2768  0.1093  0.0444  0.0763  0.0411 -0.0621  0.0325 -0.0167 -0.0717  0.0038  0.0211  0.0493  0.0071
 -0.5000 -0.4822  0.5000
       1       0    ****
  0.0134  0.0211 -0.0237 -0.0246  0.0249  0.0250 -0.0249 -0.0248  0.0247  0.0245 -0.0243 -0.0240  0.0237  0.0234 -0.0231
 -0.5000 -0.4822  0.2460  0.5000
       1       0       1    ****
  0.2408 -0.2926 -0.2768  0.1093  0.0444  0.0763  0.0411 -0.0621  0.0325 -0.0167 -0.0717  0.0038  0.0211  0.0493  0.0071
   4   3   4   4   3   3   2
 -0.5000 -0.3079  0.4123  0.5000
       2       6       2    ****
  0.0000  0.0000  0.0000  0.0000  0.0000  0.0000  0.0000  0.0000  0.0000  0.0000  0.0000  0.0000  0.0000  0.0000  0.0000
 -0.5000  0.2460  0.5000
       3       7    ****
  0.2274 -0.3136 -0.2531  0.1339  0.0195  0.0513  0.0661 -0.0372  0.0078 -0.0412 -0.0474  0.0278 -0.0026  0.0258  0.0302
 -0.5000 -0.4822  0.5000
      -1       0    ****
 -0.0134 -0.0211  0.0237  0.0246 -0.0249 -0.0250  0.0249  0.0248 -0.0247 -0.0245  0.0243  0.0240 -0.0237 -0.0234  0.0231
 -0.5000  0.5000
       0    ****
  0.0000  0.0000  0.0000  0.0000  0.0000  0.0000  0.0000  0.0000  0.0000  0.0000  0.0000  0.0000  0.0000  0.0000  0.0000
 ... pnet ... 
  0.3750  0.3750  0.0000  0.0000  0.0000  0.0000  0.0000  0.0000  0.0000  0.0000  0.0000  0.0000  0.0000  0.0000  0.0000
  0.0000  0.0000  0.0000  0.0000  0.0000  0.0000  0.0000  0.0000  0.0000  0.0000  0.0000  0.0000  0.0000  0.0000  0.0000
  0.0000  0.0000  0.0000  0.0000  0.0000  0.0000  0.0000  0.0000  0.0000  0.0000  0.0000  0.0000  0.0000  0.0000  0.0000
  0.0000  0.0000  0.0000  0.0000  0.0000  0.0000  0.0000  0.0000  0.0000  0.0000  0.0000  0.0000  0.0000  0.0000  0.0000
  0.0000  0.0000  0.0000  0.0000  0.0000  0.0000  0.0000  0.0000  0.0000  0.0000  0.0000  0.0000  0.0000  0.0000  0.0000
  0.5000  0.3750  0.3750  0.3750  0.3750  0.3750  0.3750  0.3750  0.3750  0.3750  0.5000  0.5000  0.5000  0.5000  0.5000
  0.5000  0.5000  0.5000  0.5000  0.5000  0.5000  0.5000  0.5000  0.5000  0.5000
 ... fnet ... 
  0.3287  0.2536  0.1330  0.0201 -0.0434 -0.0479 -0.0152  0.0196  0.0311  0.0165 -0.0078 -0.0219 -0.0168  0.0005  0.0151
  0.0161  0.0043 -0.0096 -0.0145 -0.0075  0.0048  0.0123  0.0093 -0.0008 -0.0096 -0.0101 -0.0025  0.0067  0.0099  0.0050
 -0.0038 -0.0090 -0.0067  0.0010  0.0076  0.0077  0.0015 -0.0058 -0.0081 -0.0037  0.0037  0.0079  0.0054 -0.0015 -0.0071
 -0.0067 -0.0006  0.0060  0.0076  0.0027 -0.0046 -0.0081 -0.0047  0.0028  0.0083  0.0067 -0.0009 -0.0081 -0.0087 -0.0015
  0.0078  0.0110  0.0044 -0.0072 -0.0139 -0.0086  0.0063  0.0189  0.0159 -0.0050 -0.0301 -0.0344  0.0047  0.0919  0.2090
  0.3220  0.3986  0.4239  0.4066  0.3719  0.3467  0.3460  0.3692  0.4044  0.4388  0.4651  0.4833  0.4961  0.5051  0.5092
  0.5074  0.5009  0.4942  0.4919  0.4958  0.5028  0.5079  0.5071  0.5005  0.4909
 ... eave ... 
  0.1075 -0.1350 -0.1280  0.0603  0.0302  0.0204  0.0114 -0.0224  0.0105 -0.0026 -0.0218 -0.0040  0.0037  0.0202  0.0013
 -0.0105  0.0160 -0.0051 -0.0202 -0.0028  0.0042  0.0169  0.0021 -0.0118  0.0088  0.0006 -0.0127 -0.0040  0.0040  0.0106

 ... generation ...    9
   1   4   4   7   5   3   4
 -0.5000 -0.4975 -0.3749 -0.3188  0.1385  0.4123  0.5000
       2       3       2       3       6       2    ****
  0.0000  0.0000  0.0000  0.0000  0.0000  0.0000  0.0000  0.0000  0.0000  0.0000  0.0000  0.0000  0.0000  0.0000  0.0000
 -0.5000  0.2460  0.2880  0.4123  0.5000
       3       7       6       2    ****
  0.0424 -0.0479 -0.0146 -0.0286 -0.0554  0.0520  0.0211  0.0203  0.0503 -0.0538 -0.0296 -0.0090 -0.0417  0.0521  0.0357
 -0.5000  0.2460  0.5000
       0      -1    ****
 -0.2274  0.3136  0.2531 -0.1339 -0.0195 -0.0513 -0.0661  0.0372 -0.0078  0.0412  0.0474 -0.0278  0.0026 -0.0258 -0.0302
 -0.5000  0.2460  0.2880  0.5000
       0       1      -1    ****
 -0.1427  0.2179  0.2240 -0.1911 -0.1303  0.0526 -0.0239  0.0777  0.0928 -0.0663 -0.0118 -0.0458 -0.0809  0.0784  0.0412
   2   3   2  13   6   3   4
 -0.5000 -0.4822 -0.4486 -0.4299 -0.4034 -0.3982 -0.2508 -0.1822 -0.1295  0.0028  0.1848  0.2460  0.5000
       7       6       5       6       2       3       6       3       2       6       3       7    ****
  0.2408 -0.2926 -0.2768  0.1093  0.0444  0.0763  0.0411 -0.0621  0.0325 -0.0167 -0.0717  0.0038  0.0211  0.0493  0.0071
 -0.5000 -0.3982 -0.2508 -0.1822  0.2460  0.5000
       2       3       6       3       7    ****
  0.2274 -0.3136 -0.2531  0.1339  0.0195  0.0513  0.0661 -0.0372  0.0078 -0.0412 -0.0474  0.0278 -0.0026  0.0258  0.0302
 -0.5000  0.2460  0.5000
       0       1    ****
  0.2274 -0.3136 -0.2531  0.1339  0.0195  0.0513  0.0661 -0.0372  0.0078 -0.0412 -0.0474  0.0278 -0.0026  0.0258  0.0302
 -0.5000  0.2563  0.3485  0.5000
       0       1       0    ****
  0.0900 -0.1116 -0.0593 -0.0209 -0.0887  0.1172  0.0986 -0.0444  0.0209 -0.0709 -0.0883  0.0710  0.0312  0.0121  0.0416
   3   2   1   6   6   4   3
 -0.5000 -0.3982 -0.2508 -0.1822  0.2460  0.5000
       2       3       6       3       7    ****
  0.2274 -0.3136 -0.2531  0.1339  0.0195  0.0513  0.0661 -0.0372  0.0078 -0.0412 -0.0474  0.0278 -0.0026  0.0258  0.0302
 -0.5000 -0.1776 -0.1643 -0.0901  0.4123  0.5000
       3       6       3       6       2    ****
  0.0000  0.0000  0.0000  0.0000  0.0000  0.0000  0.0000  0.0000  0.0000  0.0000  0.0000  0.0000  0.0000  0.0000  0.0000
 -0.5000  0.2563  0.3485  0.5000
       0       1       0    ****
  0.0900 -0.1116 -0.0593 -0.0209 -0.0887  0.1172  0.0986 -0.0444  0.0209 -0.0709 -0.0883  0.0710  0.0312  0.0121  0.0416
 -0.5000 -0.4822  0.5000
      -1       0    ****
 -0.0134 -0.0211  0.0237  0.0246 -0.0249 -0.0250  0.0249  0.0248 -0.0247 -0.0245  0.0243  0.0240 -0.0237 -0.0234  0.0231
   4   1   3   8  11   3   3
 -0.5000 -0.4822 -0.4486 -0.4299 -0.2489  0.0028  0.4123  0.5000
       7       6       5       6       2       6       2    ****
  0.0134  0.0211 -0.0237 -0.0246  0.0249  0.0250 -0.0249 -0.0248  0.0247  0.0245 -0.0243 -0.0240  0.0237  0.0234 -0.0231
 -0.5000 -0.4822 -0.4486 -0.4299 -0.4034 -0.3982 -0.2508 -0.1822  0.0709  0.3558  0.5000
       7       6       5       6       2       3       6       3       6       2    ****
  0.0134  0.0211 -0.0237 -0.0246  0.0249  0.0250 -0.0249 -0.0248  0.0247  0.0245 -0.0243 -0.0240  0.0237  0.0234 -0.0231
 -0.5000 -0.4822  0.5000
       1       0    ****
  0.0134  0.0211 -0.0237 -0.0246  0.0249  0.0250 -0.0249 -0.0248  0.0247  0.0245 -0.0243 -0.0240  0.0237  0.0234 -0.0231
 -0.5000  0.2460  0.5000
       0      -1    ****
 -0.2274  0.3136  0.2531 -0.1339 -0.0195 -0.0513 -0.0661  0.0372 -0.0078  0.0412  0.0474 -0.0278  0.0026 -0.0258 -0.0302
 ... pnet ... 
  0.3750  0.3750  0.0000  0.0000  0.0000  0.0000  0.0000  0.0000  0.0000  0.0000  0.0000  0.0000  0.0000  0.0000  0.0000
  0.0000  0.0000  0.0000  0.0000  0.0000  0.0000  0.0000  0.0000  0.0000  0.0000  0.0000  0.0000  0.0000  0.0000  0.0000
  0.0000  0.0000  0.0000  0.0000  0.0000  0.0000  0.0000  0.0000  0.0000  0.0000  0.0000  0.0000  0.0000  0.0000  0.0000
  0.0000  0.0000  0.0000  0.0000  0.0000  0.0000  0.0000  0.0000  0.0000  0.0000  0.0000  0.0000  0.0000  0.0000  0.0000
  0.0000  0.0000  0.0000  0.0000  0.0000  0.0000  0.0000  0.0000  0.0000  0.0000  0.0000  0.0000  0.0000  0.0000  0.0000
  0.5000  0.5000  0.5000  0.5000  0.3750  0.3750  0.3750  0.3750  0.3750  0.3750  0.3750  0.3750  0.3750  0.3750  0.3750
  0.3750  0.3750  0.3750  0.3750  0.3750  0.3750  0.3750  0.3750  0.3750  0.3750
 ... fnet ... 
  0.3316  0.2543  0.1308  0.0169 -0.0452 -0.0469 -0.0121  0.0222  0.0312  0.0139 -0.0110 -0.0232 -0.0152  0.0038  0.0175
  0.0156  0.0014 -0.0127 -0.0152 -0.0053  0.0083  0.0142  0.0082 -0.0042 -0.0125 -0.0103  0.0003  0.0103  0.0114  0.0032
 -0.0075 -0.0118 -0.0062  0.0044  0.0113  0.0087 -0.0010 -0.0099 -0.0106 -0.0024  0.0078  0.0116  0.0058 -0.0049 -0.0118
 -0.0089  0.0015  0.0109  0.0114  0.0023 -0.0091 -0.0133 -0.0065  0.0062  0.0143  0.0107 -0.0023 -0.0143 -0.0149 -0.0027
  0.0130  0.0190  0.0089 -0.0104 -0.0231 -0.0169  0.0059  0.0280  0.0288  0.0012 -0.0377 -0.0532 -0.0121  0.0955  0.2463
  0.3940  0.4921  0.5181  0.4826  0.4201  0.3681  0.3476  0.3564  0.3766  0.3898  0.3882  0.3771  0.3671  0.3653  0.3713
  0.3787  0.3817  0.3789  0.3738  0.3708  0.3718  0.3752  0.3778  0.3773  0.3731
 ... eave ... 
  0.0956 -0.1157 -0.1056  0.0374  0.0097  0.0351  0.0181 -0.0207  0.0185 -0.0130 -0.0306  0.0003  0.0027  0.0250  0.0071
 -0.0148  0.0146 -0.0062 -0.0224 -0.0015  0.0035  0.0191  0.0045 -0.0127  0.0104 -0.0031 -0.0171 -0.0009  0.0041  0.0137

 ... generation ...   10
   1   1   1   5   4   4   4
 -0.5000  0.2460  0.2880  0.4123  0.5000
       3       7       6       2    ****
  0.0424 -0.0479 -0.0146 -0.0286 -0.0554  0.0520  0.0211  0.0203  0.0503 -0.0538 -0.0296 -0.0090 -0.0417  0.0521  0.0357
 -0.5000  0.1385  0.4123  0.5000
       3       6       2    ****
  0.0000  0.0000  0.0000  0.0000  0.0000  0.0000  0.0000  0.0000  0.0000  0.0000  0.0000  0.0000  0.0000  0.0000  0.0000
 -0.5000  0.2460  0.2880  0.5000
       0       1       0    ****
  0.0424 -0.0479 -0.0146 -0.0286 -0.0554  0.0520  0.0211  0.0203  0.0503 -0.0538 -0.0296 -0.0090 -0.0417  0.0521  0.0357
 -0.5000  0.2460  0.2880  0.5000
       0      -1       0    ****
 -0.0424  0.0479  0.0146  0.0286  0.0554 -0.0520 -0.0211 -0.0203 -0.0503  0.0538  0.0296  0.0090  0.0417 -0.0521 -0.0357
   2   1   3   7   8   4   3
 -0.5000 -0.4975 -0.3749 -0.3188  0.1385  0.4123  0.5000
       2       3       2       3       6       2    ****
  0.0000  0.0000  0.0000  0.0000  0.0000  0.0000  0.0000  0.0000  0.0000  0.0000  0.0000  0.0000  0.0000  0.0000  0.0000
 -0.5000 -0.3982 -0.2508 -0.1822  0.1253  0.1266  0.2460  0.5000
       2       3       6       3       6       3       7    ****
  0.2274 -0.3136 -0.2531  0.1339  0.0195  0.0513  0.0661 -0.0372  0.0078 -0.0412 -0.0474  0.0278 -0.0026  0.0258  0.0302
 -0.5000  0.2460  0.2880  0.5000
       0      -1       0    ****
 -0.0424  0.0479  0.0146  0.0286  0.0554 -0.0520 -0.0211 -0.0203 -0.0503  0.0538  0.0296  0.0090  0.0417 -0.0521 -0.0357
 -0.5000  0.2460  0.5000
       0       1    ****
  0.2274 -0.3136 -0.2531  0.1339  0.0195  0.0513  0.0661 -0.0372  0.0078 -0.0412 -0.0474  0.0278 -0.0026  0.0258  0.0302
   3   4   4  11  12   2   2
 -0.5000 -0.4822 -0.4486 -0.4299 -0.4034 -0.3982 -0.2508 -0.1822  0.0709  0.4029  0.5000
       7       6       5       6       2       3       6       3       6       2    ****
  0.0134  0.0211 -0.0237 -0.0246  0.0249  0.0250 -0.0249 -0.0248  0.0247  0.0245 -0.0243 -0.0240  0.0237  0.0234 -0.0231
 -0.5000 -0.4822 -0.4486 -0.4299 -0.4034 -0.3982 -0.2508 -0.1845 -0.1528  0.0709  0.4123  0.5000
       7       6       5       6       2       3       6       2       3       6       2    ****
  0.0134  0.0211 -0.0237 -0.0246  0.0249  0.0250 -0.0249 -0.0248  0.0247  0.0245 -0.0243 -0.0240  0.0237  0.0234 -0.0231
 -0.5000  0.5000
       0    ****
  0.0000  0.0000  0.0000  0.0000  0.0000  0.0000  0.0000  0.0000  0.0000  0.0000  0.0000  0.0000  0.0000  0.0000  0.0000
 -0.5000  0.5000
       0    ****
  0.0000  0.0000  0.0000  0.0000  0.0000  0.0000  0.0000  0.0000  0.0000  0.0000  0.0000  0.0000  0.0000  0.0000  0.0000
   4   1   1   5   4   4   4
 -0.5000  0.2460  0.2880  0.4123  0.5000
       3       7       6       2    ****
  0.0424 -0.0479 -0.0146 -0.0286 -0.0554  0.0520  0.0211  0.0203  0.0503 -0.0538 -0.0296 -0.0090 -0.0417  0.0521  0.0357
 -0.5000  0.1385  0.4123  0.5000
       3       6       2    ****
  0.0000  0.0000  0.0000  0.0000  0.0000  0.0000  0.0000  0.0000  0.0000  0.0000  0.0000  0.0000  0.0000  0.0000  0.0000
 -0.5000  0.2460  0.2880  0.5000
       0       1       0    ****
  0.0424 -0.0479 -0.0146 -0.0286 -0.0554  0.0520  0.0211  0.0203  0.0503 -0.0538 -0.0296 -0.0090 -0.0417  0.0521  0.0357
 -0.5000  0.2460  0.2880  0.5000
       0      -1       0    ****
 -0.0424  0.0479  0.0146  0.0286  0.0554 -0.0520 -0.0211 -0.0203 -0.0503  0.0538  0.0296  0.0090  0.0417 -0.0521 -0.0357
 ... pnet ... 
  0.2500  0.2500  0.0000  0.0000  0.0000  0.0000  0.0000  0.0000  0.0000  0.0000  0.0000  0.0000  0.0000  0.0000  0.0000
  0.0000  0.0000  0.0000  0.0000  0.0000  0.0000  0.0000  0.0000  0.0000  0.0000  0.0000  0.0000  0.0000  0.0000  0.0000
  0.0000  0.0000  0.0000  0.0000  0.0000  0.0000  0.0000  0.0000  0.0000  0.0000  0.0000  0.0000  0.0000  0.0000  0.0000
  0.0000  0.0000  0.0000  0.0000  0.0000  0.0000  0.0000  0.0000  0.0000  0.0000  0.0000  0.0000  0.0000  0.0000  0.0000
  0.0000  0.0000  0.0000  0.0000  0.0000  0.0000  0.0000  0.0000  0.0000  0.0000  0.0000  0.0000  0.0000  0.0000  0.0000
  0.3750  0.3750  0.3750  0.3750  0.1250  0.1250  0.1250  0.1250  0.1250  0.1250  0.1250  0.1250  0.1250  0.1250  0.1250
  0.1250  0.1250  0.1250  0.1250  0.1250  0.1250  0.1250  0.1250  0.1250  0.1250
 ... fnet ... 
  0.2227  0.1699  0.0860  0.0094 -0.0312 -0.0306 -0.0063  0.0164  0.0208  0.0078 -0.0092 -0.0162 -0.0091  0.0045  0.0130
  0.0101 -0.0008 -0.0102 -0.0106 -0.0022  0.0075  0.0106  0.0048 -0.0047 -0.0101 -0.0069  0.0019  0.0089  0.0085  0.0010
 -0.0072 -0.0094 -0.0038  0.0049  0.0096  0.0064 -0.0022 -0.0090 -0.0085 -0.0008  0.0076  0.0099  0.0040 -0.0054 -0.0105
 -0.0071  0.0024  0.0102  0.0098  0.0012 -0.0088 -0.0119 -0.0052  0.0063  0.0132  0.0094 -0.0026 -0.0133 -0.0135 -0.0022
  0.0121  0.0174  0.0083 -0.0093 -0.0211 -0.0160  0.0045  0.0249  0.0267  0.0031 -0.0315 -0.0472 -0.0150  0.0730  0.1953
  0.3091  0.3721  0.3642  0.2972  0.2065  0.1313  0.0950  0.0970  0.1187  0.1381  0.1426  0.1333  0.1204  0.1138  0.1165
  0.1245  0.1312  0.1323  0.1283  0.1230  0.1200  0.1207  0.1239  0.1272  0.1282
 ... eave ... 
  0.0424 -0.0459 -0.0412  0.0034 -0.0052  0.0256  0.0073 -0.0058  0.0197 -0.0125 -0.0194 -0.0048 -0.0048  0.0221  0.0069
 -0.0082  0.0142 -0.0092 -0.0182 -0.0008 -0.0005  0.0171  0.0069 -0.0102  0.0079 -0.0051 -0.0149  0.0018  0.0030  0.0109
