 ... generation ...    0
   1   0   0   2   2   2   2
 -0.5000  0.5000
       1    ****
 -0.5000  0.5000
       2    ****
   2   0   0   2   2   2   2
 -0.5000  0.5000
       3    ****
 -0.5000  0.5000
       4    ****
   3   0   0   2   2   2   2
 -0.5000  0.5000
       5    ****
 -0.5000  0.5000
       6    ****
   4   0   0   2   2   2   2
 -0.5000  0.5000
       7    ****
 -0.5000  0.5000
       8    ****
 ... generation ...    1
   1   3   1   2   3   2   2
 -0.5000  0.5000
       6    ****
 -0.5000 -0.4667  0.5000
       2       1    ****
   2   4   2   2   2   2   2
 -0.5000  0.5000
       7    ****
 -0.5000  0.5000
       4    ****
   3   2   1   3   2   2   2
 -0.5000  0.1760  0.5000
       4       3    ****
 -0.5000  0.5000
       2    ****
   4   3   2   4   2   2   2
 -0.5000 -0.0261  0.3300  0.5000
       5       6       5    ****
 -0.5000  0.5000
       4    ****
 ... generation ...    2
   1   1   4   3   3   2   2
 -0.5000 -0.3925  0.5000
       6       1    ****
 -0.5000 -0.1386  0.5000
       5       4    ****
   2   3   2   4   3   2   2
 -0.5000  0.1760  0.2200  0.5000
       4       3       2    ****
 -0.5000 -0.1310  0.5000
       7       4    ****
   3   4   3   4   4   2   2
 -0.5000 -0.0261  0.3300  0.5000
       5       6       5    ****
 -0.5000 -0.3214 -0.0743  0.5000
       2       4       2    ****
   4   2   3   3   3   2   2
 -0.5000 -0.2611  0.5000
       7       4    ****
 -0.5000  0.4899  0.5000
       2       3    ****
 ... generation ...    3
   1   3   1   4   4   2   2
 -0.5000 -0.3214 -0.0743  0.5000
       2       4       2    ****
 -0.5000 -0.4940 -0.3925  0.5000
       5       6       1    ****
   2   1   3   4   5   2   2
 -0.5000 -0.4739 -0.1386  0.5000
       6       5       4    ****
 -0.5000 -0.3214 -0.0743  0.3619  0.5000
       2       4       2       5    ****
   3   2   2   3   6   2   2
 -0.5000 -0.1310  0.5000
       7       4    ****
 -0.5000 -0.2722  0.1760  0.2200  0.4742  0.5000
       7       4       3       2       4    ****
   4   4   4   4   4   2   2
 -0.5000 -0.3185  0.2255  0.5000
       7       2       4    ****
 -0.5000 -0.4434  0.4899  0.5000
       7       2       3    ****
 ... generation ...    4
   1   4   4   4   4   2   2
 -0.5000 -0.4434  0.4899  0.5000
       7       2       3    ****
 -0.5000 -0.4434  0.2416  0.5000
       7       2       4    ****
   2   3   1   8   5   2   2
 -0.5000 -0.2722 -0.2401 -0.1310  0.2141  0.2200  0.4742  0.5000
       7       4       7       4       3       2       4    ****
 -0.5000 -0.3214 -0.0743  0.1746  0.5000
       2       4       2       1    ****
   3   4   3   4   3   2   2
 -0.5000 -0.3185  0.2255  0.5000
       7       2       4    ****
 -0.5000 -0.1310  0.5000
       7       4    ****
   4   4   4   8   4   2   2
 -0.5000 -0.4434 -0.4431 -0.3185  0.2255  0.4631  0.4899  0.5000
       7       2       7       2       4       2       3    ****
 -0.5000 -0.4353  0.4899  0.5000
       7       2       3    ****
 ... generation ...    5
   1   1   2   6   5   2   2
 -0.5000 -0.4434  0.2416  0.3968  0.4899  0.5000
       7       2       4       2       3    ****
 -0.5000 -0.2722 -0.0743  0.1746  0.5000
       7       4       2       1    ****
   2   2   4   8   4   2   2
 -0.5000 -0.3214 -0.0743  0.0321  0.2141  0.2200  0.3417  0.5000
       2       4       2       4       3       2       1    ****
 -0.5000 -0.4353  0.4899  0.5000
       7       2       3    ****
   3   3   1   3   4   2   2
 -0.5000 -0.1310  0.5000
       7       4    ****
 -0.5000 -0.4434  0.2646  0.5000
       7       2       4    ****
   4   3   1   4   4   2   2
 -0.5000 -0.1575  0.2255  0.5000
       7       2       4    ****
 -0.5000 -0.4434  0.4891  0.5000
       7       2       4    ****
 ... generation ...    6
   1   4   4   4   4   2   2
 -0.5000 -0.1575  0.2255  0.5000
       7       2       4    ****
 -0.5000 -0.4434  0.3117  0.5000
       7       2       4    ****
   2   1   3   5   3   2   2
 -0.5000 -0.2722 -0.0743  0.1746  0.5000
       7       4       2       1    ****
 -0.5000 -0.1310  0.5000
       7       4    ****
   3   4   2   8   8   2   2
 -0.5000 -0.4434 -0.3439 -0.1575  0.2255  0.2412  0.4891  0.5000
       7       2       7       2       4       2       4    ****
 -0.5000 -0.3214 -0.0743  0.0321  0.2141  0.2200  0.3417  0.5000
       2       4       2       4       3       2       1    ****
   4   2   3   8   5   2   2
 -0.5000 -0.3214 -0.0743  0.0321  0.2141  0.2200  0.3417  0.5000
       2       4       2       4       3       2       1    ****
 -0.5000 -0.1310  0.0027  0.2646  0.5000
       7       4       2       4    ****
 ... generation ...    7
   1   2   1   6   4   2   2
 -0.5000 -0.1310  0.0673  0.1746  0.4513  0.5000
       7       4       2       1       4    ****
 -0.5000 -0.4434  0.3117  0.5000
       7       2       4    ****
   2   2   3   3   8   2   2
 -0.5000 -0.1310  0.5000
       7       4    ****
 -0.5000 -0.3214 -0.0743  0.0321  0.2141  0.2200  0.3417  0.5000
       2       4       2       4       3       2       1    ****
   3   3   1  10   4   2   2
 -0.5000 -0.3214 -0.3166 -0.1575  0.0655  0.0801  0.2255  0.2412  0.4891  0.5000
       2       4       7       2       4       2       4       2       4    ****
 -0.5000 -0.1575  0.3117  0.5000
       7       2       4    ****
   4   3   1  10   4   2   2
 -0.5000 -0.3214 -0.0743  0.0321  0.2141  0.2200  0.3417  0.4889  0.4891  0.5000
       2       4       2       4       3       2       1       2       4    ****
 -0.5000 -0.4434  0.3117  0.5000
       7       2       4    ****
 ... generation ...    8
   1   2   4   5   9   2   2
 -0.5000 -0.3892 -0.1310  0.4934  0.5000
       2       7       4       1    ****
 -0.5000 -0.4434  0.0321  0.2141  0.2200  0.3417  0.4889  0.4891  0.5000
       7       2       4       3       2       1       2       4    ****
   2   4   1   9   4   2   2
 -0.5000 -0.4434  0.0321  0.2141  0.2200  0.3417  0.4889  0.4891  0.5000
       7       2       4       3       2       1       2       4    ****
 -0.5000 -0.3730  0.3117  0.5000
       7       2       4    ****
   3   2   1   6   4   2   2
 -0.5000 -0.3990 -0.2217 -0.0743  0.0321  0.5000
       2       7       4       2       4    ****
 -0.5000 -0.4434  0.3117  0.5000
       7       2       4    ****
   4   2   2   3   8   2   2
 -0.5000 -0.1310  0.5000
       7       4    ****
 -0.5000 -0.3214 -0.0743  0.0321  0.2141  0.2200  0.2385  0.5000
       2       4       2       4       3       2       4    ****
 ... generation ...    9
   1   2   1   8   9   2   2
 -0.5000 -0.4434  0.0321  0.2141  0.2200  0.3417  0.3835  0.5000
       7       2       4       3       2       1       4    ****
 -0.5000 -0.4434  0.0321  0.2141  0.2200  0.3417  0.4889  0.4891  0.5000
       7       2       4       3       2       1       2       4    ****
   2   2   3   4   8   2   2
 -0.5000 -0.3730  0.3117  0.5000
       7       2       4    ****
 -0.5000 -0.3990 -0.2217 -0.0743  0.0321  0.1395  0.3117  0.5000
       2       7       4       2       4       2       4    ****
   3   1   3   9   8   2   2
 -0.5000 -0.3892 -0.1310  0.2141  0.2200  0.3417  0.4889  0.4891  0.5000
       2       7       4       3       2       1       2       4    ****
 -0.5000 -0.3990 -0.2217 -0.1715 -0.1439 -0.0743  0.0321  0.5000
       2       7       4       2       4       2       4    ****
   4   1   3  12   6   2   2
 -0.5000 -0.4994 -0.4449 -0.3892 -0.3134  0.0321  0.2141  0.2200  0.3417  0.4889
       2       7       2       7       2       4       3       2       1       2
  0.4891  0.5000
       4    ****
 -0.5000 -0.3990 -0.2217 -0.0743  0.0321  0.5000
       2       7       4       2       4    ****
 ... generation ...   10
   1   4   2   6   8   2   2
 -0.5000 -0.3990 -0.2217 -0.0743  0.0321  0.5000
       2       7       4       2       4    ****
 -0.5000 -0.3990 -0.2217 -0.0743  0.0321  0.1395  0.3117  0.5000
       2       7       4       2       4       2       4    ****
   2   4   3   5   9   2   2
 -0.5000 -0.3990 -0.3134  0.0321  0.5000
       2       7       2       4    ****
 -0.5000 -0.3892 -0.1310  0.2141  0.2200  0.3417  0.4889  0.4891  0.5000
       2       7       4       3       2       1       2       4    ****
   3   1   3   9   6   2   2
 -0.5000 -0.4434  0.0321  0.2141  0.2200  0.3417  0.4889  0.4891  0.5000
       7       2       4       3       2       1       2       4    ****
 -0.5000 -0.3892 -0.2217 -0.1995 -0.1310  0.5000
       2       7       4       7       4    ****
   4   4   3  14   8   2   2
 -0.5000 -0.4994 -0.4449 -0.3892 -0.3134 -0.1398 -0.0743  0.0321  0.2141  0.2200
       2       7       2       7       2       4       2       4       3       2
  0.3417  0.4889  0.4891  0.5000
       1       2       4    ****
 -0.5000 -0.3892 -0.1310  0.2141  0.2200  0.3417  0.4648  0.5000
       2       7       4       3       2       1       4    ****
