 ... generation ...    0
   1   0   0   2   2   2   2
  0.0000  1.0000
       1    ****
  0.0000  1.0000
       2    ****
  0.0000  1.0000
       0    ****
  0.0000  1.0000
       0    ****
   2   0   0   2   2   2   2
  0.0000  1.0000
       3    ****
  0.0000  1.0000
       4    ****
  0.0000  1.0000
       0    ****
  0.0000  1.0000
       0    ****
   3   0   0   2   2   2   2
  0.0000  1.0000
       5    ****
  0.0000  1.0000
       6    ****
  0.0000  1.0000
       0    ****
  0.0000  1.0000
       0    ****
   4   0   0   2   2   2   2
  0.0000  1.0000
       7    ****
  0.0000  1.0000
       8    ****
  0.0000  1.0000
       0    ****
  0.0000  1.0000
       0    ****
 ... generation ...    1
   1   1   2   3   3   2   2
  0.0000  0.7419  1.0000
       2       1    ****
  0.0000  0.8095  1.0000
       3       4    ****
  0.0000  1.0000
       0    ****
  0.0000  1.0000
       0    ****
   2   4   4   3   3   2   2
  0.0000  0.0501  1.0000
       7       8    ****
  0.0000  0.5433  1.0000
       8       7    ****
  0.0000  1.0000
       0    ****
  0.0000  1.0000
       0    ****
   3   1   3   2   2   2   2
  0.0000  1.0000
       1    ****
  0.0000  1.0000
       5    ****
  0.0000  1.0000
       0    ****
  0.0000  1.0000
       1    ****
   4   2   1   2   5   2   2
  0.0000  1.0000
       3    ****
  0.0000  0.5115  0.6253  0.9595  1.0000
       2       1       2       1    ****
  0.0000  1.0000
       0    ****
  0.0000  1.0000
       0    ****
 ... generation ...    2
   1   4   4   5   6   2   2
  0.0000  0.5115  0.6253  0.7043  1.0000
       2       1       2       3    ****
  0.0000  0.0388  0.6719  0.9595  0.9875  1.0000
       2       3       2       1       3    ****
  0.0000  1.0000
       0    ****
  0.0000  1.0000
       0    ****
   2   2   4   5   4   2   2
  0.0000  0.0006  0.0316  0.5433  1.0000
       8       7       8       7    ****
  0.0000  0.1695  0.5080  1.0000
       3       2       3    ****
  0.0000  1.0000
       0    ****
  0.0000  1.0000
       0    ****
   3   3   3   3   4   3   4
  0.0000  0.2239  1.0000
       5       1    ****
  0.0000  0.8060  0.9199  1.0000
       1       5       1    ****
  0.0000  0.2239  1.0000
       1      -1    ****
  0.0000  0.8060  0.9199  1.0000
      -1       1      -1    ****
   4   2   3   7   4   2   4
  0.0000  0.0501  0.5433  0.6400  0.7194  0.9164  1.0000
       7       8       7       8       7       8    ****
  0.0000  0.0511  0.2873  1.0000
       5       1       5    ****
  0.0000  1.0000
       0    ****
  0.0000  0.0511  0.2873  1.0000
       1      -1       1    ****
 ... generation ...    3
   1   4   2   5   9   5   2
  0.0000  0.0315  0.0511  0.2873  1.0000
       7       5       1       5    ****
  0.0000  0.0006  0.0316  0.1569  0.1695  0.5080  0.7114  0.7857  1.0000
       8       7       8       3       2       3       7       3    ****
  0.0000  0.0315  0.0511  0.2873  1.0000
      -1       1       0       1    ****
  0.0000  1.0000
       0    ****
   2   3   3   5   2   5   5
  0.0000  0.2239  0.8060  0.9199  1.0000
       5       1       5       1    ****
  0.0000  1.0000
       1    ****
  0.0000  0.2239  0.8060  0.9199  1.0000
       1       0       1       0    ****
  0.0000  0.2239  0.8060  0.9199  1.0000
      -1       0      -1       0    ****
   3   2   1   4   6   2   2
  0.0000  0.1695  0.5080  1.0000
       3       2       3    ****
  0.0000  0.0388  0.6719  0.9595  0.9875  1.0000
       2       3       2       1       3    ****
  0.0000  1.0000
       0    ****
  0.0000  1.0000
       0    ****
   4   4   1   4   5   4   2
  0.0000  0.0511  0.2873  1.0000
       5       1       5    ****
  0.0000  0.0388  0.6719  0.7717  1.0000
       2       3       2       3    ****
  0.0000  0.0511  0.2873  1.0000
       1       0       1    ****
  0.0000  1.0000
       0    ****
 ... generation ...    4
   1   2   3   2   4   5   2
  0.0000  1.0000
       1    ****
  0.0000  0.1695  0.5080  1.0000
       3       2       3    ****
  0.0000  0.2239  0.8060  0.9199  1.0000
      -1       0      -1       0    ****
  0.0000  1.0000
       0    ****
   2   4   2   4   6   4   6
  0.0000  0.0511  0.2873  1.0000
       5       1       5    ****
  0.0000  0.1789  0.2239  0.8060  0.9199  1.0000
       1       5       1       5       1    ****
  0.0000  0.0511  0.2873  1.0000
       1       0       1    ****
  0.0000  0.1789  0.2239  0.8060  0.9199  1.0000
      -1       1       0       1       0    ****
   3   2   3   5   7   5   2
  0.0000  0.2239  0.8060  0.9199  1.0000
       5       1       5       1    ****
  0.0000  0.1695  0.5080  0.7022  0.9595  0.9875  1.0000
       3       2       3       2       1       3    ****
  0.0000  0.2239  0.8060  0.9199  1.0000
       1       0       1       0    ****
  0.0000  1.0000
       0    ****
   4   4   4   4   5   5   4
  0.0000  0.0388  0.4561  1.0000
       2       3       5    ****
  0.0000  0.0388  0.1566  0.2873  1.0000
       2       3       1       5    ****
  0.0000  0.0511  0.2873  0.4561  1.0000
      -1       0      -1       1    ****
  0.0000  0.0511  0.2873  1.0000
      -1       0       1    ****
 ... generation ...    5
   1   4   1   5   2   4   2
  0.0000  0.0388  0.1566  0.2873  1.0000
       2       3       1       5    ****
  0.0000  1.0000
       1    ****
  0.0000  0.2873  0.4561  1.0000
       0       1       0    ****
  0.0000  1.0000
       0    ****
   2   2   3   7   8   8   5
  0.0000  0.0511  0.1789  0.2239  0.8060  0.9199  1.0000
       5       1       5       1       5       1    ****
  0.0000  0.1695  0.5080  0.7022  0.9595  0.9875  0.9933  1.0000
       3       2       3       2       1       3       1    ****
  0.0000  0.0511  0.1789  0.2239  0.2873  0.8060  0.9199  1.0000
       1       0       1       0      -1       0      -1    ****
  0.0000  0.2239  0.8060  0.9199  1.0000
      -1       0      -1       0    ****
   3   2   2   6   4   8   8
  0.0000  0.1789  0.2239  0.8060  0.9199  1.0000
       1       5       1       5       1    ****
  0.0000  0.0511  0.2873  1.0000
       5       1       5    ****
  0.0000  0.0511  0.1789  0.2239  0.2873  0.8060  0.9199  1.0000
      -1       0       1       0      -1       0      -1    ****
  0.0000  0.0511  0.1789  0.2239  0.2873  0.8060  0.9199  1.0000
       1       0      -1       0       1       0       1    ****
   4   1   4   2   5   2   4
  0.0000  1.0000
       1    ****
  0.0000  0.0388  0.1566  0.2873  1.0000
       2       3       1       5    ****
  0.0000  1.0000
       0    ****
  0.0000  0.2873  0.4561  1.0000
       0       1       0    ****
 ... generation ...    6
   1   2   3  10   3   7   8
  0.0000  0.0511  0.1789  0.2239  0.5984  0.7022  0.7643  0.8060  0.9199  1.0000
       5       1       5       1       3       2       1       5       1    ****
  0.0000  0.2873  1.0000
       1       5    ****
  0.0000  0.0511  0.1789  0.2239  0.8060  0.9199  1.0000
       1       0       1       0       1       0    ****
  0.0000  0.0511  0.1789  0.2239  0.2873  0.8060  0.9199  1.0000
      -1       0      -1       0       1       0       1    ****
   2   2   3   6   7   7  10
  0.0000  0.1695  0.3903  0.8060  0.9199  1.0000
       3       2       1       5       1    ****
  0.0000  0.0322  0.2873  0.6806  0.8060  0.9199  1.0000
       5       1       5       1       5       1    ****
  0.0000  0.0511  0.1789  0.2239  0.8060  0.9199  1.0000
      -1       0      -1       0       1       0    ****
  0.0000  0.0322  0.0511  0.1789  0.2239  0.2873  0.6806  0.8060  0.9199  1.0000
       1      -1       0      -1       0       1      -1       0      -1    ****
   3   2   3   8   4   7   9
  0.0000  0.1695  0.5080  0.7022  0.9595  0.9875  0.9933  1.0000
       3       2       3       2       1       3       1    ****
  0.0000  0.2873  0.9770  1.0000
       1       5       1    ****
  0.0000  0.0511  0.1789  0.2239  0.8060  0.9199  1.0000
      -1       0      -1       0      -1       0    ****
  0.0000  0.0511  0.1789  0.2239  0.2873  0.8060  0.9199  0.9770  1.0000
      -1       0      -1       0       1       0       1      -1    ****
   4   1   3   3   4   4   8
  0.0000  0.5760  1.0000
       1       5    ****
  0.0000  0.0511  0.2873  1.0000
       5       1       5    ****
  0.0000  0.2873  0.5760  1.0000
       0      -1       1    ****
  0.0000  0.0511  0.1789  0.2239  0.2873  0.8060  0.9199  1.0000
       1       0      -1       0       1       0       1    ****
 ... generation ...    7
   1   2   3   7   9   6   6
  0.0000  0.0322  0.2873  0.4334  0.8060  0.9199  1.0000
       5       1       5       1       5       1    ****
  0.0000  0.1695  0.5080  0.5314  0.7813  0.9595  0.9875  0.9933  1.0000
       3       2       3       5       2       1       3       1    ****
  0.0000  0.0322  0.2873  0.4334  0.6806  1.0000
       1       0       1      -1       0    ****
  0.0000  0.2873  0.5314  0.7813  0.9770  1.0000
       0      -1       1      -1       0    ****
   2   4   4   4   3   5   6
  0.0000  0.0511  0.2873  1.0000
       5       1       5    ****
  0.0000  0.4978  1.0000
       1       5    ****
  0.0000  0.0511  0.2873  0.5760  1.0000
       1       0       1       0    ****
  0.0000  0.0511  0.2873  0.4978  0.5760  1.0000
      -1       0      -1       1       0    ****
   3   1   1   9   3   9   8
  0.0000  0.0511  0.1789  0.2239  0.5984  0.7022  0.7643  0.7743  1.0000
       5       1       5       1       3       2       1       5    ****
  0.0000  0.2873  1.0000
       1       5    ****
  0.0000  0.0511  0.1789  0.2239  0.2873  0.7743  0.8060  0.9199  1.0000
       1       0       1       0      -1       1       0       1    ****
  0.0000  0.0511  0.1789  0.2239  0.2873  0.8060  0.9199  1.0000
      -1       0      -1       0       1       0       1    ****
   4   1   3  10   8   8   4
  0.0000  0.0511  0.1789  0.2239  0.5984  0.7022  0.7643  0.8060  0.9199  1.0000
       5       1       5       1       3       2       1       5       1    ****
  0.0000  0.1695  0.5080  0.7022  0.9595  0.9875  0.9933  1.0000
       3       2       3       2       1       3       1    ****
  0.0000  0.0511  0.1789  0.2239  0.2873  0.8060  0.9199  1.0000
       1       0       1       0      -1       0      -1    ****
  0.0000  0.2873  0.9770  1.0000
       0      -1       0    ****
 ... generation ...    8
   1   1   1   9   7   9   9
  0.0000  0.1695  0.5080  0.5314  0.7813  0.9595  0.9875  0.9933  1.0000
       3       2       3       5       2       1       3       1    ****
  0.0000  0.0322  0.2873  0.4334  0.8060  0.9199  1.0000
       5       1       5       1       5       1    ****
  0.0000  0.0322  0.2873  0.4334  0.5314  0.7813  0.8060  0.9199  1.0000
      -1       0      -1       0       1       0      -1       0    ****
  0.0000  0.0322  0.2873  0.4334  0.5314  0.7813  0.8060  0.9199  1.0000
       1       0       1       0      -1       0       1       0    ****
   2   1   4  10   8  10   7
  0.0000  0.0322  0.2873  0.4334  0.5348  0.7813  0.9595  0.9875  0.9933  1.0000
       5       1       5       1       5       2       1       3       1    ****
  0.0000  0.1695  0.5080  0.7022  0.9595  0.9875  0.9933  1.0000
       3       2       3       2       1       3       1    ****
  0.0000  0.0322  0.2873  0.4334  0.5314  0.5348  0.7813  0.8060  0.9199  1.0000
       1       0       1       0      -1       1       0      -1       0    ****
  0.0000  0.0511  0.1789  0.2239  0.8060  0.9199  1.0000
      -1       0      -1       0      -1       0    ****
   3   2   2   3   5   5   6
  0.0000  0.4978  1.0000
       1       5    ****
  0.0000  0.0199  0.0511  0.4978  1.0000
       1       5       1       5    ****
  0.0000  0.0511  0.2873  0.4978  1.0000
      -1       0      -1       0    ****
  0.0000  0.0199  0.0511  0.2873  0.4978  1.0000
      -1       1       0      -1       0    ****
   4   4   1   8   9   7   9
  0.0000  0.1695  0.5080  0.7022  0.7643  0.8060  0.9199  1.0000
       3       2       3       2       1       5       1    ****
  0.0000  0.1695  0.5080  0.5314  0.7813  0.9595  0.9875  0.9933  1.0000
       3       2       3       5       2       1       3       1    ****
  0.0000  0.0511  0.1789  0.2239  0.8060  0.9199  1.0000
      -1       0      -1       0       1       0    ****
  0.0000  0.0322  0.2873  0.4334  0.5314  0.7813  0.8060  0.9199  1.0000
      -1       0      -1       0       1       0      -1       0    ****
 ... generation ...    9
   1   4   3   8   5   6   4
  0.0000  0.1695  0.5080  0.7022  0.7643  0.8060  0.9199  1.0000
       3       2       3       2       1       5       1    ****
  0.0000  0.0199  0.0511  0.4978  1.0000
       1       5       1       5    ****
  0.0000  0.5314  0.7813  0.8060  0.9199  1.0000
       0      -1       0       1       0    ****
  0.0000  0.0199  0.0511  1.0000
       0       1       0    ****
   2   1   3  10   3   9   4
  0.0000  0.0322  0.2419  0.5080  0.5314  0.7813  0.9595  0.9875  0.9933  1.0000
       5       1       2       3       5       2       1       3       1    ****
  0.0000  0.4978  1.0000
       1       5    ****
  0.0000  0.0322  0.2873  0.4334  0.5314  0.7813  0.8060  0.9199  1.0000
       1       0      -1       0       1       0      -1       0    ****
  0.0000  0.0199  0.0511  1.0000
       0      -1       0    ****
   3   2   2  11  11   8   8
  0.0000  0.0322  0.2873  0.4334  0.5348  0.6304  0.7022  0.9595  0.9875  0.9933
       5       1       5       1       5       3       2       1       3       1
  1.0000
    ****
  0.0000  0.1695  0.1816  0.2873  0.3458  0.5080  0.7022  0.9595  0.9875  0.9933
       3       2       1       5       2       3       2       1       3       1
  1.0000
    ****
  0.0000  0.0322  0.2873  0.4334  0.5348  0.6304  0.7813  1.0000
       1       0       1       0       1      -1       0    ****
  0.0000  0.0322  0.2873  0.3458  0.4334  0.5348  0.7813  1.0000
      -1       0       1      -1       0      -1       0    ****
   4   3   2   5  10   4   7
  0.0000  0.0199  0.0511  0.4978  1.0000
       1       5       1       5    ****
  0.0000  0.1695  0.2086  0.2653  0.5080  0.7022  0.9595  0.9875  0.9933  1.0000
       3       2       1       2       3       2       1       3       1    ****
  0.0000  0.0199  0.0511  1.0000
       0       1       0    ****
  0.0000  0.0322  0.2873  0.4334  0.5348  0.7813  1.0000
      -1       0      -1       0      -1       0    ****
 ... generation ...   10
   1   3   4  11   8   7   6
  0.0000  0.1695  0.1816  0.2873  0.3458  0.5080  0.7022  0.9595  0.9875  0.9933
       3       2       1       5       2       3       2       1       3       1
  1.0000
    ****
  0.0000  0.1695  0.2086  0.2653  0.5080  0.7022  0.9456  1.0000
       3       2       1       2       3       2       5    ****
  0.0000  0.0322  0.3458  0.4334  0.5348  0.6304  1.0000
      -1       0      -1       0      -1       0    ****
  0.0000  0.0199  0.0511  0.4978  0.9456  1.0000
       0      -1       0      -1       1    ****
   2   1   3   9  11   8   7
  0.0000  0.0199  0.0305  0.1695  0.5080  0.7022  0.7643  0.8060  1.0000
       1       5       3       2       3       2       1       5    ****
  0.0000  0.1695  0.1816  0.2873  0.3458  0.5080  0.7022  0.9595  0.9875  0.9933
       3       2       1       5       2       3       2       1       3       1
  1.0000
    ****
  0.0000  0.0199  0.0305  0.0511  0.4978  0.8060  0.9199  1.0000
       0       1      -1       0      -1       0       1    ****
  0.0000  0.0322  0.3458  0.4334  0.5348  0.6304  1.0000
      -1       0      -1       0      -1       0    ****
   3   2   4  10   5   6   5
  0.0000  0.0322  0.2419  0.5080  0.5314  0.7813  0.9595  0.9875  0.9933  1.0000
       5       1       2       3       5       2       1       3       1    ****
  0.0000  0.0199  0.0511  0.4978  1.0000
       1       5       1       5    ****
  0.0000  0.0322  0.4978  0.5314  0.7813  1.0000
       1       0      -1       0      -1    ****
  0.0000  0.0199  0.0511  0.4978  1.0000
       0       1       0       1    ****
   4   2   3  10  11   6   7
  0.0000  0.0322  0.2419  0.5080  0.5314  0.7813  0.9595  0.9875  0.9933  1.0000
       5       1       2       3       5       2       1       3       1    ****
  0.0000  0.1695  0.1816  0.2873  0.3458  0.5080  0.7022  0.9595  0.9875  0.9933
       3       2       1       5       2       3       2       1       3       1
  1.0000
    ****
  0.0000  0.0322  0.4978  0.5314  0.7813  1.0000
       1       0      -1       0      -1    ****
  0.0000  0.0322  0.3458  0.4334  0.5348  0.6304  1.0000
      -1       0      -1       0      -1       0    ****
