 ... generation ...    0
   1   0   0   2   2   2   2
 -0.5000  0.5000
       1    ****
 -0.5000  0.5000
       2    ****
   2   0   0   2   2   2   2
 -0.5000  0.5000
       3    ****
 -0.5000  0.5000
       4    ****
   3   0   0   2   2   2   2
 -0.5000  0.5000
       5    ****
 -0.5000  0.5000
       6    ****
   4   0   0   2   2   2   2
 -0.5000  0.5000
       7    ****
 -0.5000  0.5000
       8    ****
 ... generation ...    1
   1   1   1   4   2   2   2
 -0.5000 -0.1515 -0.0722  0.5000
       1       2       1    ****
 -0.5000  0.5000
       2    ****
   2   1   4   3   2   2   2
 -0.5000 -0.4823  0.5000
       2       1    ****
 -0.5000  0.5000
       8    ****
   3   2   4   4   3   2   2
 -0.5000 -0.2474  0.3986  0.5000
       4       3       4    ****
 -0.5000 -0.2291  0.5000
       8       7    ****
   4   1   3   3   3   2   2
 -0.5000 -0.0485  0.5000
       2       1    ****
 -0.5000  0.1933  0.5000
       5       6    ****
 ... generation ...    2
   1   3   3   3   7   2   2
 -0.5000 -0.2291  0.5000
       8       7    ****
 -0.5000 -0.2474 -0.2304 -0.2291  0.0734  0.3986  0.5000
       4       3       8       7       3       4    ****
   2   2   1   4   5   2   2
 -0.5000 -0.4823 -0.3516  0.5000
       2       1       8    ****
 -0.5000 -0.1515 -0.0722  0.0955  0.5000
       1       2       1       2    ****
   3   4   4   4   3   2   2
 -0.5000 -0.1743  0.1933  0.5000
       2       5       6    ****
 -0.5000 -0.0485  0.5000
       2       1    ****
   4   1   2   2   5   2   2
 -0.5000  0.5000
       2    ****
 -0.5000 -0.2877 -0.1926  0.0929  0.5000
       8       1       8       1    ****
 ... generation ...    3
   1   1   2   8   4   2   2
 -0.5000 -0.2474 -0.2304 -0.2291  0.0734  0.3986  0.4728  0.5000
       4       3       8       7       3       4       7    ****
 -0.5000 -0.4823 -0.3516  0.5000
       2       1       8    ****
   2   1   2   3   6   2   2
 -0.5000 -0.2291  0.5000
       8       7    ****
 -0.5000 -0.4823 -0.3516  0.1525  0.2848  0.5000
       2       1       8       2       8    ****
   3   4   2   5   6   2   2
 -0.5000 -0.2877 -0.1926  0.0929  0.5000
       8       1       8       1    ****
 -0.5000 -0.4823 -0.3516  0.0652  0.0955  0.5000
       2       1       8       1       2    ****
   4   4   2   6   5   2   2
 -0.5000 -0.2877 -0.1926  0.0641  0.1010  0.5000
       8       1       8       2       1    ****
 -0.5000 -0.1515 -0.0722  0.0144  0.5000
       1       2       1       8    ****
 ... generation ...    4
   1   4   3   6   5   2   2
 -0.5000 -0.2877 -0.1926  0.0641  0.1010  0.5000
       8       1       8       2       1    ****
 -0.5000 -0.2877 -0.1926  0.0929  0.5000
       8       1       8       1    ****
   2   2   4   6   6   2   2
 -0.5000 -0.2291 -0.0572  0.1525  0.1937  0.5000
       8       7       8       2       7    ****
 -0.5000 -0.2877 -0.1926  0.0641  0.1010  0.5000
       8       1       8       2       1    ****
   3   4   3   7   5   2   2
 -0.5000 -0.4520 -0.2877 -0.1926  0.0641  0.1010  0.5000
       1       8       1       8       2       1    ****
 -0.5000 -0.2877 -0.1926  0.0929  0.5000
       8       1       8       1    ****
   4   3   1   5  10   2   2
 -0.5000 -0.2877 -0.1926  0.0929  0.5000
       8       1       8       1    ****
 -0.5000 -0.4823 -0.3516 -0.1899 -0.0747  0.0373  0.0734  0.3986  0.4728  0.5000
       2       1       8       7       8       7       3       4       7    ****
 ... generation ...    5
   1   2   1   6   5   2   2
 -0.5000 -0.2291 -0.0572  0.1525  0.1937  0.5000
       8       7       8       2       7    ****
 -0.5000 -0.2877 -0.1926  0.0929  0.5000
       8       1       8       1    ****
   2   1   2   5   6   2   2
 -0.5000 -0.2877 -0.1926  0.0929  0.5000
       8       1       8       1    ****
 -0.5000 -0.2291 -0.0572  0.1525  0.1937  0.5000
       8       7       8       2       7    ****
   3   2   1   6   5   2   2
 -0.5000 -0.2291 -0.1293  0.0641  0.1010  0.5000
       8       7       8       2       1    ****
 -0.5000 -0.2877 -0.1926  0.0929  0.5000
       8       1       8       1    ****
   4   4   3   7   5   2   2
 -0.5000 -0.4823 -0.3516 -0.2313 -0.1926  0.0929  0.5000
       2       1       8       1       8       1    ****
 -0.5000 -0.2877 -0.1926  0.0929  0.5000
       8       1       8       1    ****
 ... generation ...    6
   1   1   3   6   5   2   2
 -0.5000 -0.2877 -0.1926  0.1525  0.1937  0.5000
       8       1       8       2       7    ****
 -0.5000 -0.2877 -0.1926  0.0929  0.5000
       8       1       8       1    ****
   2   3   3   6   5   2   2
 -0.5000 -0.2291 -0.1293  0.0641  0.1010  0.5000
       8       7       8       2       1    ****
 -0.5000 -0.2877 -0.1926  0.0929  0.5000
       8       1       8       1    ****
   3   4   3   7   6   2   2
 -0.5000 -0.4823 -0.3516 -0.2313 -0.1926  0.0929  0.5000
       2       1       8       1       8       1    ****
 -0.5000 -0.2877 -0.1926  0.0641  0.1010  0.5000
       8       1       8       2       1    ****
   4   2   4   5   5   2   2
 -0.5000 -0.2877 -0.1926  0.0929  0.5000
       8       1       8       1    ****
 -0.5000 -0.2877 -0.1926  0.0929  0.5000
       8       1       8       1    ****
 ... generation ...    7
   1   4   3   5   6   2   2
 -0.5000 -0.2877 -0.1926  0.0929  0.5000
       8       1       8       1    ****
 -0.5000 -0.2877 -0.1926  0.0641  0.1010  0.5000
       8       1       8       2       1    ****
   2   1   3   6   7   2   2
 -0.5000 -0.2877 -0.1926  0.1525  0.1937  0.5000
       8       1       8       2       7    ****
 -0.5000 -0.4823 -0.3516 -0.2313 -0.1926  0.0929  0.5000
       2       1       8       1       8       1    ****
   3   3   1   7   6   2   2
 -0.5000 -0.4793 -0.3516 -0.2313 -0.1926  0.0929  0.5000
       8       1       8       1       8       1    ****
 -0.5000 -0.2877 -0.1926  0.0929  0.2342  0.5000
       8       1       8       1       7    ****
   4   3   4   7   5   2   2
 -0.5000 -0.4700 -0.3516 -0.2313 -0.1926  0.0929  0.5000
       8       1       8       1       8       1    ****
 -0.5000 -0.2877 -0.1926  0.0929  0.5000
       8       1       8       1    ****
 ... generation ...    8
   1   2   4  10   7   2   2
 -0.5000 -0.3554 -0.3516 -0.2313 -0.1926  0.0929  0.1922  0.1937  0.3266  0.5000
       8       1       8       1       8       1       2       7       1    ****
 -0.5000 -0.4700 -0.3516 -0.2313 -0.1926  0.0929  0.5000
       8       1       8       1       8       1    ****
   2   3   1   7   5   2   2
 -0.5000 -0.2877 -0.1926  0.0929  0.2342  0.2854  0.5000
       8       1       8       1       7       1    ****
 -0.5000 -0.2877 -0.1926  0.0929  0.5000
       8       1       8       1    ****
   3   1   1   5   6   2   2
 -0.5000 -0.2877 -0.1926  0.0929  0.5000
       8       1       8       1    ****
 -0.5000 -0.2877 -0.1926  0.0641  0.1010  0.5000
       8       1       8       2       1    ****
   4   4   3   7   7   2   2
 -0.5000 -0.4700 -0.3516 -0.2850 -0.1926  0.0929  0.5000
       8       1       8       1       8       1    ****
 -0.5000 -0.4793 -0.3516 -0.2313 -0.1926  0.0929  0.5000
       8       1       8       1       8       1    ****
 ... generation ...    9
   1   3   3   5   6   2   2
 -0.5000 -0.2877 -0.1926  0.0929  0.5000
       8       1       8       1    ****
 -0.5000 -0.2877 -0.1926  0.0641  0.1010  0.5000
       8       1       8       2       1    ****
   2   4   1   7   7   2   2
 -0.5000 -0.4793 -0.3516 -0.2850 -0.1926  0.0929  0.5000
       8       1       8       1       8       1    ****
 -0.5000 -0.4700 -0.3516 -0.2313 -0.1926  0.0929  0.5000
       8       1       8       1       8       1    ****
   3   4   1   7  10   2   2
 -0.5000 -0.4700 -0.3516 -0.2850 -0.1926  0.0929  0.5000
       8       1       8       1       8       1    ****
 -0.5000 -0.3554 -0.3516 -0.2313 -0.1926  0.0929  0.1922  0.1937  0.3266  0.5000
       8       1       8       1       8       1       2       7       1    ****
   4   1   2   9   7   2   2
 -0.5000 -0.3554 -0.3516 -0.2313 -0.1926  0.0929  0.2443  0.2526  0.5000
       8       1       8       1       8       1       7       1    ****
 -0.5000 -0.2877 -0.1926  0.0929  0.2342  0.2854  0.5000
       8       1       8       1       7       1    ****
 ... generation ...   10
   1   1   3   6   9   2   2
 -0.5000 -0.2877 -0.1926  0.0641  0.1010  0.5000
       8       1       8       2       1    ****
 -0.5000 -0.4700 -0.4689 -0.3554 -0.3516 -0.2313 -0.1926  0.0929  0.5000
       8       1       8       1       8       1       8       1    ****
   2   2   4   7   9   2   2
 -0.5000 -0.4700 -0.3516 -0.2313 -0.1926  0.0929  0.5000
       8       1       8       1       8       1    ****
 -0.5000 -0.3554 -0.3516 -0.2313 -0.1926  0.0929  0.2443  0.2526  0.5000
       8       1       8       1       8       1       7       1    ****
   3   2   1   7   6   2   2
 -0.5000 -0.4700 -0.3516 -0.2850 -0.1926  0.0929  0.5000
       8       1       8       1       8       1    ****
 -0.5000 -0.2877 -0.1926  0.0676  0.1010  0.5000
       8       1       8       2       1    ****
   4   3   4   7   9   2   2
 -0.5000 -0.4700 -0.3516 -0.2850 -0.1926  0.0929  0.5000
       8       1       8       1       8       1    ****
 -0.5000 -0.3554 -0.3516 -0.2313 -0.1926  0.0929  0.2342  0.2854  0.5000
       8       1       8       1       8       1       7       1    ****
