 ... generation ...    0
   1   0   0   2   2   2   2
  0.0000  1.0000
       1    ****
  0.0000  1.0000
       2    ****
  0.0000  1.0000
       0    ****
  0.0000  1.0000
       0    ****
   2   0   0   2   2   2   2
  0.0000  1.0000
       3    ****
  0.0000  1.0000
       4    ****
  0.0000  1.0000
       0    ****
  0.0000  1.0000
       0    ****
   3   0   0   2   2   2   2
  0.0000  1.0000
       5    ****
  0.0000  1.0000
       6    ****
  0.0000  1.0000
       0    ****
  0.0000  1.0000
       0    ****
   4   0   0   2   2   2   2
  0.0000  1.0000
       7    ****
  0.0000  1.0000
       8    ****
  0.0000  1.0000
       0    ****
  0.0000  1.0000
       0    ****
 ... generation ...    1
   1   1   4   3   2   2   2
  0.0000  0.8301  1.0000
       2       1    ****
  0.0000  1.0000
       7    ****
  0.0000  1.0000
       0    ****
  0.0000  1.0000
       0    ****
   2   2   3   4   3   2   3
  0.0000  0.2516  0.4181  1.0000
       3       4       3    ****
  0.0000  0.0223  1.0000
       6       5    ****
  0.0000  1.0000
       0    ****
  0.0000  0.0223  1.0000
      -1       1    ****
   3   3   3   3   2   3   2
  0.0000  0.6021  1.0000
       5       6    ****
  0.0000  1.0000
       5    ****
  0.0000  0.6021  1.0000
       1      -1    ****
  0.0000  1.0000
       1    ****
   4   3   4   4   4   4   2
  0.0000  0.0220  0.5069  1.0000
       6       5       6    ****
  0.0000  0.6199  0.9231  1.0000
       8       7       8    ****
  0.0000  0.0220  0.5069  1.0000
      -1       1      -1    ****
  0.0000  1.0000
       0    ****
 ... generation ...    2
   1   2   4   3   4   3   4
  0.0000  0.0223  1.0000
       6       5    ****
  0.0000  0.6199  0.9189  1.0000
       8       7       6    ****
  0.0000  0.0223  1.0000
       0       1    ****
  0.0000  0.0220  0.5069  1.0000
       0      -1       0    ****
   2   4   2   4   3   4   3
  0.0000  0.6100  0.9425  1.0000
       8       6       8    ****
  0.0000  0.0223  1.0000
       6       5    ****
  0.0000  0.0220  0.5069  1.0000
       0      -1       0    ****
  0.0000  0.0223  1.0000
       0       1    ****
   3   2   4   3   4   3   5
  0.0000  0.0223  1.0000
       6       5    ****
  0.0000  0.4450  0.5069  1.0000
       8       5       6    ****
  0.0000  0.0223  1.0000
       0       1    ****
  0.0000  0.0220  0.4450  0.5069  1.0000
       0      -1       1       0    ****
   4   4   3   5   3   5   3
  0.0000  0.0220  0.4406  0.5331  1.0000
       6       5       8       6    ****
  0.0000  0.6021  1.0000
       5       6    ****
  0.0000  0.0220  0.4406  0.5069  1.0000
       0       1      -1       0    ****
  0.0000  0.6021  1.0000
       0      -1    ****
 ... generation ...    3
   1   1   1   7   5   6   4
  0.0000  0.0223  0.5414  0.5648  0.8780  0.9189  1.0000
       6       5       8       5       7       6    ****
  0.0000  0.0223  0.7590  0.9189  1.0000
       6       5       7       6    ****
  0.0000  0.0223  0.5414  0.5648  0.8780  1.0000
       0       1      -1       1      -1    ****
  0.0000  0.0223  0.7590  1.0000
       0       1      -1    ****
   2   2   4   5   5   5   5
  0.0000  0.0223  0.1494  0.2900  1.0000
       6       5       8       5    ****
  0.0000  0.0220  0.4406  0.5331  1.0000
       6       5       8       6    ****
  0.0000  0.0223  0.1494  0.2900  1.0000
       0       1      -1       1    ****
  0.0000  0.0220  0.4406  0.6021  1.0000
      -1       0      -1       0    ****
   3   2   2   4   7   3   5
  0.0000  0.6100  0.9425  1.0000
       8       6       8    ****
  0.0000  0.0223  0.4173  0.6100  0.9425  0.9593  1.0000
       6       5       8       6       8       5    ****
  0.0000  0.0223  1.0000
       0      -1    ****
  0.0000  0.0223  0.4173  0.9593  1.0000
       0       1      -1       1    ****
   4   4   2   5   4   5   4
  0.0000  0.0220  0.4406  0.5331  1.0000
       6       5       8       6    ****
  0.0000  0.6100  0.7110  1.0000
       8       6       5    ****
  0.0000  0.0220  0.4406  0.6021  1.0000
      -1       0      -1       0    ****
  0.0000  0.0223  0.7110  1.0000
       0      -1       1    ****
 ... generation ...    4
   1   4   1   5   7   6   7
  0.0000  0.2191  0.4406  0.5331  1.0000
       8       5       8       6    ****
  0.0000  0.0223  0.5475  0.5648  0.7590  0.9189  1.0000
       6       5       8       5       7       6    ****
  0.0000  0.0220  0.2191  0.4406  0.7110  1.0000
       0      -1       1       0      -1    ****
  0.0000  0.5414  0.5475  0.5648  0.7590  0.8780  1.0000
       0       1      -1       0      -1       0    ****
   2   1   1   7   5   7   6
  0.0000  0.0223  0.7590  0.7606  0.8780  0.9189  1.0000
       6       5       7       5       7       6    ****
  0.0000  0.0223  0.7590  0.9189  1.0000
       6       5       7       6    ****
  0.0000  0.5414  0.5648  0.7590  0.7606  0.8780  1.0000
       0       1       0      -1       1       0    ****
  0.0000  0.5414  0.5648  0.7590  0.8780  1.0000
       0       1       0      -1       0    ****
   3   2   4   5   6   7   5
  0.0000  0.0223  0.1494  0.2900  1.0000
       6       5       8       5    ****
  0.0000  0.0220  0.4406  0.5331  0.7110  1.0000
       6       5       8       6       5    ****
  0.0000  0.0220  0.0223  0.1494  0.2900  0.4406  1.0000
       0      -1       0      -1       0       1    ****
  0.0000  0.0220  0.4406  0.7110  1.0000
       0       1       0       1    ****
   4   4   2   4   5   5   7
  0.0000  0.6100  0.7110  1.0000
       8       6       5    ****
  0.0000  0.0220  0.4406  0.5331  1.0000
       6       5       8       6    ****
  0.0000  0.0220  0.4406  0.7110  1.0000
       0      -1       0       1    ****
  0.0000  0.0220  0.0223  0.1494  0.2900  0.4406  1.0000
       0       1       0       1       0      -1    ****
 ... generation ...    5
   1   2   1   5   9   4  10
  0.0000  0.0223  0.7590  0.9189  1.0000
       6       5       7       6    ****
  0.0000  0.0223  0.5475  0.5648  0.6363  0.7463  0.7590  0.9189  1.0000
       6       5       8       5       6       5       7       6    ****
  0.0000  0.7606  0.8780  1.0000
       0      -1       0    ****
  0.0000  0.0223  0.2191  0.4406  0.5475  0.5648  0.6363  0.7463  0.7590  1.0000
       0       1       0       1       0       1      -1       1       0    ****
   2   4   3   3   6   5   9
  0.0000  0.6100  1.0000
       8       6    ****
  0.0000  0.0220  0.4406  0.5331  0.6757  1.0000
       6       5       8       6       5    ****
  0.0000  0.0220  0.4406  0.7110  1.0000
       0      -1       0      -1    ****
  0.0000  0.0220  0.0223  0.1494  0.2900  0.4406  0.6757  0.7110  1.0000
       0       1       0       1       0      -1       1       0    ****
   3   3   2   5   7   8   4
  0.0000  0.0223  0.1494  0.2900  1.0000
       6       5       8       5    ****
  0.0000  0.0223  0.7590  0.7606  0.8780  0.9189  1.0000
       6       5       7       5       7       6    ****
  0.0000  0.0220  0.0223  0.1494  0.2900  0.4406  0.7110  1.0000
       0      -1       0      -1       0       1       0    ****
  0.0000  0.7606  0.8780  1.0000
       0       1       0    ****
   4   1   4   7   5   8   6
  0.0000  0.0223  0.5475  0.5648  0.7590  0.9189  1.0000
       6       5       8       5       7       6    ****
  0.0000  0.6100  0.7110  0.9149  1.0000
       8       6       5       6    ****
  0.0000  0.0223  0.2191  0.4406  0.5475  0.5648  0.7590  1.0000
       0       1       0       1       0       1       0    ****
  0.0000  0.0220  0.4406  0.7110  0.9149  1.0000
       0      -1       0       1      -1    ****
 ... generation ...    6
   1   1   1   5   9   6   6
  0.0000  0.0223  0.7590  0.9189  1.0000
       6       5       7       6    ****
  0.0000  0.0223  0.5475  0.5648  0.6363  0.7463  0.7590  0.9189  1.0000
       6       5       8       5       6       5       7       6    ****
  0.0000  0.5475  0.5648  0.6363  0.7463  1.0000
       0       1       0       1       0    ****
  0.0000  0.5475  0.5648  0.6363  0.7463  1.0000
       0      -1       0      -1       0    ****
   2   2   2   6   4   6   6
  0.0000  0.4189  0.4406  0.5331  0.6757  1.0000
       8       5       8       6       5    ****
  0.0000  0.6100  0.9939  1.0000
       8       6       5    ****
  0.0000  0.0220  0.4189  0.4406  0.6757  1.0000
       0      -1       1       0       1    ****
  0.0000  0.0220  0.4406  0.6757  0.9939  1.0000
       0      -1       0      -1       1    ****
   3   1   1   9   7   6   6
  0.0000  0.0223  0.5475  0.5648  0.6363  0.7463  0.7590  0.9189  1.0000
       6       5       8       5       6       5       7       6    ****
  0.0000  0.0223  0.5475  0.5648  0.7590  0.9189  1.0000
       6       5       8       5       7       6    ****
  0.0000  0.5475  0.5648  0.6363  0.7463  1.0000
       0      -1       0      -1       0    ****
  0.0000  0.5475  0.5648  0.6363  0.7463  1.0000
       0      -1       0       1       0    ****
   4   1   1   5   9   6   6
  0.0000  0.0223  0.7590  0.9189  1.0000
       6       5       7       6    ****
  0.0000  0.0223  0.5475  0.5648  0.6363  0.7463  0.7590  0.9189  1.0000
       6       5       8       5       6       5       7       6    ****
  0.0000  0.5475  0.5648  0.6363  0.7463  1.0000
       0       1       0       1       0    ****
  0.0000  0.5475  0.5648  0.6363  0.7463  1.0000
       0      -1       0      -1       0    ****
 ... generation ...    7
   1   2   2   4   6   6   6
  0.0000  0.6100  0.9939  1.0000
       8       6       5    ****
  0.0000  0.4189  0.4406  0.5331  0.6757  1.0000
       8       5       8       6       5    ****
  0.0000  0.4189  0.4406  0.6757  0.9939  1.0000
       0      -1       0      -1       0    ****
  0.0000  0.4189  0.4406  0.6757  0.9939  1.0000
       0       1       0       1       0    ****
   2   3   2   7   4   4   6
  0.0000  0.0223  0.5475  0.5648  0.7590  0.9189  1.0000
       6       5       8       5       7       6    ****
  0.0000  0.6100  0.9939  1.0000
       8       6       5    ****
  0.0000  0.6363  0.7463  1.0000
       0       1       0    ****
  0.0000  0.4189  0.4406  0.6757  0.9939  1.0000
       0      -1       0      -1       0    ****
   3   1   2   7   6   7   6
  0.0000  0.0223  0.6793  0.7463  0.7590  0.9189  1.0000
       6       5       6       5       7       6    ****
  0.0000  0.4189  0.4406  0.5331  0.6757  1.0000
       8       5       8       6       5    ****
  0.0000  0.5475  0.5648  0.6363  0.6793  0.7463  1.0000
       0       1       0       1      -1       0    ****
  0.0000  0.4189  0.4406  0.6757  0.9939  1.0000
       0       1       0       1       0    ****
   4   4   4   9   5   6   6
  0.0000  0.0223  0.5475  0.5648  0.6363  0.7463  0.7590  0.9189  1.0000
       6       5       8       5       6       5       7       6    ****
  0.0000  0.0223  0.7590  0.9189  1.0000
       6       5       7       6    ****
  0.0000  0.5475  0.5648  0.6363  0.7463  1.0000
       0      -1       0      -1       0    ****
  0.0000  0.5475  0.5648  0.6363  0.7463  1.0000
       0       1       0       1       0    ****
 ... generation ...    8
   1   1   2   8   7   7   7
  0.0000  0.4189  0.4406  0.5331  0.6757  0.9474  0.9939  1.0000
       8       5       8       6       5       6       5    ****
  0.0000  0.0223  0.5475  0.5648  0.7590  0.9189  1.0000
       6       5       8       5       7       6    ****
  0.0000  0.4189  0.4406  0.6757  0.9474  0.9939  1.0000
       0       1       0       1      -1       0    ****
  0.0000  0.0223  0.5475  0.5648  0.7590  0.9939  1.0000
       0       1       0       1       0      -1    ****
   2   2   2   7   7   8   7
  0.0000  0.0904  0.5475  0.5648  0.7590  0.9189  1.0000
       8       5       8       5       7       6    ****
  0.0000  0.0223  0.5475  0.5648  0.7590  0.9189  1.0000
       6       5       8       5       7       6    ****
  0.0000  0.0223  0.0904  0.5475  0.5648  0.7590  0.9939  1.0000
       0      -1       1       0       1       0      -1    ****
  0.0000  0.0223  0.5475  0.5648  0.7590  0.9939  1.0000
       0       1       0       1       0      -1    ****
   3   4   4   5   5   6   6
  0.0000  0.0223  0.7590  0.9189  1.0000
       6       5       7       6    ****
  0.0000  0.0223  0.7590  0.9189  1.0000
       6       5       7       6    ****
  0.0000  0.5475  0.5648  0.6363  0.7463  1.0000
       0       1       0       1       0    ****
  0.0000  0.5475  0.5648  0.6363  0.7463  1.0000
       0       1       0       1       0    ****
   4   3   2   8   8  10   7
  0.0000  0.4189  0.4406  0.5331  0.6757  0.7837  0.9189  1.0000
       8       5       8       6       5       7       6    ****
  0.0000  0.0223  0.5475  0.5648  0.7590  0.9189  0.9939  1.0000
       6       5       8       5       7       6       5    ****
  0.0000  0.0223  0.4189  0.4406  0.6757  0.6793  0.7463  0.7590  0.7837  1.0000
       0      -1       0      -1       0       1       0       1      -1    ****
  0.0000  0.0223  0.5475  0.5648  0.7590  0.9939  1.0000
       0       1       0       1       0       1    ****
 ... generation ...    9
   1   2   2   7   7   4   4
  0.0000  0.0223  0.5475  0.5648  0.7590  0.9189  1.0000
       6       5       8       5       7       6    ****
  0.0000  0.0904  0.5475  0.5648  0.7590  0.9189  1.0000
       8       5       8       5       7       6    ****
  0.0000  0.0223  0.0904  1.0000
       0       1       0    ****
  0.0000  0.0223  0.0904  1.0000
       0      -1       0    ****
   2   4   4   8   8  11  11
  0.0000  0.4189  0.4406  0.5331  0.6757  0.7837  0.9189  1.0000
       8       5       8       6       5       7       6    ****
  0.0000  0.0223  0.5475  0.5648  0.7590  0.9189  0.9939  1.0000
       6       5       8       5       7       6       5    ****
  0.0000  0.0223  0.4189  0.4406  0.5475  0.5648  0.6757  0.7590  0.7837  0.9939
       0      -1       0      -1       0      -1       0       1       0      -1
  1.0000
    ****
  0.0000  0.0223  0.4189  0.4406  0.5475  0.5648  0.6757  0.7590  0.7837  0.9939
       0       1       0       1       0       1       0      -1       0       1
  1.0000
    ****
   3   2   1   7   8   4  11
  0.0000  0.0223  0.5475  0.5648  0.7590  0.9189  1.0000
       6       5       8       5       7       6    ****
  0.0000  0.4189  0.4406  0.5331  0.6757  0.9474  0.9939  1.0000
       8       5       8       6       5       6       5    ****
  0.0000  0.0223  0.0904  1.0000
       0       1       0    ****
  0.0000  0.0223  0.4189  0.4406  0.5475  0.5648  0.6757  0.7590  0.9474  0.9939
       0      -1       0      -1       0      -1       0       1       0       1
  1.0000
    ****
   4   2   4   7   8   4  11
  0.0000  0.0904  0.5475  0.5648  0.7590  0.9189  1.0000
       8       5       8       5       7       6    ****
  0.0000  0.0223  0.5475  0.5648  0.7590  0.9189  0.9939  1.0000
       6       5       8       5       7       6       5    ****
  0.0000  0.0223  0.0904  1.0000
       0      -1       0    ****
  0.0000  0.0223  0.4189  0.4406  0.5475  0.5648  0.6757  0.7590  0.7837  0.9939
       0       1       0       1       0       1       0      -1       0       1
  1.0000
    ****
 ... generation ...   10
   1   3   3   7   9  11  12
  0.0000  0.0223  0.5475  0.5648  0.7590  0.9189  1.0000
       6       5       8       5       7       6    ****
  0.0000  0.4189  0.4406  0.5153  0.5475  0.5648  0.7590  0.9189  1.0000
       8       5       8       5       8       5       7       6    ****
  0.0000  0.0223  0.4189  0.4406  0.5475  0.5648  0.6757  0.7590  0.9474  0.9939
       0       1       0       1       0       1       0      -1       0      -1
  1.0000
    ****
  0.0000  0.0223  0.4189  0.4406  0.5153  0.5475  0.5648  0.6757  0.7590  0.9474
       0      -1       0      -1       1       0       1       0      -1       0
  0.9939  1.0000
      -1    ****
   2   4   3   7   7   5  11
  0.0000  0.0904  0.5475  0.5648  0.7590  0.9189  1.0000
       8       5       8       5       7       6    ****
  0.0000  0.0223  0.5475  0.5648  0.9474  0.9939  1.0000
       6       5       8       5       6       5    ****
  0.0000  0.0223  0.0904  0.9939  1.0000
       0      -1       0      -1    ****
  0.0000  0.0223  0.4189  0.4406  0.5475  0.5648  0.6757  0.7590  0.9474  0.9939
       0       1       0       1       0       1       0       1       0       1
  1.0000
    ****
   3   2   4   9   7  11   5
  0.0000  0.4189  0.4406  0.5331  0.6757  0.7837  0.9189  0.9939  1.0000
       8       5       8       6       5       7       6       5    ****
  0.0000  0.0904  0.5475  0.5648  0.7590  0.9189  1.0000
       8       5       8       5       7       6    ****
  0.0000  0.0223  0.4189  0.4406  0.5475  0.5648  0.6757  0.7590  0.7837  0.9939
       0      -1       0      -1       0      -1       0       1       0       1
  1.0000
    ****
  0.0000  0.0223  0.0904  0.9939  1.0000
       0      -1       0      -1    ****
   4   1   3   7   9   4  12
  0.0000  0.0223  0.5475  0.5648  0.7590  0.9189  1.0000
       6       5       8       5       7       6    ****
  0.0000  0.0223  0.5475  0.5648  0.7590  0.8366  0.9474  0.9939  1.0000
       6       5       8       5       7       5       6       5    ****
  0.0000  0.0223  0.0904  1.0000
       0       1       0    ****
  0.0000  0.0223  0.4189  0.4406  0.5475  0.5648  0.6757  0.7590  0.8366  0.9474
       0       1       0       1       0       1       0      -1       1       0
  0.9939  1.0000
       1    ****
