 ... generation ...    0
   1   0   0   2   2   2   2
 -0.5000  0.5000
       1    ****
 -0.5000  0.5000
       2    ****
   2   0   0   2   2   2   2
 -0.5000  0.5000
       3    ****
 -0.5000  0.5000
       4    ****
   3   0   0   2   2   2   2
 -0.5000  0.5000
       5    ****
 -0.5000  0.5000
       6    ****
   4   0   0   2   2   2   2
 -0.5000  0.5000
       7    ****
 -0.5000  0.5000
       8    ****
 ... generation ...    1
   1   3   2   3   2   2   2
 -0.5000  0.0715  0.5000
       6       5    ****
 -0.5000  0.5000
       4    ****
   2   2   4   2   3   2   2
 -0.5000  0.5000
       3    ****
 -0.5000 -0.0505  0.5000
       8       7    ****
   3   1   3   3   3   2   2
 -0.5000 -0.0861  0.5000
       1       2    ****
 -0.5000  0.0570  0.5000
       6       5    ****
   4   3   1   3   2   2   2
 -0.5000 -0.2833  0.5000
       5       6    ****
 -0.5000  0.5000
       1    ****
 ... generation ...    2
   1   4   2   2   6   2   2
 -0.5000  0.5000
       1    ****
 -0.5000 -0.2893 -0.1569 -0.0505  0.2983  0.5000
       8       3       8       7       3    ****
   2   3   1   3   2   2   2
 -0.5000 -0.0861  0.5000
       1       2    ****
 -0.5000  0.5000
       4    ****
   3   2   1   4   2   2   2
 -0.5000  0.0366  0.2951  0.5000
       3       7       3    ****
 -0.5000  0.5000
       4    ****
   4   4   4   3   4   2   2
 -0.5000 -0.4489  0.5000
       5       1    ****
 -0.5000 -0.3997 -0.2833  0.5000
       1       5       6    ****
 ... generation ...    3
   1   3   3   4   3   2   2
 -0.5000  0.0366  0.2951  0.5000
       3       7       3    ****
 -0.5000 -0.2198  0.5000
       3       4    ****
   2   4   3   4   3   2   2
 -0.5000 -0.4489  0.0985  0.5000
       5       1       6    ****
 -0.5000 -0.3500  0.5000
       3       4    ****
   3   4   1   3   2   2   2
 -0.5000 -0.4489  0.5000
       5       1    ****
 -0.5000  0.5000
       1    ****
   4   3   2   4   2   2   2
 -0.5000  0.2703  0.2951  0.5000
       4       7       3    ****
 -0.5000  0.5000
       4    ****
 ... generation ...    4
   1   2   3   5   3   2   2
 -0.5000 -0.3500 -0.0043  0.0985  0.5000
       3       4       1       6    ****
 -0.5000 -0.4489  0.5000
       5       1    ****
   2   1   3   3   4   2   2
 -0.5000 -0.0303  0.5000
       3       4    ****
 -0.5000 -0.4747 -0.4489  0.5000
       1       5       1    ****
   3   1   3   5   3   2   2
 -0.5000 -0.2198  0.1834  0.2951  0.5000
       3       4       7       3    ****
 -0.5000 -0.4489  0.5000
       5       1    ****
   4   3   3   3   2   2   2
 -0.5000 -0.4489  0.5000
       5       1    ****
 -0.5000  0.5000
       1    ****
 ... generation ...    5
   1   4   4   3   3   2   2
 -0.5000 -0.4489  0.5000
       5       1    ****
 -0.5000 -0.4489  0.5000
       5       1    ****
   2   4   2   2   3   2   2
 -0.5000  0.5000
       1    ****
 -0.5000 -0.0303  0.5000
       3       4    ****
   3   1   1   7   7   2   2
 -0.5000 -0.3500 -0.0043  0.0985  0.2554  0.4017  0.5000
       3       4       1       6       1       6    ****
 -0.5000 -0.4570 -0.3953 -0.3248 -0.0043  0.0985  0.5000
       5       3       1       4       1       6    ****
   4   2   2   4   3   2   2
 -0.5000 -0.4747 -0.4489  0.5000
       1       5       1    ****
 -0.5000 -0.0303  0.5000
       3       4    ****
 ... generation ...    6
   1   1   1   3   3   2   2
 -0.5000 -0.4489  0.5000
       5       1    ****
 -0.5000 -0.4489  0.5000
       5       1    ****
   2   4   3   4   7   2   2
 -0.5000 -0.4747 -0.4489  0.5000
       1       5       1    ****
 -0.5000 -0.4570 -0.3953 -0.3248 -0.0043  0.0985  0.5000
       5       3       1       4       1       6    ****
   3   1   2   3   2   2   2
 -0.5000 -0.4489  0.5000
       5       1    ****
 -0.5000  0.5000
       1    ****
   4   1   3   3   5   2   2
 -0.5000 -0.4489  0.5000
       5       1    ****
 -0.5000 -0.3500 -0.0043  0.0985  0.5000
       3       4       1       6    ****
 ... generation ...    7
   1   4   3   4   3   2   2
 -0.5000 -0.3500 -0.0043  0.5000
       3       4       1    ****
 -0.5000 -0.4489  0.5000
       5       1    ****
   2   1   2   3   7   2   2
 -0.5000 -0.4489  0.5000
       5       1    ****
 -0.5000 -0.4747 -0.4489 -0.0260 -0.0043  0.0985  0.5000
       1       5       1       4       1       6    ****
   3   1   2   3   7   2   2
 -0.5000 -0.4489  0.5000
       5       1    ****
 -0.5000 -0.4747 -0.4489 -0.0553 -0.0043  0.0985  0.5000
       1       5       1       4       1       6    ****
   4   1   3   3   2   2   2
 -0.5000 -0.4489  0.5000
       5       1    ****
 -0.5000  0.5000
       1    ****
 ... generation ...    8
   1   4   4   2   3   2   2
 -0.5000  0.5000
       1    ****
 -0.5000 -0.4489  0.5000
       5       1    ****
   2   3   3   6   4   2   2
 -0.5000 -0.4747 -0.4489 -0.0553 -0.0292  0.5000
       1       5       1       4       1    ****
 -0.5000 -0.4489  0.2995  0.5000
       5       1       6    ****
   3   1   1   5   4   2   2
 -0.5000 -0.4489 -0.1704 -0.0043  0.5000
       5       1       4       1    ****
 -0.5000 -0.3500 -0.0043  0.5000
       3       4       1    ****
   4   3   4   4   2   2   2
 -0.5000 -0.4747 -0.4489  0.5000
       1       5       1    ****
 -0.5000  0.5000
       1    ****
 ... generation ...    9
   1   3   4   5   4   2   2
 -0.5000 -0.4489 -0.2846 -0.0043  0.5000
       5       1       4       1    ****
 -0.5000 -0.4747 -0.4489  0.5000
       1       5       1    ****
   2   4   2   2   5   2   2
 -0.5000  0.5000
       1    ****
 -0.5000 -0.4747 -0.4489  0.2995  0.5000
       1       5       1       6    ****
   3   4   4   4   2   2   2
 -0.5000 -0.4747 -0.4489  0.5000
       1       5       1    ****
 -0.5000  0.5000
       1    ****
   4   4   4   4   2   2   2
 -0.5000 -0.4747 -0.4489  0.5000
       1       5       1    ****
 -0.5000  0.5000
       1    ****
 ... generation ...   10
   1   4   1   2   4   2   2
 -0.5000  0.5000
       1    ****
 -0.5000 -0.4747 -0.4489  0.5000
       1       5       1    ****
   2   1   4   4   4   2   2
 -0.5000 -0.4747 -0.4489  0.5000
       1       5       1    ****
 -0.5000 -0.4747 -0.4489  0.5000
       1       5       1    ****
   3   2   2   4   2   2   2
 -0.5000 -0.4747 -0.4489  0.5000
       1       5       1    ****
 -0.5000  0.5000
       1    ****
   4   2   4   3   4   2   2
 -0.5000  0.2995  0.5000
       1       6    ****
 -0.5000 -0.4747 -0.4489  0.5000
       1       5       1    ****
