  0   1   2   2
  0.0000  0.5000
       1       0
  0.0000  0.5000
       2       0
  0   2   2   2
  0.0000  0.5000
       3       0
  0.0000  0.5000
       4       0
  0   3   2   2
  0.0000  0.5000
       5       0
  0.0000  0.5000
       6       0
  0   4   2   2
  0.0000  0.5000
       7       0
  0.0000  0.5000
       8       0
  0   5   2   2
  0.0000  0.5000
       9       0
  0.0000  0.5000
      10       0
  0   6   2   2
  0.0000  0.5000
      11       0
  0.0000  0.5000
      12       0
  0   7   2   2
  0.0000  0.5000
      13       0
  0.0000  0.5000
      14       0
  0   8   2   2
  0.0000  0.5000
      15       0
  0.0000  0.5000
      16       0
  0   9   2   2
  0.0000  0.5000
      17       0
  0.0000  0.5000
      18       0
  0  10   2   2
  0.0000  0.5000
      19       0
  0.0000  0.5000
      20       0
  1   1   2   2
  0.0000  0.5000
      14       0
  0.0000  0.5000
       2       0
  1   2   2   2
  0.0000  0.5000
      19       0
  0.0000  0.5000
       3       0
  1   3   3   3
  0.0000  0.4441  0.5000
      12      11       0
  0.0000  0.1605  0.5000
      17      18       0
  1   4   2   2
  0.0000  0.5000
       3       0
  0.0000  0.5000
       9       0
  1   5   2   3
  0.0000  0.5000
      10       0
  0.0000  0.3564  0.5000
       7       8       0
  1   6   2   3
  0.0000  0.5000
      12       0
  0.0000  0.4941  0.5000
       8       7       0
  1   7   2   2
  0.0000  0.5000
      13       0
  0.0000  0.5000
      14       0
  1   8   2   2
  0.0000  0.5000
      10       0
  0.0000  0.5000
       1       0
  1   9   3   2
  0.0000  0.3626  0.5000
      12      11       0
  0.0000  0.5000
      16       0
  1  10   2   2
  0.0000  0.5000
      13       0
  0.0000  0.5000
      13       0
  2   1   6   3
  0.0000  0.0563  0.1605  0.4439  0.4441  0.5000
      12      17      18      12      11       0
  0.0000  0.3626  0.5000
      12      11       0
  2   2   2   3
  0.0000  0.5000
      13       0
  0.0000  0.4979  0.5000
       1      10       0
  2   3   2   2
  0.0000  0.5000
      19       0
  0.0000  0.5000
      13       0
  2   4   3   2
  0.0000  0.4941  0.5000
       8       7       0
  0.0000  0.5000
      13       0
  2   5   2   2
  0.0000  0.5000
      16       0
  0.0000  0.5000
      13       0
  2   6   2   2
  0.0000  0.5000
      12       0
  0.0000  0.5000
       9       0
  2   7   3   2
  0.0000  0.4941  0.5000
       8       7       0
  0.0000  0.5000
       3       0
  2   8   2   5
  0.0000  0.5000
      13       0
  0.0000  0.0297  0.3478  0.3505  0.5000
       9       3       9       3       0
  2   9   2   3
  0.0000  0.5000
      14       0
  0.0000  0.3626  0.5000
      12      11       0
  2  10   2   2
  0.0000  0.5000
      13       0
  0.0000  0.5000
      13       0
  3   1   4   2
  0.0000  0.0006  0.4639  0.5000
       3       8       3       0
  0.0000  0.5000
      19       0
  3   2   4   4
  0.0000  0.1011  0.4979  0.5000
      13       1      10       0
  0.0000  0.1406  0.1811  0.5000
      14      12      14       0
  3   3   4   2
  0.0000  0.2329  0.4052  0.5000
      12      14      11       0
  0.0000  0.5000
       9       0
  3   4   4   2
  0.0000  0.1403  0.4979  0.5000
      13       1      10       0
  0.0000  0.5000
      13       0
  3   5   2   2
  0.0000  0.5000
      13       0
  0.0000  0.5000
      13       0
  3   6   3   2
  0.0000  0.2703  0.5000
      12      14       0
  0.0000  0.5000
       3       0
  3   7   2   3
  0.0000  0.5000
      13       0
  0.0000  0.4941  0.5000
       8       7       0
  3   8   5   3
  0.0000  0.0297  0.3478  0.3505  0.5000
       9       3       9       3       0
  0.0000  0.1054  0.5000
      19      13       0
  3   9   3   2
  0.0000  0.4941  0.5000
       8       7       0
  0.0000  0.5000
      13       0
  3  10   2   3
  0.0000  0.5000
      14       0
  0.0000  0.3626  0.5000
      12      11       0
  4   1   5   2
  0.0000  0.0297  0.3478  0.3505  0.5000
       9       3       9       3       0
  0.0000  0.5000
      13       0
  4   2   5   2
  0.0000  0.2063  0.2329  0.4052  0.5000
       9      12      14      11       0
  0.0000  0.5000
       9       0
  4   3   4   2
  0.0000  0.3430  0.4979  0.5000
      13       1      10       0
  0.0000  0.5000
      13       0
  4   4   2   3
  0.0000  0.5000
      14       0
  0.0000  0.0991  0.5000
       8      13       0
  4   5   2   3
  0.0000  0.5000
       9       0
  0.0000  0.0745  0.5000
       8      13       0
  4   6   2   2
  0.0000  0.5000
      13       0
  0.0000  0.5000
      13       0
  4   7   2   3
  0.0000  0.5000
      13       0
  0.0000  0.2107  0.5000
      12       9       0
  4   8   4   2
  0.0000  0.1403  0.4979  0.5000
      13       1      10       0
  0.0000  0.5000
      13       0
  4   9   3   3
  0.0000  0.4824  0.5000
      19       3       0
  0.0000  0.1054  0.5000
      19      13       0
  4  10   3   3
  0.0000  0.4941  0.5000
       8       7       0
  0.0000  0.4941  0.5000
       8       7       0
  5   1   3   3
  0.0000  0.2107  0.5000
      12       9       0
  0.0000  0.1054  0.5000
      19      13       0
  5   2   3   5
  0.0000  0.0745  0.5000
       8      13       0
  0.0000  0.0297  0.3478  0.3505  0.5000
       9       3       9       3       0
  5   3   4   2
  0.0000  0.1403  0.4979  0.5000
      13       1      10       0
  0.0000  0.5000
      13       0
  5   4   2   4
  0.0000  0.5000
       9       0
  0.0000  0.3430  0.4979  0.5000
      13       1      10       0
  5   5   2   4
  0.0000  0.5000
      13       0
  0.0000  0.3430  0.4979  0.5000
      13       1      10       0
  5   6   6   2
  0.0000  0.0297  0.3478  0.3505  0.4783  0.5000
       9       3       9       3      13       0
  0.0000  0.5000
      13       0
  5   7   4   5
  0.0000  0.4247  0.4979  0.5000
      13       1      10       0
  0.0000  0.0297  0.3478  0.3505  0.5000
       9       3       9       3       0
  5   8   4   3
  0.0000  0.1403  0.4979  0.5000
      13       1      10       0
  0.0000  0.4824  0.5000
      19       3       0
  5   9   2   2
  0.0000  0.5000
      13       0
  0.0000  0.5000
      13       0
  5  10   3   2
  0.0000  0.1054  0.5000
      19      13       0
  0.0000  0.5000
      14       0
  6   1   5   2
  0.0000  0.0297  0.3478  0.3505  0.5000
       9       3       9       3       0
  0.0000  0.5000
      13       0
  6   2   4   4
  0.0000  0.1403  0.4979  0.5000
      13       1      10       0
  0.0000  0.0120  0.4824  0.5000
      13      19       3       0
  6   3   2   4
  0.0000  0.5000
      13       0
  0.0000  0.1054  0.2071  0.5000
      19      13      14       0
  6   4   5   4
  0.0000  0.0297  0.3478  0.3505  0.5000
       9       3       9       3       0
  0.0000  0.1054  0.3802  0.5000
      19      13       9       0
  6   5   2   6
  0.0000  0.5000
      14       0
  0.0000  0.2342  0.3478  0.3505  0.4426  0.5000
      13       3       9       3      13       0
  6   6   4   4
  0.0000  0.3430  0.4979  0.5000
      13       1      10       0
  0.0000  0.1403  0.4486  0.5000
      13       1      13       0
  6   7   4   4
  0.0000  0.3430  0.4979  0.5000
      13       1      10       0
  0.0000  0.1403  0.4979  0.5000
      13       1      10       0
  6   8   2   4
  0.0000  0.5000
      13       0
  0.0000  0.3572  0.4783  0.5000
      13       3      13       0
  6   9   2   3
  0.0000  0.5000
      13       0
  0.0000  0.0037  0.5000
       9      13       0
  6  10   4   4
  0.0000  0.3430  0.4979  0.5000
      13       1      10       0
  0.0000  0.1115  0.1458  0.5000
      13       3      13       0
  7   1   5   2
  0.0000  0.0297  0.1656  0.3802  0.5000
       9       3      13       9       0
  0.0000  0.5000
      13       0
  7   2   5   5
  0.0000  0.0297  0.3478  0.3505  0.5000
       9       3       9       3       0
  0.0000  0.1309  0.3478  0.3505  0.5000
      13       3       9       3       0
  7   3   5   3
  0.0000  0.0120  0.3252  0.4979  0.5000
      13      19       1      10       0
  0.0000  0.0037  0.5000
       9      13       0
  7   4   6   2
  0.0000  0.1403  0.2255  0.3430  0.4486  0.5000
      13       1      13       1      13       0
  0.0000  0.5000
      13       0
  7   5   4   6
  0.0000  0.1403  0.4486  0.5000
      13       1      13       0
  0.0000  0.0120  0.1252  0.1403  0.4979  0.5000
      13      19      13       1      10       0
  7   6   3   5
  0.0000  0.0037  0.5000
       9      13       0
  0.0000  0.0297  0.3478  0.3505  0.5000
       9       3       9       3       0
  7   7   2   4
  0.0000  0.5000
      13       0
  0.0000  0.3430  0.4979  0.5000
      13       1      10       0
  7   8   4   5
  0.0000  0.3572  0.4783  0.5000
      13       3      13       0
  0.0000  0.1403  0.3347  0.4824  0.5000
      13       1      19       3       0
  7   9   2   6
  0.0000  0.5000
      13       0
  0.0000  0.2420  0.3270  0.3430  0.4907  0.5000
      13       1      13       1      13       0
  7  10   2   3
  0.0000  0.5000
      13       0
  0.0000  0.0037  0.5000
       9      13       0
  8   1   6   5
  0.0000  0.0037  0.0238  0.3252  0.4979  0.5000
       9      13      19       1      10       0
  0.0000  0.1403  0.3347  0.4824  0.5000
      13       1      19       3       0
  8   2   2   5
  0.0000  0.5000
      13       0
  0.0000  0.0297  0.3478  0.3505  0.5000
       9       3       9       3       0
  8   3   6   3
  0.0000  0.2420  0.3270  0.3430  0.4907  0.5000
      13       1      13       1      13       0
  0.0000  0.0037  0.5000
       9      13       0
  8   4   6   4
  0.0000  0.2420  0.3270  0.3430  0.3568  0.5000
      13       1      13       1      13       0
  0.0000  0.1403  0.4486  0.5000
      13       1      13       0
  8   5   2   5
  0.0000  0.5000
      13       0
  0.0000  0.0297  0.1656  0.3802  0.5000
       9       3      13       9       0
  8   6   4   5
  0.0000  0.1403  0.4486  0.5000
      13       1      13       0
  0.0000  0.0120  0.3252  0.4979  0.5000
      13      19       1      10       0
  8   7   6   3
  0.0000  0.0297  0.3478  0.3505  0.4561  0.5000
       9       3       9       3      13       0
  0.0000  0.0037  0.5000
       9      13       0
  8   8   2   4
  0.0000  0.5000
      13       0
  0.0000  0.1403  0.4486  0.5000
      13       1      13       0
  8   9   5   4
  0.0000  0.3030  0.3252  0.4979  0.5000
      13      19       1      10       0
  0.0000  0.4682  0.4979  0.5000
      13       1      10       0
  8  10   4   5
  0.0000  0.3629  0.4486  0.5000
      13       1      13       0
  0.0000  0.1212  0.3478  0.3505  0.5000
      13       3       9       3       0
  9   1   6   7
  0.0000  0.0640  0.3234  0.3347  0.4824  0.5000
      13      19       1      19       3       0
  0.0000  0.0037  0.2420  0.3270  0.3430  0.4907  0.5000
       9      13       1      13       1      13       0
  9   2   6   4
  0.0000  0.0297  0.3478  0.3505  0.4561  0.5000
       9       3       9       3      13       0
  0.0000  0.3629  0.4486  0.5000
      13       1      13       0
  9   3   4   6
  0.0000  0.0297  0.1656  0.5000
       9       3      13       0
  0.0000  0.0011  0.0037  0.2420  0.3061  0.5000
      13       9      13       1      13       0
  9   4   4   4
  0.0000  0.1403  0.4486  0.5000
      13       1      13       0
  0.0000  0.2420  0.4486  0.5000
      13       1      13       0
  9   5   2   4
  0.0000  0.5000
      13       0
  0.0000  0.1403  0.4979  0.5000
      13       1      10       0
  9   6   6   3
  0.0000  0.1403  0.2209  0.3252  0.4885  0.5000
      13       1      19       1      13       0
  0.0000  0.4864  0.5000
      13       9       0
  9   7   4   3
  0.0000  0.1403  0.4486  0.5000
      13       1      13       0
  0.0000  0.0037  0.5000
       9      13       0
  9   8   5   2
  0.0000  0.0120  0.3252  0.4979  0.5000
      13      19       1      10       0
  0.0000  0.5000
      13       0
  9   9   3   5
  0.0000  0.0037  0.5000
       9      13       0
  0.0000  0.3030  0.3252  0.4979  0.5000
      13      19       1      10       0
  9  10   5   4
  0.0000  0.0297  0.1872  0.4347  0.5000
       9       3      13       3       0
  0.0000  0.4682  0.4979  0.5000
      13       1      10       0
 10   1   7   4
  0.0000  0.0037  0.2420  0.3270  0.3430  0.4907  0.5000
       9      13       1      13       1      13       0
  0.0000  0.3629  0.4486  0.5000
      13       1      13       0
 10   2   6   4
  0.0000  0.0037  0.3030  0.3252  0.4661  0.5000
       9      13      19       1      13       0
  0.0000  0.0120  0.2675  0.5000
      13      19      13       0
 10   3   6   2
  0.0000  0.1403  0.3021  0.4237  0.4979  0.5000
      13       1      13       1      10       0
  0.0000  0.5000
      13       0
 10   4   4   5
  0.0000  0.1403  0.3414  0.5000
      13       1      13       0
  0.0000  0.0037  0.4731  0.4979  0.5000
       9      13       1      10       0
 10   5   2   4
  0.0000  0.5000
      13       0
  0.0000  0.2420  0.4486  0.5000
      13       1      13       0
 10   6   6   6
  0.0000  0.0297  0.0886  0.3629  0.4486  0.5000
       9       3      13       1      13       0
  0.0000  0.0297  0.1656  0.2420  0.3061  0.5000
       9       3      13       1      13       0
 10   7   4   6
  0.0000  0.0297  0.1656  0.5000
       9       3      13       0
  0.0000  0.1403  0.2209  0.3252  0.4885  0.5000
      13       1      19       1      13       0
 10   8   6   8
  0.0000  0.0640  0.3234  0.3347  0.4824  0.5000
      13      19       1      19       3       0
  0.0000  0.1403  0.1826  0.2515  0.3252  0.4682  0.4864  0.5000
      13       1      13      19       1      13       9       0
 10   9   5   6
  0.0000  0.3030  0.3252  0.4979  0.5000
      13      19       1      10       0
  0.0000  0.0640  0.3234  0.3347  0.4824  0.5000
      13      19       1      19       3       0
 10  10   2   6
  0.0000  0.5000
      13       0
  0.0000  0.0297  0.3478  0.3505  0.4561  0.5000
       9       3       9       3      13       0
 11   1   8   6
  0.0000  0.0297  0.1656  0.2420  0.2733  0.3629  0.4486  0.5000
       9       3      13       1      13       1      13       0
  0.0000  0.2420  0.3270  0.3430  0.4907  0.5000
      13       1      13       1      13       0
 11   2   2   8
  0.0000  0.5000
      13       0
  0.0000  0.1403  0.1826  0.2211  0.3234  0.3347  0.4824  0.5000
      13       1      13      19       1      19       3       0
 11   3   5   6
  0.0000  0.0037  0.4731  0.4979  0.5000
       9      13       1      10       0
  0.0000  0.1175  0.3478  0.3505  0.4561  0.5000
      13       3       9       3      13       0
 11   4   4   8
  0.0000  0.2420  0.4486  0.5000
      13       1      13       0
  0.0000  0.0037  0.0274  0.2675  0.3030  0.3252  0.4661  0.5000
       9      13      19      13      19       1      13       0
 11   5   4   6
  0.0000  0.1403  0.3414  0.5000
      13       1      13       0
  0.0000  0.0297  0.0886  0.3629  0.4486  0.5000
       9       3      13       1      13       0
 11   6   6   7
  0.0000  0.1707  0.3234  0.3347  0.4824  0.5000
      13      19       1      19       3       0
  0.0000  0.0640  0.0851  0.3030  0.3252  0.4979  0.5000
      13      19      13      19       1      10       0
 11   7   7   6
  0.0000  0.0242  0.0880  0.3478  0.3505  0.4561  0.5000
       9      13       3       9       3      13       0
  0.0000  0.0297  0.1656  0.2420  0.3061  0.5000
       9       3      13       1      13       0
 11   8   5   8
  0.0000  0.0037  0.1488  0.2675  0.5000
       9      13      19      13       0
  0.0000  0.0297  0.0404  0.1403  0.2209  0.3252  0.4885  0.5000
       9       3      13       1      19       1      13       0
 11   9   6   4
  0.0000  0.1403  0.2209  0.3252  0.4885  0.5000
      13       1      19       1      13       0
  0.0000  0.0297  0.0886  0.5000
       9       3      13       0
 11  10   5   2
  0.0000  0.0297  0.3478  0.3500  0.5000
       9       3       9      13       0
  0.0000  0.5000
      13       0
 12   1   8   8
  0.0000  0.0297  0.1656  0.2420  0.2733  0.3629  0.4907  0.5000
       9       3      13       1      13       1      13       0
  0.0000  0.0037  0.0274  0.2675  0.3030  0.3252  0.4661  0.5000
       9      13      19      13      19       1      13       0
 12   2   7   6
  0.0000  0.0297  0.0404  0.1403  0.2209  0.2723  0.5000
       9       3      13       1      19      13       0
  0.0000  0.1175  0.3478  0.3505  0.4561  0.5000
      13       3       9       3      13       0
 12   3   4   5
  0.0000  0.0319  0.1903  0.5000
      13       3      13       0
  0.0000  0.0037  0.1488  0.2675  0.5000
       9      13      19      13       0
 12   4   2   7
  0.0000  0.5000
      13       0
  0.0000  0.0640  0.0851  0.3030  0.3252  0.4979  0.5000
      13      19      13      19       1      10       0
 12   5   5   2
  0.0000  0.0037  0.4731  0.4979  0.5000
       9      13       1      10       0
  0.0000  0.5000
      13       0
 12   6   6   7
  0.0000  0.0297  0.0886  0.3629  0.4486  0.5000
       9       3      13       1      13       0
  0.0000  0.0037  0.1175  0.3478  0.3505  0.4561  0.5000
       9      13       3       9       3      13       0
 12   7   5   4
  0.0000  0.0037  0.1488  0.2675  0.5000
       9      13      19      13       0
  0.0000  0.3629  0.4486  0.5000
      13       1      13       0
 12   8   6   6
  0.0000  0.2420  0.3270  0.3430  0.4497  0.5000
      13       1      13       1      13       0
  0.0000  0.0297  0.0886  0.3629  0.4486  0.5000
       9       3      13       1      13       0
 12   9   5   8
  0.0000  0.1707  0.3234  0.4979  0.5000
      13      19       1      10       0
  0.0000  0.0297  0.1656  0.2420  0.2733  0.3629  0.4907  0.5000
       9       3      13       1      13       1      13       0
 12  10   6   6
  0.0000  0.0297  0.0886  0.3629  0.4486  0.5000
       9       3      13       1      13       0
  0.0000  0.1707  0.3234  0.3347  0.4824  0.5000
      13      19       1      19       3       0
 13   1   2   4
  0.0000  0.5000
      13       0
  0.0000  0.0319  0.1903  0.5000
      13       3      13       0
 13   2   7  10
  0.0000  0.0297  0.0404  0.1403  0.2209  0.2723  0.5000
       9       3      13       1      19      13       0
  0.0000  0.0037  0.0274  0.2675  0.3030  0.3252  0.4661  0.4863  0.4907  0.5000
       9      13      19      13      19       1      13       1      13       0


 13   3   8   8
  0.0000  0.0297  0.1656  0.2420  0.2733  0.3629  0.4907  0.5000
       9       3      13       1      13       1      13       0
  0.0000  0.0297  0.1656  0.2420  0.2733  0.3629  0.4907  0.5000
       9       3      13       1      13       1      13       0
 13   4   7   8
  0.0000  0.0640  0.0851  0.3030  0.3252  0.4979  0.5000
      13      19      13      19       1      10       0
  0.0000  0.0297  0.1656  0.2420  0.2733  0.3629  0.4907  0.5000
       9       3      13       1      13       1      13       0
 13   5   6   8
  0.0000  0.1707  0.3234  0.3347  0.4824  0.5000
      13      19       1      19       3       0
  0.0000  0.0297  0.1656  0.2420  0.2733  0.3629  0.4907  0.5000
       9       3      13       1      13       1      13       0
 13   6   8   6
  0.0000  0.0297  0.1656  0.2420  0.2733  0.3629  0.4907  0.5000
       9       3      13       1      13       1      13       0
  0.0000  0.0297  0.0886  0.3629  0.4486  0.5000
       9       3      13       1      13       0
 13   7   9   5
  0.0000  0.0037  0.0274  0.2675  0.3030  0.3081  0.3629  0.4907  0.5000
       9      13      19      13      19      13       1      13       0
  0.0000  0.3030  0.3252  0.4979  0.5000
      13      19       1      10       0
 13   8   2   6
  0.0000  0.5000
      13       0
  0.0000  0.0297  0.0886  0.3629  0.4486  0.5000
       9       3      13       1      13       0
 13   9   8   4
  0.0000  0.0297  0.0886  0.2177  0.3478  0.3505  0.4561  0.5000
       9       3      13       3       9       3      13       0
  0.0000  0.3629  0.4486  0.5000
      13       1      13       0
 13  10   6   5
  0.0000  0.0297  0.0886  0.3629  0.4486  0.5000
       9       3      13       1      13       0
  0.0000  0.1707  0.3234  0.4979  0.5000
      13      19       1      10       0
 14   1   6   4
  0.0000  0.0297  0.0886  0.3629  0.4486  0.5000
       9       3      13       1      13       0
  0.0000  0.0319  0.1903  0.5000
      13       3      13       0
 14   2   5   8
  0.0000  0.3629  0.3875  0.4561  0.5000
      13       1       3      13       0
  0.0000  0.0297  0.1656  0.2420  0.2733  0.3629  0.4907  0.5000
       9       3      13       1      13       1      13       0
 14   3   5   7
  0.0000  0.1707  0.3234  0.4979  0.5000
      13      19       1      10       0
  0.0000  0.1707  0.3234  0.3347  0.4778  0.4907  0.5000
      13      19       1      19       1      13       0
 14   4   5   2
  0.0000  0.1707  0.3234  0.4979  0.5000
      13      19       1      10       0
  0.0000  0.5000
      13       0
 14   5   8  11
  0.0000  0.0297  0.1656  0.2420  0.2733  0.3629  0.4907  0.5000
       9       3      13       1      13       1      13       0
  0.0000  0.0297  0.0404  0.0993  0.2675  0.3030  0.3252  0.4661  0.4863  0.4907
       9       3      13      19      13      19       1      13       1      13
  0.5000
       0
 14   6   8   2
  0.0000  0.0297  0.1656  0.2420  0.2733  0.3629  0.4907  0.5000
       9       3      13       1      13       1      13       0
  0.0000  0.5000
      13       0
 14   7   8   8
  0.0000  0.0297  0.1656  0.2420  0.2733  0.3629  0.4907  0.5000
       9       3      13       1      13       1      13       0
  0.0000  0.0297  0.1656  0.2420  0.2733  0.3629  0.4907  0.5000
       9       3      13       1      13       1      13       0
 14   8   9   8
  0.0000  0.0640  0.0851  0.3030  0.3252  0.3629  0.3629  0.4979  0.5000
      13      19      13      19       1      13       1      10       0
  0.0000  0.0297  0.0886  0.2177  0.3478  0.3505  0.4561  0.5000
       9       3      13       3       9       3      13       0
 14   9   4   8
  0.0000  0.0319  0.1903  0.5000
      13       3      13       0
  0.0000  0.0037  0.0274  0.2675  0.3030  0.3252  0.4979  0.5000
       9      13      19      13      19       1      10       0
 14  10   4   7
  0.0000  0.3629  0.4486  0.5000
      13       1      13       0
  0.0000  0.0640  0.0851  0.3030  0.3252  0.4979  0.5000
      13      19      13      19       1      10       0
 15   1   4   5
  0.0000  0.3629  0.4486  0.5000
      13       1      13       0
  0.0000  0.1707  0.3234  0.4979  0.5000
      13      19       1      10       0
 15   2   4   8
  0.0000  0.0297  0.1656  0.5000
       9       3      13       0
  0.0000  0.0037  0.0274  0.2675  0.3030  0.3252  0.4979  0.5000
       9      13      19      13      19       1      10       0
 15   3   8   6
  0.0000  0.0297  0.1656  0.2420  0.2733  0.3629  0.4907  0.5000
       9       3      13       1      13       1      13       0
  0.0000  0.0319  0.1903  0.3629  0.4486  0.5000
      13       3      13       1      13       0
 15   4   4   5
  0.0000  0.0319  0.1903  0.5000
      13       3      13       0
  0.0000  0.1707  0.3234  0.4979  0.5000
      13      19       1      10       0
 15   5   4   4
  0.0000  0.0319  0.1903  0.5000
      13       3      13       0
  0.0000  0.3629  0.4907  0.5000
      13       1      13       0
 15   6   4   7
  0.0000  0.0319  0.1903  0.5000
      13       3      13       0
  0.0000  0.1707  0.3234  0.3347  0.4778  0.4907  0.5000
      13      19       1      19       1      13       0
 15   7   6   2
  0.0000  0.0297  0.0886  0.3629  0.4363  0.5000
       9       3      13       1      13       0
  0.0000  0.5000
      13       0
 15   8   6   8
  0.0000  0.0297  0.0886  0.3629  0.4486  0.5000
       9       3      13       1      13       0
  0.0000  0.0297  0.0886  0.2177  0.3478  0.3505  0.4561  0.5000
       9       3      13       3       9       3      13       0
 15   9   8   8
  0.0000  0.1499  0.1656  0.2420  0.2733  0.3629  0.4907  0.5000
      13       3      13       1      13       1      13       0
  0.0000  0.0297  0.1656  0.2420  0.2733  0.3629  0.4907  0.5000
       9       3      13       1      13       1      13       0
 15  10   8   6
  0.0000  0.0297  0.1656  0.2420  0.2733  0.3629  0.4907  0.5000
       9       3      13       1      13       1      13       0
  0.0000  0.0297  0.0539  0.3629  0.4832  0.5000
       9       3      13       1      13       0
 16   1   8   4
  0.0000  0.0297  0.1656  0.2420  0.2733  0.3629  0.4907  0.5000
       9       3      13       1      13       1      13       0
  0.0000  0.0297  0.1656  0.5000
       9       3      13       0
 16   2   8   5
  0.0000  0.1499  0.1656  0.2420  0.2733  0.3629  0.4907  0.5000
      13       3      13       1      13       1      13       0
  0.0000  0.1707  0.3234  0.4979  0.5000
      13      19       1      10       0
 16   3   8   6
  0.0000  0.0297  0.1656  0.2420  0.2733  0.3629  0.4907  0.5000
       9       3      13       1      13       1      13       0
  0.0000  0.0297  0.0539  0.3629  0.4832  0.5000
       9       3      13       1      13       0
 16   4   7   4
  0.0000  0.1707  0.3234  0.3347  0.4778  0.4907  0.5000
      13      19       1      19       1      13       0
  0.0000  0.0319  0.1903  0.5000
      13       3      13       0
 16   5   5   8
  0.0000  0.1707  0.3234  0.4979  0.5000
      13      19       1      10       0
  0.0000  0.1499  0.1656  0.2420  0.2733  0.3629  0.4907  0.5000
      13       3      13       1      13       1      13       0
 16   6   7   6
  0.0000  0.1707  0.3234  0.3347  0.4778  0.4907  0.5000
      13      19       1      19       1      13       0
  0.0000  0.0297  0.0539  0.3629  0.4832  0.5000
       9       3      13       1      13       0
 16   7   4   6
  0.0000  0.3629  0.4363  0.5000
      13       1      13       0
  0.0000  0.0297  0.0539  0.3629  0.4832  0.5000
       9       3      13       1      13       0
 16   8   8   8
  0.0000  0.1499  0.1656  0.2420  0.2733  0.3629  0.4907  0.5000
      13       3      13       1      13       1      13       0
  0.0000  0.0297  0.1656  0.2420  0.2733  0.3629  0.4793  0.5000
       9       3      13       1      13       1      13       0
 16   9   8   8
  0.0000  0.1499  0.1656  0.2420  0.2733  0.3629  0.4907  0.5000
      13       3      13       1      13       1      13       0
  0.0000  0.0297  0.1656  0.2420  0.2733  0.3629  0.4907  0.5000
       9       3      13       1      13       1      13       0
 16  10   8   4
  0.0000  0.0037  0.0274  0.2675  0.3030  0.3252  0.4103  0.5000
       9      13      19      13      19       1      13       0
  0.0000  0.0319  0.1903  0.5000
      13       3      13       0
 17   1  10   8
  0.0000  0.0297  0.0539  0.1339  0.1656  0.2420  0.2733  0.3629  0.4907  0.5000
       9       3      13       3      13       1      13       1      13       0


  0.0000  0.1499  0.1656  0.2420  0.2733  0.3629  0.4907  0.5000
      13       3      13       1      13       1      13       0
 17   2   6   5
  0.0000  0.0297  0.1656  0.4134  0.4907  0.5000
       9       3      13       1      13       0
  0.0000  0.1707  0.3234  0.4979  0.5000
      13      19       1      10       0
 17   3   8   4
  0.0000  0.0297  0.1656  0.2420  0.2733  0.3629  0.4907  0.5000
       9       3      13       1      13       1      13       0
  0.0000  0.1707  0.2243  0.5000
      13      19      13       0
 17   4   5   8
  0.0000  0.1707  0.3234  0.4907  0.5000
      13      19       1      13       0
  0.0000  0.0297  0.1656  0.2420  0.2733  0.3629  0.4907  0.5000
       9       3      13       1      13       1      13       0
 17   5   8   5
  0.0000  0.0297  0.1656  0.2420  0.2733  0.3629  0.4907  0.5000
       9       3      13       1      13       1      13       0
  0.0000  0.1707  0.3234  0.4979  0.5000
      13      19       1      10       0
 17   6   5   4
  0.0000  0.1707  0.3234  0.4979  0.5000
      13      19       1      10       0
  0.0000  0.0297  0.1656  0.5000
       9       3      13       0
 17   7   8   9
  0.0000  0.1499  0.1656  0.2420  0.2733  0.3629  0.4907  0.5000
      13       3      13       1      13       1      13       0
  0.0000  0.0319  0.1641  0.1707  0.3234  0.3347  0.4778  0.4907  0.5000
      13       3      13      19       1      19       1      13       0
 17   8   6   8
  0.0000  0.1707  0.2051  0.3629  0.4832  0.5000
      13      19      13       1      13       0
  0.0000  0.0297  0.1656  0.2420  0.2733  0.3629  0.4907  0.5000
       9       3      13       1      13       1      13       0
 17   9   8   7
  0.0000  0.1499  0.1656  0.2420  0.2733  0.3629  0.4907  0.5000
      13       3      13       1      13       1      13       0
  0.0000  0.1707  0.3234  0.3347  0.4778  0.4907  0.5000
      13      19       1      19       1      13       0
 17  10   4   6
  0.0000  0.0297  0.1656  0.5000
       9       3      13       0
  0.0000  0.0297  0.1656  0.4761  0.4907  0.5000
       9       3      13       1      13       0
 18   1   8   8
  0.0000  0.0297  0.1656  0.2420  0.2733  0.3629  0.4907  0.5000
       9       3      13       1      13       1      13       0
  0.0000  0.1499  0.1656  0.2420  0.2733  0.3629  0.4907  0.5000
      13       3      13       1      13       1      13       0
 18   2   8   8
  0.0000  0.0297  0.1656  0.2420  0.2733  0.3629  0.4907  0.5000
       9       3      13       1      13       1      13       0
  0.0000  0.1499  0.1656  0.2420  0.2733  0.3629  0.4907  0.5000
      13       3      13       1      13       1      13       0
 18   3  10   5
  0.0000  0.0297  0.0539  0.1339  0.1656  0.2420  0.2733  0.3629  0.4907  0.5000
       9       3      13       3      13       1      13       1      13       0


  0.0000  0.1707  0.3234  0.4907  0.5000
      13      19       1      13       0
 18   4   6   7
  0.0000  0.1707  0.2051  0.3629  0.4907  0.5000
      13      19      13       1      13       0
  0.0000  0.1707  0.3234  0.3347  0.4778  0.4907  0.5000
      13      19       1      19       1      13       0
 18   5   4  10
  0.0000  0.0297  0.1656  0.5000
       9       3      13       0
  0.0000  0.0297  0.1656  0.2420  0.2497  0.2507  0.2733  0.3629  0.4907  0.5000
       9       3      13       1      13       1      13       1      13       0


 18   6  10   8
  0.0000  0.0297  0.0539  0.1339  0.1656  0.2420  0.2733  0.3629  0.4907  0.5000
       9       3      13       3      13       1      13       1      13       0


  0.0000  0.0297  0.1110  0.2420  0.2733  0.3629  0.4907  0.5000
       9       3      13       1      13       1      13       0
 18   7  10   6
  0.0000  0.0405  0.0539  0.1339  0.1656  0.2420  0.2733  0.3629  0.4907  0.5000
      13       3      13       3      13       1      13       1      13       0


  0.0000  0.0297  0.1565  0.1707  0.2243  0.5000
       9       3      13      19      13       0
 18   8   6   9
  0.0000  0.1707  0.2051  0.3629  0.4907  0.5000
      13      19      13       1      13       0
  0.0000  0.0319  0.1641  0.1707  0.3234  0.3347  0.4778  0.4907  0.5000
      13       3      13      19       1      19       1      13       0
 18   9   5   6
  0.0000  0.1707  0.3234  0.4907  0.5000
      13      19       1      13       0
  0.0000  0.1707  0.2051  0.3629  0.4832  0.5000
      13      19      13       1      13       0
 18  10   4   7
  0.0000  0.1707  0.2243  0.5000
      13      19      13       0
  0.0000  0.1707  0.3234  0.3347  0.3727  0.4907  0.5000
      13      19       1      19       1      13       0
 19   1   8   8
  0.0000  0.0297  0.1110  0.2420  0.2733  0.3629  0.4907  0.5000
       9       3      13       1      13       1      13       0
  0.0000  0.0297  0.1656  0.2420  0.2733  0.3629  0.4907  0.5000
       9       3      13       1      13       1      13       0
 19   2   4   6
  0.0000  0.1707  0.2243  0.5000
      13      19      13       0
  0.0000  0.0297  0.1656  0.4326  0.4907  0.5000
       9       3      13       1      13       0
 19   3   8   7
  0.0000  0.1499  0.1656  0.2420  0.2733  0.3629  0.4907  0.5000
      13       3      13       1      13       1      13       0
  0.0000  0.1707  0.3234  0.3546  0.3629  0.4907  0.5000
      13      19       1      13       1      13       0
 19   4  10   9
  0.0000  0.0297  0.0539  0.0833  0.1110  0.2420  0.2733  0.3629  0.4907  0.5000
       9       3      13       3      13       1      13       1      13       0


  0.0000  0.0319  0.1641  0.1707  0.3234  0.3347  0.4778  0.4907  0.5000
      13       3      13      19       1      19       1      13       0
 19   5   8   8
  0.0000  0.0297  0.1656  0.2420  0.2733  0.3629  0.4907  0.5000
       9       3      13       1      13       1      13       0
  0.0000  0.1499  0.1656  0.2420  0.2733  0.3629  0.4907  0.5000
      13       3      13       1      13       1      13       0
 19   6  10   6
  0.0000  0.0297  0.1656  0.2466  0.2497  0.2507  0.2733  0.3629  0.4907  0.5000
       9       3      13       1      13       1      13       1      13       0


  0.0000  0.0297  0.1565  0.1707  0.2243  0.5000
       9       3      13      19      13       0
 19   7   6   9
  0.0000  0.1707  0.2051  0.3629  0.4907  0.5000
      13      19      13       1      13       0
  0.0000  0.0319  0.1641  0.1707  0.3234  0.3347  0.4778  0.4907  0.5000
      13       3      13      19       1      19       1      13       0
 19   8   4   6
  0.0000  0.0297  0.1656  0.5000
       9       3      13       0
  0.0000  0.1707  0.2051  0.3629  0.4907  0.5000
      13      19      13       1      13       0
 19   9   8  10
  0.0000  0.1499  0.1656  0.2420  0.2733  0.3629  0.4907  0.5000
      13       3      13       1      13       1      13       0
  0.0000  0.0297  0.1565  0.1707  0.2243  0.2630  0.2733  0.3629  0.4907  0.5000
       9       3      13      19      13       1      13       1      13       0


 19  10   8  10
  0.0000  0.1707  0.2051  0.3629  0.4605  0.4778  0.4907  0.5000
      13      19      13       1      19       1      13       0
  0.0000  0.0405  0.0539  0.1339  0.1656  0.2420  0.2733  0.3629  0.4907  0.5000
      13       3      13       3      13       1      13       1      13       0


 20   1   8  10
  0.0000  0.0297  0.1656  0.2466  0.2497  0.2507  0.2733  0.5000
       9       3      13       1      13       1      13       0
  0.0000  0.0297  0.1565  0.1707  0.2243  0.2630  0.2733  0.3629  0.4907  0.5000
       9       3      13      19      13       1      13       1      13       0


 20   2   8   6
  0.0000  0.0297  0.0444  0.1707  0.2051  0.3629  0.4907  0.5000
       9       3      13      19      13       1      13       0
  0.0000  0.0297  0.1565  0.1707  0.2243  0.5000
       9       3      13      19      13       0
 20   3   8   8
  0.0000  0.1707  0.2051  0.3629  0.4270  0.4778  0.4907  0.5000
      13      19      13       1      19       1      13       0
  0.0000  0.1707  0.2051  0.3629  0.4605  0.4778  0.4907  0.5000
      13      19      13       1      19       1      13       0
 20   4   8  10
  0.0000  0.0297  0.1656  0.2420  0.2733  0.3629  0.4907  0.5000
       9       3      13       1      13       1      13       0
  0.0000  0.0297  0.0759  0.1499  0.1656  0.2420  0.2733  0.3629  0.4907  0.5000
       9       3      13       3      13       1      13       1      13       0


 20   5   6   6
  0.0000  0.0297  0.1656  0.1959  0.2243  0.5000
       9       3      13      19      13       0
  0.0000  0.1707  0.2051  0.3629  0.4907  0.5000
      13      19      13       1      13       0
 20   6   8  11
  0.0000  0.1499  0.1656  0.2420  0.2733  0.3629  0.4907  0.5000
      13       3      13       1      13       1      13       0
  0.0000  0.0297  0.0539  0.0833  0.1110  0.2420  0.2733  0.3421  0.4778  0.4907
       9       3      13       3      13       1      13      19       1      13
  0.5000
       0
 20   7   9   6
  0.0000  0.0319  0.1641  0.1707  0.2627  0.2733  0.3629  0.4907  0.5000
      13       3      13      19       1      13       1      13       0
  0.0000  0.1707  0.2051  0.3629  0.4634  0.5000
      13      19      13       1      13       0
 20   8  12   8
  0.0000  0.0297  0.0539  0.0833  0.1110  0.2420  0.2733  0.3629  0.3865  0.4778
       9       3      13       3      13       1      13       1      19       1
  0.4907  0.5000
      13       0
  0.0000  0.0297  0.1110  0.2420  0.2733  0.3629  0.4907  0.5000
       9       3      13       1      13       1      13       0
 20   9   8   7
  0.0000  0.1499  0.1656  0.2420  0.2733  0.3629  0.4907  0.5000
      13       3      13       1      13       1      13       0
  0.0000  0.1707  0.3234  0.3546  0.3629  0.4907  0.5000
      13      19       1      13       1      13       0
 20  10  12   8
  0.0000  0.0405  0.0539  0.1339  0.1656  0.2420  0.2733  0.3629  0.4605  0.4778
      13       3      13       3      13       1      13       1      19       1
  0.4907  0.5000
      13       0
  0.0000  0.0297  0.1656  0.2420  0.2733  0.3629  0.4907  0.5000
       9       3      13       1      13       1      13       0
 21   1   4  12
  0.0000  0.1707  0.2051  0.5000
      13      19      13       0
  0.0000  0.0297  0.0539  0.0833  0.1110  0.2420  0.2733  0.3629  0.3865  0.4778
       9       3      13       3      13       1      13       1      19       1
  0.4907  0.5000
      13       0
 21   2   8   8
  0.0000  0.1707  0.2051  0.3629  0.4270  0.4778  0.4907  0.5000
      13      19      13       1      19       1      13       0
  0.0000  0.1707  0.2051  0.3629  0.4270  0.4778  0.4907  0.5000
      13      19      13       1      19       1      13       0
 21   3   8   6
  0.0000  0.1499  0.1656  0.2420  0.2733  0.3629  0.4907  0.5000
      13       3      13       1      13       1      13       0
  0.0000  0.1707  0.2051  0.3629  0.4634  0.5000
      13      19      13       1      13       0
 21   4   8   9
  0.0000  0.0297  0.0444  0.1707  0.2051  0.3629  0.4907  0.5000
       9       3      13      19      13       1      13       0
  0.0000  0.0739  0.1641  0.1707  0.2627  0.2733  0.3629  0.4907  0.5000
      13       3      13      19       1      13       1      13       0
 21   5   8   4
  0.0000  0.0297  0.1656  0.2466  0.2497  0.2507  0.2733  0.5000
       9       3      13       1      13       1      13       0
  0.0000  0.1707  0.2051  0.5000
      13      19      13       0
 21   6   8   8
  0.0000  0.0297  0.1565  0.1707  0.2243  0.3804  0.4907  0.5000
       9       3      13      19      13       1      13       0
  0.0000  0.1707  0.2051  0.3629  0.4270  0.4778  0.4907  0.5000
      13      19      13       1      19       1      13       0
 21   7  12   8
  0.0000  0.0297  0.0539  0.0833  0.1110  0.2420  0.2733  0.3629  0.3865  0.4778
       9       3      13       3      13       1      13       1      19       1
  0.4907  0.5000
      13       0
  0.0000  0.0297  0.0444  0.1707  0.2051  0.3629  0.4907  0.5000
       9       3      13      19      13       1      13       0
 21   8   8   8
  0.0000  0.0297  0.1565  0.1707  0.2243  0.4378  0.4907  0.5000
       9       3      13      19      13       1      13       0
  0.0000  0.0297  0.1656  0.2420  0.2733  0.3629  0.4907  0.5000
       9       3      13       1      13       1      13       0
 21   9   8   8
  0.0000  0.1707  0.2051  0.3629  0.4605  0.4778  0.4907  0.5000
      13      19      13       1      19       1      13       0
  0.0000  0.0297  0.0444  0.1707  0.2051  0.3629  0.4907  0.5000
       9       3      13      19      13       1      13       0
 21  10   8   8
  0.0000  0.1707  0.2051  0.3629  0.4605  0.4778  0.4907  0.5000
      13      19      13       1      19       1      13       0
  0.0000  0.1499  0.1656  0.2420  0.2733  0.3629  0.4907  0.5000
      13       3      13       1      13       1      13       0
 22   1   4  12
  0.0000  0.1707  0.2051  0.5000
      13      19      13       0
  0.0000  0.0297  0.0539  0.0833  0.1110  0.2420  0.2733  0.3629  0.3865  0.4778
       9       3      13       3      13       1      13       1      19       1
  0.4907  0.5000
      13       0
 22   2   6   8
  0.0000  0.1707  0.2051  0.3629  0.4907  0.5000
      13      19      13       1      13       0
  0.0000  0.1707  0.2051  0.3629  0.4270  0.4778  0.4907  0.5000
      13      19      13       1      19       1      13       0
 22   3   8   8
  0.0000  0.0297  0.0444  0.1707  0.2051  0.3629  0.4907  0.5000
       9       3      13      19      13       1      13       0
  0.0000  0.1707  0.2051  0.3629  0.4270  0.4778  0.4907  0.5000
      13      19      13       1      19       1      13       0
 22   4   8   6
  0.0000  0.0297  0.0444  0.1707  0.2051  0.3629  0.4907  0.5000
       9       3      13      19      13       1      13       0
  0.0000  0.1707  0.2051  0.3629  0.4907  0.5000
      13      19      13       1      13       0
 22   5   4   6
  0.0000  0.1707  0.2051  0.5000
      13      19      13       0
  0.0000  0.1707  0.2051  0.3629  0.4907  0.5000
      13      19      13       1      13       0
 22   6   8   8
  0.0000  0.0297  0.0444  0.1707  0.2051  0.3629  0.4907  0.5000
       9       3      13      19      13       1      13       0
  0.0000  0.0297  0.0444  0.1707  0.2051  0.3629  0.4907  0.5000
       9       3      13      19      13       1      13       0
 22   7   6  12
  0.0000  0.1707  0.2051  0.3629  0.4907  0.5000
      13      19      13       1      13       0
  0.0000  0.0297  0.0539  0.0833  0.1110  0.2420  0.2733  0.3629  0.3865  0.4778
       9       3      13       3      13       1      13       1      19       1
  0.4907  0.5000
      13       0
 22   8   8   8
  0.0000  0.1707  0.2051  0.3629  0.4270  0.4778  0.4907  0.5000
      13      19      13       1      19       1      13       0
  0.0000  0.0297  0.1565  0.1707  0.2243  0.3804  0.4907  0.5000
       9       3      13      19      13       1      13       0
 22   9   8   8
  0.0000  0.0297  0.1656  0.2420  0.2733  0.3629  0.4907  0.5000
       9       3      13       1      13       1      13       0
  0.0000  0.0297  0.0444  0.1707  0.2051  0.3629  0.4907  0.5000
       9       3      13      19      13       1      13       0
 22  10  10   8
  0.0000  0.0297  0.1565  0.1707  0.2243  0.3804  0.4270  0.4778  0.4907  0.5000
       9       3      13      19      13       1      19       1      13       0


  0.0000  0.1707  0.2051  0.3629  0.4605  0.4778  0.4907  0.5000
      13      19      13       1      19       1      13       0
 23   1   8   4
  0.0000  0.0297  0.0444  0.1707  0.2051  0.3629  0.4907  0.5000
       9       3      13      19      13       1      13       0
  0.0000  0.1707  0.2051  0.5000
      13      19      13       0
 23   2  10   8
  0.0000  0.0297  0.1565  0.1707  0.2243  0.3804  0.4270  0.4778  0.4907  0.5000
       9       3      13      19      13       1      19       1      13       0


  0.0000  0.0297  0.0444  0.1707  0.2051  0.3629  0.4907  0.5000
       9       3      13      19      13       1      13       0
 23   3   8   8
  0.0000  0.0297  0.1656  0.2420  0.2733  0.3629  0.4907  0.5000
       9       3      13       1      13       1      13       0
  0.0000  0.0297  0.0444  0.1707  0.2051  0.3629  0.4907  0.5000
       9       3      13      19      13       1      13       0
 23   4   8  10
  0.0000  0.1707  0.2051  0.3629  0.4605  0.4778  0.4907  0.5000
      13      19      13       1      19       1      13       0
  0.0000  0.0297  0.0444  0.1707  0.2051  0.3629  0.4270  0.4778  0.4907  0.5000
       9       3      13      19      13       1      19       1      13       0


 23   5   8   6
  0.0000  0.0297  0.0444  0.1707  0.2051  0.3629  0.4907  0.5000
       9       3      13      19      13       1      13       0
  0.0000  0.1707  0.2051  0.3629  0.4907  0.5000
      13      19      13       1      13       0
 23   6  12   8
  0.0000  0.0297  0.0539  0.0833  0.1110  0.2420  0.2733  0.3629  0.3865  0.4778
       9       3      13       3      13       1      13       1      19       1
  0.4907  0.5000
      13       0
  0.0000  0.0297  0.1656  0.2420  0.2733  0.3629  0.4907  0.5000
       9       3      13       1      13       1      13       0
 23   7   8  10
  0.0000  0.1707  0.2051  0.2511  0.2733  0.3629  0.4907  0.5000
      13      19      13       1      13       1      13       0
  0.0000  0.0961  0.1565  0.1707  0.2243  0.3804  0.4270  0.4778  0.4907  0.5000
      13       3      13      19      13       1      19       1      13       0


 23   8   8   4
  0.0000  0.0297  0.0444  0.1707  0.2051  0.3629  0.4907  0.5000
       9       3      13      19      13       1      13       0
  0.0000  0.1707  0.2051  0.5000
      13      19      13       0
 23   9   6  10
  0.0000  0.1707  0.2051  0.3629  0.4907  0.5000
      13      19      13       1      13       0
  0.0000  0.0297  0.0539  0.0833  0.1110  0.3629  0.4448  0.4778  0.4907  0.5000
       9       3      13       3      13       1      19       1      13       0


 23  10   6   8
  0.0000  0.1707  0.2051  0.3629  0.4907  0.5000
      13      19      13       1      13       0
  0.0000  0.0297  0.0444  0.1707  0.2051  0.3629  0.4907  0.5000
       9       3      13      19      13       1      13       0
 24   1   8   8
  0.0000  0.0297  0.0444  0.1707  0.2051  0.3629  0.4907  0.5000
       9       3      13      19      13       1      13       0
  0.0000  0.0297  0.0444  0.1707  0.2051  0.3629  0.4907  0.5000
       9       3      13      19      13       1      13       0
 24   2   4   6
  0.0000  0.1707  0.2051  0.5000
      13      19      13       0
  0.0000  0.1707  0.2051  0.3629  0.4907  0.5000
      13      19      13       1      13       0
 24   3  10  10
  0.0000  0.0297  0.0444  0.1707  0.2051  0.3629  0.4270  0.4778  0.4907  0.5000
       9       3      13      19      13       1      19       1      13       0


  0.0000  0.0961  0.1565  0.1707  0.2243  0.3804  0.4270  0.4778  0.4907  0.5000
      13       3      13      19      13       1      19       1      13       0


 24   4   8   8
  0.0000  0.1707  0.2051  0.3629  0.4605  0.4778  0.4907  0.5000
      13      19      13       1      19       1      13       0
  0.0000  0.0297  0.0444  0.1707  0.2051  0.3629  0.4907  0.5000
       9       3      13      19      13       1      13       0
 24   5   9   8
  0.0000  0.0224  0.0297  0.0444  0.1707  0.2051  0.3629  0.4907  0.5000
      13       9       3      13      19      13       1      13       0
  0.0000  0.0297  0.1656  0.2420  0.2733  0.3629  0.4907  0.5000
       9       3      13       1      13       1      13       0
 24   6   6  10
  0.0000  0.1707  0.2051  0.3629  0.4907  0.5000
      13      19      13       1      13       0
  0.0000  0.0297  0.0444  0.1707  0.1877  0.2420  0.2733  0.3629  0.4907  0.5000
       9       3      13      19      13       1      13       1      13       0


 24   7   4   8
  0.0000  0.1707  0.2051  0.5000
      13      19      13       0
  0.0000  0.0297  0.0444  0.1707  0.2051  0.3629  0.4907  0.5000
       9       3      13      19      13       1      13       0
 24   8   8   8
  0.0000  0.0297  0.0444  0.1707  0.2051  0.3629  0.4907  0.5000
       9       3      13      19      13       1      13       0
  0.0000  0.0297  0.0444  0.1707  0.2051  0.3629  0.4907  0.5000
       9       3      13      19      13       1      13       0
 24   9   8   6
  0.0000  0.0297  0.0444  0.1707  0.2051  0.3629  0.4907  0.5000
       9       3      13      19      13       1      13       0
  0.0000  0.1707  0.2051  0.3629  0.4907  0.5000
      13      19      13       1      13       0
 24  10   8   4
  0.0000  0.0297  0.0539  0.0833  0.1110  0.3629  0.4907  0.5000
       9       3      13       3      13       1      13       0
  0.0000  0.1707  0.2051  0.5000
      13      19      13       0
 25   1   8   6
  0.0000  0.0297  0.1656  0.2420  0.2733  0.3629  0.4907  0.5000
       9       3      13       1      13       1      13       0
  0.0000  0.1707  0.2051  0.3629  0.4907  0.5000
      13      19      13       1      13       0
 25   2   8   4
  0.0000  0.0297  0.0444  0.1707  0.2051  0.3629  0.4907  0.5000
       9       3      13      19      13       1      13       0
  0.0000  0.1707  0.2051  0.5000
      13      19      13       0
 25   3  10   6
  0.0000  0.0961  0.1565  0.1707  0.2243  0.3804  0.4270  0.4778  0.4907  0.5000
      13       3      13      19      13       1      19       1      13       0


  0.0000  0.1707  0.2051  0.4475  0.4907  0.5000
      13      19      13       1      13       0
 25   4   8  10
  0.0000  0.0297  0.0444  0.1707  0.2051  0.3629  0.4907  0.5000
       9       3      13      19      13       1      13       0
  0.0000  0.0961  0.1565  0.1707  0.2243  0.3804  0.4270  0.4778  0.4907  0.5000
      13       3      13      19      13       1      19       1      13       0


 25   5   8  10
  0.0000  0.0297  0.0444  0.1707  0.2051  0.3629  0.4907  0.5000
       9       3      13      19      13       1      13       0
  0.0000  0.0297  0.0444  0.1707  0.2051  0.3629  0.4270  0.4778  0.4907  0.5000
       9       3      13      19      13       1      19       1      13       0


 25   6   8   6
  0.0000  0.0297  0.0877  0.1707  0.2051  0.3629  0.4907  0.5000
       9       3      13      19      13       1      13       0
  0.0000  0.1707  0.2051  0.3629  0.4907  0.5000
      13      19      13       1      13       0
 25   7   8   6
  0.0000  0.0297  0.0444  0.1707  0.2051  0.3629  0.4907  0.5000
       9       3      13      19      13       1      13       0
  0.0000  0.1707  0.2051  0.3629  0.4907  0.5000
      13      19      13       1      13       0
 25   8   4   8
  0.0000  0.1707  0.2051  0.5000
      13      19      13       0
  0.0000  0.0297  0.0444  0.1707  0.2051  0.3629  0.4907  0.5000
       9       3      13      19      13       1      13       0
 25   9   4   8
  0.0000  0.1707  0.2051  0.5000
      13      19      13       0
  0.0000  0.0297  0.1656  0.2420  0.2733  0.3629  0.4907  0.5000
       9       3      13       1      13       1      13       0
 25  10   8   8
  0.0000  0.1707  0.2051  0.3629  0.4605  0.4778  0.4907  0.5000
      13      19      13       1      19       1      13       0
  0.0000  0.0297  0.0444  0.1707  0.2051  0.3629  0.4907  0.5000
       9       3      13      19      13       1      13       0
 26   1   4   6
  0.0000  0.1707  0.2051  0.5000
      13      19      13       0
  0.0000  0.1707  0.2051  0.3629  0.4907  0.5000
      13      19      13       1      13       0
 26   2   6   8
  0.0000  0.1707  0.2051  0.3629  0.4907  0.5000
      13      19      13       1      13       0
  0.0000  0.0297  0.0444  0.1707  0.2051  0.3629  0.4907  0.5000
       9       3      13      19      13       1      13       0
 26   3   4   6
  0.0000  0.1707  0.2051  0.5000
      13      19      13       0
  0.0000  0.1707  0.2051  0.4475  0.4907  0.5000
      13      19      13       1      13       0
 26   4  10   4
  0.0000  0.0961  0.1565  0.1707  0.2243  0.3804  0.4127  0.4475  0.4907  0.5000
      13       3      13      19      13       1      13       1      13       0


  0.0000  0.1707  0.2051  0.5000
      13      19      13       0
 26   5   8  10
  0.0000  0.0297  0.0444  0.1707  0.2051  0.3629  0.4907  0.5000
       9       3      13      19      13       1      13       0
  0.0000  0.0961  0.1565  0.1707  0.2243  0.3804  0.4270  0.4778  0.4907  0.5000
      13       3      13      19      13       1      19       1      13       0


 26   6   8   4
  0.0000  0.0297  0.1656  0.1990  0.2051  0.4906  0.4907  0.5000
       9       3      13      19      13       1      13       0
  0.0000  0.1707  0.2051  0.5000
      13      19      13       0
 26   7   6   8
  0.0000  0.1707  0.2051  0.4475  0.4907  0.5000
      13      19      13       1      13       0
  0.0000  0.1707  0.2051  0.2420  0.2733  0.3629  0.4907  0.5000
      13      19      13       1      13       1      13       0
 26   8   8   8
  0.0000  0.0297  0.0444  0.1707  0.2051  0.3629  0.4907  0.5000
       9       3      13      19      13       1      13       0
  0.0000  0.0297  0.0877  0.1707  0.2051  0.3629  0.4907  0.5000
       9       3      13      19      13       1      13       0
 26   9   8   8
  0.0000  0.0297  0.0900  0.1707  0.2051  0.3629  0.4907  0.5000
       9       3      13      19      13       1      13       0
  0.0000  0.0297  0.0444  0.1707  0.2051  0.3629  0.4907  0.5000
       9       3      13      19      13       1      13       0
 26  10   6   6
  0.0000  0.1707  0.2051  0.4404  0.4907  0.5000
      13      19      13       1      13       0
  0.0000  0.1707  0.2051  0.3629  0.4907  0.5000
      13      19      13       1      13       0
 27   1   8   8
  0.0000  0.0961  0.1565  0.1707  0.2243  0.3804  0.4100  0.5000
      13       3      13      19      13       1      13       0
  0.0000  0.0297  0.0877  0.1707  0.2051  0.3629  0.4907  0.5000
       9       3      13      19      13       1      13       0
 27   2   6   8
  0.0000  0.1707  0.2051  0.4475  0.4907  0.5000
      13      19      13       1      13       0
  0.0000  0.0297  0.0444  0.1707  0.2051  0.3629  0.4907  0.5000
       9       3      13      19      13       1      13       0
 27   3   6  11
  0.0000  0.0297  0.1656  0.1990  0.2051  0.5000
       9       3      13      19      13       0
  0.0000  0.0052  0.0961  0.1565  0.1707  0.2243  0.3804  0.4270  0.4778  0.4907
       9      13       3      13      19      13       1      19       1      13
  0.5000
       0
 27   4   6   6
  0.0000  0.1707  0.2051  0.4475  0.4907  0.5000
      13      19      13       1      13       0
  0.0000  0.1707  0.2051  0.3629  0.4907  0.5000
      13      19      13       1      13       0
 27   5   4  10
  0.0000  0.1707  0.2051  0.5000
      13      19      13       0
  0.0000  0.0297  0.0444  0.1707  0.2051  0.3804  0.4270  0.4778  0.4907  0.5000
       9       3      13      19      13       1      19       1      13       0


 27   6   8   8
  0.0000  0.0297  0.0444  0.1707  0.2051  0.3629  0.4907  0.5000
       9       3      13      19      13       1      13       0
  0.0000  0.0297  0.0444  0.1707  0.2051  0.3629  0.4907  0.5000
       9       3      13      19      13       1      13       0
 27   7   6   4
  0.0000  0.1707  0.2051  0.3629  0.4907  0.5000
      13      19      13       1      13       0
  0.0000  0.1707  0.2051  0.5000
      13      19      13       0
 27   8  10   8
  0.0000  0.0961  0.1565  0.1707  0.2243  0.3804  0.4270  0.4778  0.4907  0.5000
      13       3      13      19      13       1      19       1      13       0


  0.0000  0.0297  0.0444  0.1707  0.2051  0.3629  0.4907  0.5000
       9       3      13      19      13       1      13       0
 27   9   8  10
  0.0000  0.0297  0.0877  0.1707  0.2051  0.3629  0.4907  0.5000
       9       3      13      19      13       1      13       0
  0.0000  0.0961  0.1565  0.1707  0.2243  0.3804  0.4127  0.4475  0.4907  0.5000
      13       3      13      19      13       1      13       1      13       0


 27  10   8  10
  0.0000  0.0297  0.0444  0.1707  0.2051  0.3629  0.4907  0.5000
       9       3      13      19      13       1      13       0
  0.0000  0.0961  0.1565  0.1707  0.2243  0.3804  0.4270  0.4778  0.4907  0.5000
      13       3      13      19      13       1      19       1      13       0


 28   1   8  11
  0.0000  0.0297  0.0444  0.1707  0.2051  0.3629  0.4907  0.5000
       9       3      13      19      13       1      13       0
  0.0000  0.0113  0.0961  0.1565  0.1707  0.2243  0.3804  0.4270  0.4778  0.4907
       9      13       3      13      19      13       1      19       1      13
  0.5000
       0
 28   2   4   4
  0.0000  0.1707  0.2051  0.5000
      13      19      13       0
  0.0000  0.1707  0.2051  0.5000
      13      19      13       0
 28   3  10   6
  0.0000  0.0961  0.1565  0.1707  0.2243  0.3804  0.4270  0.4778  0.4907  0.5000
      13       3      13      19      13       1      19       1      13       0


  0.0000  0.0297  0.1656  0.1990  0.2051  0.5000
       9       3      13      19      13       0
 28   4   4   8
  0.0000  0.1707  0.2051  0.5000
      13      19      13       0
  0.0000  0.0961  0.1565  0.1707  0.2051  0.3804  0.4100  0.5000
      13       3      13      19      13       1      13       0
 28   5   6   8
  0.0000  0.1707  0.2051  0.3629  0.4907  0.5000
      13      19      13       1      13       0
  0.0000  0.0297  0.0444  0.1707  0.2051  0.3629  0.4907  0.5000
       9       3      13      19      13       1      13       0
 28   6  10  10
  0.0000  0.0297  0.0444  0.0961  0.1565  0.1707  0.2243  0.3804  0.4907  0.5000
       9       3      13       3      13      19      13       1      13       0


  0.0000  0.0961  0.1565  0.1707  0.2243  0.3804  0.4270  0.4778  0.4907  0.5000
      13       3      13      19      13       1      19       1      13       0


 28   7   8   8
  0.0000  0.0297  0.0444  0.1707  0.2051  0.3629  0.4907  0.5000
       9       3      13      19      13       1      13       0
  0.0000  0.0297  0.0444  0.1707  0.2051  0.3629  0.4907  0.5000
       9       3      13      19      13       1      13       0
 28   8   6   8
  0.0000  0.1707  0.2051  0.4475  0.4907  0.5000
      13      19      13       1      13       0
  0.0000  0.0297  0.0877  0.1707  0.2051  0.3629  0.4907  0.5000
       9       3      13      19      13       1      13       0
 28   9   8  10
  0.0000  0.0961  0.1523  0.1707  0.2051  0.3629  0.4907  0.5000
      13       3      13      19      13       1      13       0
  0.0000  0.0297  0.0444  0.1707  0.2051  0.3629  0.3952  0.4475  0.4907  0.5000
       9       3      13      19      13       1      13       1      13       0


 28  10   8   8
  0.0000  0.0961  0.1565  0.1707  0.2243  0.3804  0.4100  0.5000
      13       3      13      19      13       1      13       0
  0.0000  0.0297  0.0877  0.1707  0.2051  0.3629  0.4907  0.5000
       9       3      13      19      13       1      13       0
 29   1  10   4
  0.0000  0.0297  0.0444  0.0961  0.1565  0.1707  0.2243  0.3804  0.4907  0.5000
       9       3      13       3      13      19      13       1      13       0


  0.0000  0.1707  0.2051  0.5000
      13      19      13       0
 29   2   8   8
  0.0000  0.1506  0.1565  0.1707  0.2051  0.3804  0.4100  0.5000
      13       3      13      19      13       1      13       0
  0.0000  0.0961  0.1506  0.1707  0.2051  0.3629  0.4907  0.5000
      13       3      13      19      13       1      13       0
 29   3   6   8
  0.0000  0.1279  0.1565  0.1707  0.2051  0.5000
      13       3      13      19      13       0
  0.0000  0.0961  0.1523  0.1707  0.2051  0.3629  0.4907  0.5000
      13       3      13      19      13       1      13       0
 29   4   8  10
  0.0000  0.0297  0.0877  0.1707  0.2051  0.4475  0.4907  0.5000
       9       3      13      19      13       1      13       0
  0.0000  0.0297  0.0877  0.1352  0.1565  0.1707  0.2243  0.3804  0.4100  0.5000
       9       3      13       3      13      19      13       1      13       0


 29   5   6  10
  0.0000  0.1707  0.2051  0.3629  0.4907  0.5000
      13      19      13       1      13       0
  0.0000  0.0297  0.1656  0.1990  0.2051  0.3937  0.4270  0.4778  0.4907  0.5000
       9       3      13      19      13       1      19       1      13       0


 29   6   8  11
  0.0000  0.0297  0.0877  0.1707  0.2051  0.3629  0.4907  0.5000
       9       3      13      19      13       1      13       0
  0.0000  0.0113  0.0961  0.1565  0.1707  0.2243  0.3804  0.4270  0.4778  0.4907
       9      13       3      13      19      13       1      19       1      13
  0.5000
       0
 29   7   8   9
  0.0000  0.0961  0.1565  0.1707  0.2051  0.3804  0.4033  0.5000
      13       3      13      19      13       1      13       0
  0.0000  0.0113  0.0961  0.1565  0.1707  0.2243  0.3629  0.4907  0.5000
       9      13       3      13      19      13       1      13       0
 29   8   6   8
  0.0000  0.0888  0.1656  0.1990  0.2051  0.5000
      13       3      13      19      13       0
  0.0000  0.0297  0.0444  0.1707  0.2051  0.3629  0.4907  0.5000
       9       3      13      19      13       1      13       0
 29   9   8   8
  0.0000  0.0297  0.0444  0.1707  0.2051  0.3629  0.4907  0.5000
       9       3      13      19      13       1      13       0
  0.0000  0.0961  0.1565  0.1707  0.2243  0.3804  0.4100  0.5000
      13       3      13      19      13       1      13       0
 29  10   6  10
  0.0000  0.0297  0.1656  0.1990  0.2051  0.5000
       9       3      13      19      13       0
  0.0000  0.0961  0.1565  0.1707  0.2243  0.3804  0.4270  0.4778  0.4907  0.5000
      13       3      13      19      13       1      19       1      13       0


 30   1   4   6
  0.0000  0.1707  0.2051  0.5000
      13      19      13       0
  0.0000  0.0297  0.1656  0.1990  0.2051  0.5000
       9       3      13      19      13       0
 30   2  10  10
  0.0000  0.0297  0.0444  0.0961  0.1565  0.1707  0.2243  0.3804  0.4907  0.5000
       9       3      13       3      13      19      13       1      13       0


  0.0000  0.0961  0.1565  0.1707  0.2243  0.3804  0.4270  0.4778  0.4907  0.5000
      13       3      13      19      13       1      19       1      13       0


 30   3   4  10
  0.0000  0.1707  0.2051  0.5000
      13      19      13       0
  0.0000  0.0297  0.1656  0.1990  0.2051  0.3804  0.4270  0.4778  0.4907  0.5000
       9       3      13      19      13       1      19       1      13       0


 30   4  10   9
  0.0000  0.0297  0.0444  0.0961  0.1565  0.1707  0.2243  0.3804  0.4907  0.5000
       9       3      13       3      13      19      13       1      13       0


  0.0000  0.0113  0.0961  0.1565  0.1707  0.2243  0.3629  0.4907  0.5000
       9      13       3      13      19      13       1      13       0
 30   5   9  10
  0.0000  0.0113  0.0961  0.1565  0.1707  0.2243  0.3629  0.4907  0.5000
       9      13       3      13      19      13       1      13       0
  0.0000  0.0297  0.0444  0.0961  0.1565  0.1707  0.2243  0.3804  0.4907  0.5000
       9       3      13       3      13      19      13       1      13       0


 30   6   8   8
  0.0000  0.1279  0.1565  0.1707  0.2051  0.4204  0.4907  0.5000
      13       3      13      19      13       1      13       0
  0.0000  0.0297  0.0444  0.1707  0.2051  0.3629  0.4907  0.5000
       9       3      13      19      13       1      13       0
 30   7   8   8
  0.0000  0.0961  0.1506  0.1707  0.2051  0.3629  0.4304  0.5000
      13       3      13      19      13       1      13       0
  0.0000  0.0297  0.0877  0.1707  0.2051  0.3629  0.4907  0.5000
       9       3      13      19      13       1      13       0
 30   8   6   4
  0.0000  0.1279  0.1565  0.1707  0.2051  0.5000
      13       3      13      19      13       0
  0.0000  0.1707  0.2051  0.5000
      13      19      13       0
 30   9  10   6
  0.0000  0.1506  0.1565  0.1707  0.2051  0.3804  0.4100  0.4570  0.4907  0.5000
      13       3      13      19      13       1      13       1      13       0


  0.0000  0.0888  0.1656  0.1990  0.2051  0.5000
      13       3      13      19      13       0
 30  10   8   8
  0.0000  0.0297  0.0444  0.1707  0.2051  0.3629  0.4907  0.5000
       9       3      13      19      13       1      13       0
  0.0000  0.0888  0.1656  0.1990  0.2051  0.3629  0.4907  0.5000
      13       3      13      19      13       1      13       0
 31   1   9  10
  0.0000  0.0113  0.0961  0.1565  0.1707  0.2243  0.3804  0.4907  0.5000
       9      13       3      13      19      13       1      13       0
  0.0000  0.0297  0.1656  0.1990  0.2051  0.3804  0.4270  0.4778  0.4907  0.5000
       9       3      13      19      13       1      19       1      13       0


 31   2  11   8
  0.0000  0.0149  0.0961  0.1565  0.1707  0.2243  0.3804  0.4270  0.4778  0.4907
       9      13       3      13      19      13       1      19       1      13
  0.5000
       0
  0.0000  0.0888  0.1174  0.1707  0.2051  0.3629  0.4907  0.5000
      13       3      13      19      13       1      13       0
 31   3  10   8
  0.0000  0.0297  0.0444  0.0961  0.1565  0.1707  0.2243  0.3629  0.4907  0.5000
       9       3      13       3      13      19      13       1      13       0


  0.0000  0.0888  0.1656  0.1990  0.2051  0.3629  0.4907  0.5000
      13       3      13      19      13       1      13       0
 31   4  10  10
  0.0000  0.0961  0.1565  0.1707  0.2243  0.3804  0.4270  0.4778  0.4907  0.5000
      13       3      13      19      13       1      19       1      13       0


  0.0000  0.0297  0.0444  0.0961  0.1565  0.1707  0.2243  0.3804  0.4907  0.5000
       9       3      13       3      13      19      13       1      13       0


 31   5   6   6
  0.0000  0.0888  0.1656  0.1990  0.2051  0.5000
      13       3      13      19      13       0
  0.0000  0.0297  0.1656  0.1990  0.2051  0.5000
       9       3      13      19      13       0
 31   6  10  10
  0.0000  0.0297  0.0877  0.0961  0.1506  0.1707  0.2051  0.3629  0.4907  0.5000
       9       3      13       3      13      19      13       1      13       0


  0.0000  0.0297  0.0444  0.0961  0.1565  0.1707  0.2243  0.3804  0.4907  0.5000
       9       3      13       3      13      19      13       1      13       0


 31   7   5   8
  0.0000  0.0088  0.1707  0.2051  0.5000
       9      13      19      13       0
  0.0000  0.1707  0.2051  0.3804  0.4270  0.4778  0.4907  0.5000
      13      19      13       1      19       1      13       0
 31   8   6  10
  0.0000  0.0297  0.1656  0.1990  0.2051  0.5000
       9       3      13      19      13       0
  0.0000  0.0961  0.1565  0.1707  0.2243  0.3804  0.4270  0.4778  0.4907  0.5000
      13       3      13      19      13       1      19       1      13       0


 31   9   4   6
  0.0000  0.1707  0.2051  0.5000
      13      19      13       0
  0.0000  0.1279  0.1565  0.1707  0.2051  0.5000
      13       3      13      19      13       0
 31  10   4  10
  0.0000  0.1707  0.2051  0.5000
      13      19      13       0
  0.0000  0.0297  0.0444  0.0961  0.1565  0.1707  0.2243  0.3804  0.4907  0.5000
       9       3      13       3      13      19      13       1      13       0


 32   1   9   8
  0.0000  0.0149  0.0961  0.1565  0.1707  0.2243  0.3629  0.4907  0.5000
       9      13       3      13      19      13       1      13       0
  0.0000  0.0888  0.1656  0.1990  0.2051  0.3629  0.4907  0.5000
      13       3      13      19      13       1      13       0
 32   2   9  10
  0.0000  0.0088  0.1707  0.2051  0.3804  0.4270  0.4778  0.4907  0.5000
       9      13      19      13       1      19       1      13       0
  0.0000  0.0297  0.0444  0.0961  0.1565  0.1707  0.2243  0.3629  0.4907  0.5000
       9       3      13       3      13      19      13       1      13       0


 32   3   8   8
  0.0000  0.1707  0.2051  0.3804  0.4270  0.4778  0.4907  0.5000
      13      19      13       1      19       1      13       0
  0.0000  0.0297  0.1565  0.1707  0.2243  0.3804  0.4907  0.5000
       9       3      13      19      13       1      13       0
 32   4   6  10
  0.0000  0.0888  0.1656  0.1990  0.2051  0.5000
      13       3      13      19      13       0
  0.0000  0.0297  0.0877  0.0961  0.1506  0.1707  0.2051  0.3629  0.4907  0.5000
       9       3      13       3      13      19      13       1      13       0


 32   5  10  10
  0.0000  0.0297  0.0877  0.0961  0.1506  0.1707  0.2051  0.3629  0.4907  0.5000
       9       3      13       3      13      19      13       1      13       0


  0.0000  0.0297  0.0877  0.0961  0.1506  0.1707  0.2051  0.3629  0.4907  0.5000
       9       3      13       3      13      19      13       1      13       0


 32   6  10   8
  0.0000  0.0297  0.0444  0.0961  0.1565  0.1707  0.2243  0.3804  0.4907  0.5000
       9       3      13       3      13      19      13       1      13       0


  0.0000  0.0297  0.1656  0.1990  0.2051  0.3804  0.4907  0.5000
       9       3      13      19      13       1      13       0
 32   7  10  10
  0.0000  0.0297  0.0444  0.0961  0.1565  0.1707  0.2243  0.3629  0.4907  0.5000
       9       3      13       3      13      19      13       1      13       0


  0.0000  0.0297  0.0877  0.0961  0.1506  0.1707  0.2051  0.3629  0.4907  0.5000
       9       3      13       3      13      19      13       1      13       0


 32   8  10   9
  0.0000  0.0297  0.0444  0.0961  0.1565  0.1707  0.2243  0.3629  0.4907  0.5000
       9       3      13       3      13      19      13       1      13       0


  0.0000  0.0113  0.0961  0.1565  0.1707  0.2243  0.3804  0.4907  0.5000
       9      13       3      13      19      13       1      13       0
 32   9  10  11
  0.0000  0.0961  0.1565  0.1707  0.2243  0.3804  0.4270  0.4778  0.4907  0.5000
      13       3      13      19      13       1      19       1      13       0


  0.0000  0.0237  0.0961  0.1565  0.1707  0.2243  0.3804  0.4270  0.4778  0.4907
       9      13       3      13      19      13       1      19       1      13
  0.5000
       0
 32  10   5   6
  0.0000  0.0088  0.1707  0.2051  0.5000
       9      13      19      13       0
  0.0000  0.0888  0.1656  0.1990  0.2051  0.5000
      13       3      13      19      13       0
 33   1   5  10
  0.0000  0.0088  0.1707  0.2051  0.5000
       9      13      19      13       0
  0.0000  0.0961  0.1565  0.1707  0.2243  0.3804  0.4270  0.4778  0.4907  0.5000
      13       3      13      19      13       1      19       1      13       0


 33   2  10  11
  0.0000  0.0961  0.1565  0.1707  0.2243  0.3804  0.4270  0.4778  0.4907  0.5000
      13       3      13      19      13       1      19       1      13       0


  0.0000  0.0237  0.0961  0.1565  0.1707  0.2243  0.3804  0.4270  0.4778  0.4907
       9      13       3      13      19      13       1      19       1      13
  0.5000
       0
 33   3   9  10
  0.0000  0.0113  0.0961  0.1565  0.1707  0.2243  0.3804  0.4907  0.5000
       9      13       3      13      19      13       1      13       0
  0.0000  0.0297  0.0877  0.0961  0.1506  0.1707  0.2051  0.3629  0.4907  0.5000
       9       3      13       3      13      19      13       1      13       0


 33   4   9  10
  0.0000  0.0113  0.0961  0.1565  0.1707  0.2243  0.3629  0.4907  0.5000
       9      13       3      13      19      13       1      13       0
  0.0000  0.0297  0.0444  0.0961  0.1565  0.1707  0.2243  0.3804  0.4907  0.5000
       9       3      13       3      13      19      13       1      13       0


 33   5  10   8
  0.0000  0.0297  0.0444  0.0961  0.1565  0.1707  0.2243  0.3629  0.4907  0.5000
       9       3      13       3      13      19      13       1      13       0


  0.0000  0.0888  0.1656  0.1990  0.2051  0.3629  0.4907  0.5000
      13       3      13      19      13       1      13       0
 33   6   5  10
  0.0000  0.0088  0.1707  0.2051  0.5000
       9      13      19      13       0
  0.0000  0.0297  0.0877  0.0961  0.1506  0.1707  0.2051  0.3629  0.4907  0.5000
       9       3      13       3      13      19      13       1      13       0


 33   7   6  10
  0.0000  0.1707  0.2051  0.3804  0.4907  0.5000
      13      19      13       1      13       0
  0.0000  0.0297  0.0444  0.0961  0.1565  0.1707  0.2243  0.3629  0.4907  0.5000
       9       3      13       3      13      19      13       1      13       0


 33   8  10   6
  0.0000  0.0297  0.0444  0.0961  0.1565  0.1707  0.2243  0.3804  0.4907  0.5000
       9       3      13       3      13      19      13       1      13       0


  0.0000  0.0888  0.1210  0.1707  0.2051  0.5000
      13       3      13      19      13       0
 33   9  10   9
  0.0000  0.0961  0.1565  0.1707  0.2243  0.3804  0.4270  0.4778  0.4907  0.5000
      13       3      13      19      13       1      19       1      13       0


  0.0000  0.0113  0.0961  0.1565  0.1707  0.2243  0.3804  0.4907  0.5000
       9      13       3      13      19      13       1      13       0
 33  10  10   9
  0.0000  0.0297  0.0401  0.0961  0.1565  0.1707  0.2243  0.3804  0.4907  0.5000
       9       3      13       3      13      19      13       1      13       0


  0.0000  0.0113  0.0961  0.1565  0.1707  0.2243  0.3804  0.4907  0.5000
       9      13       3      13      19      13       1      13       0
 34   1  10  10
  0.0000  0.0297  0.0444  0.0961  0.1565  0.1707  0.2243  0.4695  0.4907  0.5000
       9       3      13       3      13      19      13       1      13       0


  0.0000  0.0297  0.0444  0.0961  0.1565  0.1707  0.2243  0.3629  0.4907  0.5000
       9       3      13       3      13      19      13       1      13       0


 34   2   9  11
  0.0000  0.0113  0.0961  0.1565  0.1707  0.2243  0.3804  0.4907  0.5000
       9      13       3      13      19      13       1      13       0
  0.0000  0.0237  0.0961  0.1565  0.1707  0.2243  0.3804  0.4270  0.4778  0.4907
       9      13       3      13      19      13       1      19       1      13
  0.5000
       0
 34   3   6  10
  0.0000  0.1707  0.2051  0.3629  0.4907  0.5000
      13      19      13       1      13       0
  0.0000  0.0961  0.1565  0.1707  0.2243  0.3804  0.4270  0.4778  0.4907  0.5000
      13       3      13      19      13       1      19       1      13       0


 34   4   8  10
  0.0000  0.0888  0.1656  0.1990  0.2051  0.3629  0.4907  0.5000
      13       3      13      19      13       1      13       0
  0.0000  0.0961  0.1565  0.1707  0.2243  0.3804  0.4270  0.4778  0.4907  0.5000
      13       3      13      19      13       1      19       1      13       0


 34   5  10   9
  0.0000  0.0297  0.0444  0.0961  0.1565  0.1707  0.2243  0.3804  0.4907  0.5000
       9       3      13       3      13      19      13       1      13       0


  0.0000  0.0113  0.0961  0.1565  0.1707  0.2243  0.3804  0.4907  0.5000
       9      13       3      13      19      13       1      13       0
 34   6   7  11
  0.0000  0.0088  0.1707  0.2051  0.3629  0.4515  0.5000
       9      13      19      13       1      13       0
  0.0000  0.0237  0.0961  0.1565  0.1707  0.2243  0.3804  0.4270  0.4778  0.4907
       9      13       3      13      19      13       1      19       1      13
  0.5000
       0
 34   7   8  11
  0.0000  0.0297  0.0877  0.0961  0.1506  0.1707  0.2051  0.5000
       9       3      13       3      13      19      13       0
  0.0000  0.0237  0.0961  0.1565  0.1707  0.2243  0.3804  0.4270  0.4778  0.4907
       9      13       3      13      19      13       1      19       1      13
  0.5000
       0
 34   8   5   6
  0.0000  0.0088  0.1707  0.2051  0.5000
       9      13      19      13       0
  0.0000  0.1707  0.2243  0.3629  0.4907  0.5000
      13      19      13       1      13       0
 34   9  10  10
  0.0000  0.0961  0.1565  0.1707  0.2243  0.3804  0.4270  0.4778  0.4907  0.5000
      13       3      13      19      13       1      19       1      13       0


  0.0000  0.0961  0.1565  0.1707  0.2243  0.3804  0.4270  0.4778  0.4907  0.5000
      13       3      13      19      13       1      19       1      13       0


 34  10   8   8
  0.0000  0.0297  0.0877  0.0961  0.1506  0.1707  0.2051  0.5000
       9       3      13       3      13      19      13       0
  0.0000  0.0888  0.1656  0.1990  0.2051  0.3629  0.4907  0.5000
      13       3      13      19      13       1      13       0
 35   1   8  10
  0.0000  0.1707  0.2051  0.3804  0.4270  0.4778  0.4907  0.5000
      13      19      13       1      19       1      13       0
  0.0000  0.0961  0.1565  0.1707  0.2243  0.3804  0.4270  0.4778  0.4907  0.5000
      13       3      13      19      13       1      19       1      13       0


 35   2  10  12
  0.0000  0.0961  0.1565  0.1707  0.2243  0.3804  0.4270  0.4778  0.4907  0.5000
      13       3      13      19      13       1      19       1      13       0


  0.0000  0.0297  0.0444  0.0961  0.1565  0.1707  0.2243  0.3629  0.3864  0.4695
       9       3      13       3      13      19      13       1      13       1
  0.4907  0.5000
      13       0
 35   3  11  10
  0.0000  0.0237  0.0961  0.1565  0.1707  0.2243  0.3804  0.4270  0.4778  0.4907
       9      13       3      13      19      13       1      19       1      13
  0.5000
       0
  0.0000  0.0961  0.1565  0.1707  0.2243  0.3804  0.4270  0.4778  0.4907  0.5000
      13       3      13      19      13       1      19       1      13       0


 35   4   8  10
  0.0000  0.0888  0.1656  0.1990  0.2051  0.3629  0.4907  0.5000
      13       3      13      19      13       1      13       0
  0.0000  0.0961  0.1565  0.1707  0.2243  0.3804  0.4270  0.4500  0.4907  0.5000
      13       3      13      19      13       1      19       1      13       0


 35   5  10   7
  0.0000  0.0297  0.0444  0.0961  0.1565  0.1707  0.2243  0.4695  0.4907  0.5000
       9       3      13       3      13      19      13       1      13       0


  0.0000  0.0088  0.1707  0.2051  0.3629  0.4515  0.5000
       9      13      19      13       1      13       0
 35   6   4   8
  0.0000  0.1707  0.2051  0.5000
      13      19      13       0
  0.0000  0.0888  0.1656  0.1990  0.2051  0.3629  0.4907  0.5000
      13       3      13      19      13       1      13       0
 35   7  10   9
  0.0000  0.0297  0.0444  0.0961  0.1565  0.1707  0.2243  0.4695  0.4907  0.5000
       9       3      13       3      13      19      13       1      13       0


  0.0000  0.0088  0.1707  0.2051  0.3804  0.4270  0.4778  0.4907  0.5000
       9      13      19      13       1      19       1      13       0
 35   8  10   6
  0.0000  0.0961  0.1565  0.1707  0.2243  0.3804  0.4270  0.4778  0.4907  0.5000
      13       3      13      19      13       1      19       1      13       0


  0.0000  0.1707  0.2051  0.3629  0.4907  0.5000
      13      19      13       1      13       0
 35   9  10   7
  0.0000  0.0961  0.1565  0.1707  0.2243  0.3804  0.4270  0.4778  0.4907  0.5000
      13       3      13      19      13       1      19       1      13       0


  0.0000  0.0088  0.1707  0.2051  0.3629  0.4515  0.5000
       9      13      19      13       1      13       0
 35  10   8  11
  0.0000  0.0888  0.1656  0.1990  0.2051  0.3629  0.4907  0.5000
      13       3      13      19      13       1      13       0
  0.0000  0.0113  0.0961  0.1565  0.1707  0.2243  0.3804  0.4270  0.4778  0.4907
       9      13       3      13      19      13       1      19       1      13
  0.5000
       0
 36   1   6   9
  0.0000  0.1707  0.2051  0.3629  0.4907  0.5000
      13      19      13       1      13       0
  0.0000  0.0088  0.1707  0.2051  0.3629  0.4270  0.4778  0.4907  0.5000
       9      13      19      13       1      19       1      13       0
 36   2   8   6
  0.0000  0.0888  0.1656  0.1990  0.2051  0.3629  0.4907  0.5000
      13       3      13      19      13       1      13       0
  0.0000  0.0888  0.1656  0.1990  0.2051  0.5000
      13       3      13      19      13       0
 36   3  11  10
  0.0000  0.0113  0.0961  0.1565  0.1707  0.2243  0.3804  0.4270  0.4778  0.4907
       9      13       3      13      19      13       1      19       1      13
  0.5000
       0
  0.0000  0.0961  0.1565  0.1707  0.2243  0.3804  0.4270  0.4778  0.4907  0.5000
      13       3      13      19      13       1      19       1      13       0


 36   4  10  10
  0.0000  0.0297  0.0444  0.0961  0.1565  0.1707  0.2243  0.4695  0.4907  0.5000
       9       3      13       3      13      19      13       1      13       0


  0.0000  0.0297  0.0444  0.0961  0.1565  0.1707  0.2243  0.4695  0.4863  0.5000
       9       3      13       3      13      19      13       1      13       0


 36   5   9  10
  0.0000  0.0088  0.1707  0.2051  0.3804  0.4270  0.4778  0.4907  0.5000
       9      13      19      13       1      19       1      13       0
  0.0000  0.0961  0.1565  0.1707  0.2243  0.3804  0.4270  0.4778  0.4907  0.5000
      13       3      13      19      13       1      19       1      13       0


 36   6   8  10
  0.0000  0.0961  0.1524  0.1707  0.2051  0.3629  0.4515  0.5000
      13       3      13      19      13       1      13       0
  0.0000  0.0961  0.1565  0.1707  0.2243  0.3804  0.4270  0.4778  0.4907  0.5000
      13       3      13      19      13       1      19       1      13       0


 36   7   8  10
  0.0000  0.0961  0.1656  0.1990  0.2051  0.3629  0.4907  0.5000
      13       3      13      19      13       1      13       0
  0.0000  0.0961  0.1565  0.1707  0.2243  0.3804  0.4270  0.4500  0.4907  0.5000
      13       3      13      19      13       1      19       1      13       0


 36   8  10  10
  0.0000  0.0961  0.1565  0.1707  0.2243  0.3804  0.4270  0.4778  0.4907  0.5000
      13       3      13      19      13       1      19       1      13       0


  0.0000  0.0961  0.1565  0.1707  0.2243  0.3804  0.4270  0.4778  0.4907  0.5000
      13       3      13      19      13       1      19       1      13       0


 36   9  11  10
  0.0000  0.0088  0.0961  0.1565  0.1707  0.2243  0.3804  0.4270  0.4778  0.4907
       9      13       3      13      19      13       1      19       1      13
  0.5000
       0
  0.0000  0.0888  0.1275  0.1544  0.1656  0.1990  0.2051  0.3629  0.4907  0.5000
      13       3      13       3      13      19      13       1      13       0


 36  10   8  10
  0.0000  0.0961  0.1565  0.1707  0.2243  0.3629  0.4907  0.5000
      13       3      13      19      13       1      13       0
  0.0000  0.0961  0.1565  0.1707  0.2243  0.3804  0.4270  0.4500  0.4907  0.5000
      13       3      13      19      13       1      19       1      13       0


 37   1  10   8
  0.0000  0.0297  0.0444  0.0961  0.1565  0.1707  0.2243  0.4695  0.4907  0.5000
       9       3      13       3      13      19      13       1      13       0


  0.0000  0.0888  0.1656  0.1990  0.2051  0.4629  0.4907  0.5000
      13       3      13      19      13       1      13       0
 37   2  10   6
  0.0000  0.0961  0.1565  0.1707  0.2243  0.3804  0.4270  0.4778  0.4907  0.5000
      13       3      13      19      13       1      19       1      13       0


  0.0000  0.1707  0.2051  0.3629  0.4907  0.5000
      13      19      13       1      13       0
 37   3  10  10
  0.0000  0.0961  0.1565  0.1707  0.2243  0.3804  0.4270  0.4778  0.4907  0.5000
      13       3      13      19      13       1      19       1      13       0


  0.0000  0.0961  0.1565  0.1707  0.2243  0.3804  0.4270  0.4778  0.4907  0.5000
      13       3      13      19      13       1      19       1      13       0


 37   4  10  10
  0.0000  0.0888  0.1275  0.1544  0.1656  0.1990  0.2051  0.3629  0.4907  0.5000
      13       3      13       3      13      19      13       1      13       0


  0.0000  0.0961  0.1565  0.1707  0.2243  0.3804  0.4270  0.4778  0.4907  0.5000
      13       3      13      19      13       1      19       1      13       0


 37   5  10   9
  0.0000  0.0961  0.1565  0.1707  0.2243  0.3804  0.4270  0.4778  0.4907  0.5000
      13       3      13      19      13       1      19       1      13       0


  0.0000  0.0088  0.1707  0.2051  0.3804  0.4270  0.4778  0.4907  0.5000
       9      13      19      13       1      19       1      13       0
 37   6   8   9
  0.0000  0.0961  0.1524  0.1707  0.2051  0.3629  0.4515  0.5000
      13       3      13      19      13       1      13       0
  0.0000  0.0088  0.1707  0.2051  0.3629  0.4270  0.4778  0.4907  0.5000
       9      13      19      13       1      19       1      13       0
 37   7  10   9
  0.0000  0.0961  0.1565  0.1707  0.2243  0.3804  0.4270  0.4778  0.4907  0.5000
      13       3      13      19      13       1      19       1      13       0


  0.0000  0.0088  0.1707  0.2051  0.3629  0.4270  0.4778  0.4907  0.5000
       9      13      19      13       1      19       1      13       0
 37   8  10  10
  0.0000  0.0961  0.1565  0.1707  0.2243  0.3804  0.4270  0.4778  0.4907  0.5000
      13       3      13      19      13       1      19       1      13       0


  0.0000  0.0297  0.0444  0.0961  0.1565  0.1707  0.2243  0.4695  0.4863  0.5000
       9       3      13       3      13      19      13       1      13       0


 37   9   8  11
  0.0000  0.0961  0.1656  0.1990  0.2051  0.3629  0.4907  0.5000
      13       3      13      19      13       1      13       0
  0.0000  0.0113  0.0961  0.1565  0.1707  0.2243  0.3804  0.4270  0.4778  0.4907
       9      13       3      13      19      13       1      19       1      13
  0.5000
       0
 37  10  10   8
  0.0000  0.0297  0.0444  0.0961  0.1565  0.1707  0.2243  0.4695  0.4863  0.5000
       9       3      13       3      13      19      13       1      13       0


  0.0000  0.0961  0.1656  0.1990  0.2051  0.3629  0.4907  0.5000
      13       3      13      19      13       1      13       0
 38   1  10  10
  0.0000  0.0961  0.1565  0.1707  0.2243  0.3804  0.4270  0.4778  0.4907  0.5000
      13       3      13      19      13       1      19       1      13       0


  0.0000  0.0961  0.1565  0.1707  0.2243  0.3804  0.4270  0.4778  0.4907  0.5000
      13       3      13      19      13       1      19       1      13       0


 38   2  10  10
  0.0000  0.0961  0.1565  0.1707  0.2243  0.3804  0.4270  0.4778  0.4907  0.5000
      13       3      13      19      13       1      19       1      13       0


  0.0000  0.0961  0.1565  0.1707  0.2243  0.3804  0.4270  0.4778  0.4907  0.5000
      13       3      13      19      13       1      19       1      13       0


 38   3  10  10
  0.0000  0.0297  0.0444  0.0961  0.1656  0.1990  0.2051  0.3629  0.4907  0.5000
       9       3      13       3      13      19      13       1      13       0


  0.0000  0.0961  0.1565  0.1707  0.2243  0.3804  0.4270  0.4778  0.4907  0.5000
      13       3      13      19      13       1      19       1      13       0


 38   4   9   9
  0.0000  0.0088  0.1707  0.2051  0.3804  0.4270  0.4778  0.4907  0.5000
       9      13      19      13       1      19       1      13       0
  0.0000  0.0088  0.1707  0.2051  0.3804  0.4270  0.4778  0.4907  0.5000
       9      13      19      13       1      19       1      13       0
 38   5   9   9
  0.0000  0.0208  0.0961  0.1656  0.1990  0.2051  0.3629  0.4907  0.5000
       9      13       3      13      19      13       1      13       0
  0.0000  0.0088  0.1707  0.2051  0.3804  0.4270  0.4778  0.4907  0.5000
       9      13      19      13       1      19       1      13       0
 38   6  10  12
  0.0000  0.0297  0.0444  0.0961  0.1565  0.1707  0.2243  0.4695  0.4863  0.5000
       9       3      13       3      13      19      13       1      13       0


  0.0000  0.0297  0.0444  0.0961  0.1565  0.1707  0.2243  0.3804  0.4270  0.4778
       9       3      13       3      13      19      13       1      19       1
  0.4907  0.5000
      13       0
 38   7  12  10
  0.0000  0.0297  0.0444  0.0961  0.1565  0.1707  0.2243  0.3804  0.4270  0.4778
       9       3      13       3      13      19      13       1      19       1
  0.4907  0.5000
      13       0
  0.0000  0.0888  0.1275  0.1544  0.1656  0.1990  0.2051  0.3629  0.4907  0.5000
      13       3      13       3      13      19      13       1      13       0


 38   8  13   9
  0.0000  0.0297  0.0444  0.0961  0.1565  0.1707  0.2243  0.3804  0.4270  0.4362
       9       3      13       3      13      19      13       1      19      13
  0.4695  0.4863  0.5000
       1      13       0
  0.0000  0.0113  0.0961  0.1656  0.1990  0.2051  0.3629  0.4907  0.5000
       9      13       3      13      19      13       1      13       0
 38   9   9   8
  0.0000  0.0113  0.0961  0.1656  0.1990  0.2051  0.3629  0.4907  0.5000
       9      13       3      13      19      13       1      13       0
  0.0000  0.0961  0.1524  0.1707  0.2051  0.3629  0.4515  0.5000
      13       3      13      19      13       1      13       0
 38  10   9  11
  0.0000  0.0088  0.1707  0.2051  0.3629  0.4270  0.4778  0.4907  0.5000
       9      13      19      13       1      19       1      13       0
  0.0000  0.0100  0.0297  0.0444  0.0961  0.1565  0.1707  0.2243  0.4695  0.4863
      13       9       3      13       3      13      19      13       1      13
  0.5000
       0
 39   1   9   7
  0.0000  0.0088  0.1707  0.2051  0.3629  0.4270  0.4778  0.4907  0.5000
       9      13      19      13       1      19       1      13       0
  0.0000  0.0088  0.1707  0.2051  0.3804  0.4907  0.5000
       9      13      19      13       1      13       0
 39   2  10  11
  0.0000  0.0961  0.1565  0.1707  0.2243  0.3804  0.4270  0.4778  0.4907  0.5000
      13       3      13      19      13       1      19       1      13       0


  0.0000  0.0297  0.0444  0.0961  0.1565  0.1707  0.2243  0.4397  0.4778  0.4907
       9       3      13       3      13      19      13      19       1      13
  0.5000
       0
 39   3   8   9
  0.0000  0.0961  0.1656  0.1990  0.2051  0.3629  0.4907  0.5000
      13       3      13      19      13       1      13       0
  0.0000  0.0088  0.1707  0.2051  0.3804  0.4270  0.4778  0.4907  0.5000
       9      13      19      13       1      19       1      13       0
 39   4  10  10
  0.0000  0.0961  0.1565  0.1707  0.2243  0.3804  0.4270  0.4778  0.4907  0.5000
      13       3      13      19      13       1      19       1      13       0


  0.0000  0.0297  0.0444  0.0961  0.1656  0.1990  0.2051  0.3629  0.4907  0.5000
       9       3      13       3      13      19      13       1      13       0


 39   5  11   8
  0.0000  0.0100  0.0297  0.0444  0.0961  0.1565  0.1707  0.2243  0.4695  0.4863
      13       9       3      13       3      13      19      13       1      13
  0.5000
       0
  0.0000  0.0961  0.1524  0.1707  0.2051  0.3629  0.4515  0.5000
      13       3      13      19      13       1      13       0
 39   6  12   9
  0.0000  0.0113  0.0961  0.1565  0.1707  0.2243  0.3804  0.4270  0.4362  0.4695
       9      13       3      13      19      13       1      19      13       1
  0.4863  0.5000
      13       0
  0.0000  0.0088  0.1707  0.2051  0.3804  0.4270  0.4778  0.4907  0.5000
       9      13      19      13       1      19       1      13       0
 39   7  10  10
  0.0000  0.0961  0.1565  0.1707  0.2243  0.3804  0.4270  0.4778  0.4907  0.5000
      13       3      13      19      13       1      19       1      13       0


  0.0000  0.0961  0.1565  0.1707  0.2243  0.3804  0.4270  0.4778  0.4907  0.5000
      13       3      13      19      13       1      19       1      13       0


 39   8   9  10
  0.0000  0.0088  0.1707  0.2051  0.3804  0.4270  0.4778  0.4907  0.5000
       9      13      19      13       1      19       1      13       0
  0.0000  0.0961  0.1565  0.1707  0.2243  0.3804  0.4270  0.4778  0.4907  0.5000
      13       3      13      19      13       1      19       1      13       0


 39   9  12   9
  0.0000  0.0297  0.0444  0.0961  0.1565  0.1707  0.2243  0.3804  0.4270  0.4778
       9       3      13       3      13      19      13       1      19       1
  0.4907  0.5000
      13       0
  0.0000  0.0088  0.1707  0.2051  0.3804  0.4270  0.4778  0.4907  0.5000
       9      13      19      13       1      19       1      13       0
 39  10   9  10
  0.0000  0.0088  0.1707  0.2051  0.3804  0.4270  0.4778  0.4907  0.5000
       9      13      19      13       1      19       1      13       0
  0.0000  0.0100  0.0150  0.1707  0.2051  0.3629  0.4270  0.4778  0.4907  0.5000
      13       9      13      19      13       1      19       1      13       0


 40   1  11  10
  0.0000  0.0100  0.0297  0.0444  0.0961  0.1565  0.1707  0.2243  0.4695  0.4863
      13       9       3      13       3      13      19      13       1      13
  0.5000
       0
  0.0000  0.0100  0.0150  0.1707  0.2051  0.3629  0.4270  0.4778  0.4907  0.5000
      13       9      13      19      13       1      19       1      13       0


 40   2  10  10
  0.0000  0.0961  0.1565  0.1707  0.2243  0.3804  0.4270  0.4778  0.4907  0.5000
      13       3      13      19      13       1      19       1      13       0


  0.0000  0.0100  0.0150  0.1707  0.2051  0.3629  0.4270  0.4778  0.4907  0.5000
      13       9      13      19      13       1      19       1      13       0


 40   3   9  10
  0.0000  0.0088  0.1707  0.2051  0.3804  0.4270  0.4778  0.4907  0.5000
       9      13      19      13       1      19       1      13       0
  0.0000  0.0961  0.1565  0.1707  0.2243  0.3804  0.4270  0.4778  0.4907  0.5000
      13       3      13      19      13       1      19       1      13       0


 40   4  12  10
  0.0000  0.0297  0.0444  0.0961  0.1565  0.1707  0.2240  0.3804  0.4270  0.4778
       9       3      13       3      13      19      13       1      19       1
  0.4907  0.5000
      13       0
  0.0000  0.0961  0.1565  0.1707  0.2243  0.3804  0.4270  0.4778  0.4907  0.5000
      13       3      13      19      13       1      19       1      13       0


 40   5  12   9
  0.0000  0.0113  0.0961  0.1565  0.1707  0.2243  0.3804  0.4270  0.4362  0.4695
       9      13       3      13      19      13       1      19      13       1
  0.4863  0.5000
      13       0
  0.0000  0.0088  0.1707  0.2051  0.3804  0.4270  0.4778  0.4907  0.5000
       9      13      19      13       1      19       1      13       0
 40   6  11  10
  0.0000  0.0088  0.0961  0.1565  0.1707  0.2243  0.3804  0.4270  0.4778  0.4907
       9      13       3      13      19      13       1      19       1      13
  0.5000
       0
  0.0000  0.0961  0.1565  0.1707  0.2243  0.3804  0.4270  0.4778  0.4907  0.5000
      13       3      13      19      13       1      19       1      13       0


 40   7  10  12
  0.0000  0.0100  0.0150  0.1707  0.2051  0.3629  0.4270  0.4778  0.4907  0.5000
      13       9      13      19      13       1      19       1      13       0


  0.0000  0.0297  0.0444  0.0961  0.1656  0.1819  0.2243  0.3804  0.4270  0.4778
       9       3      13       3      13      19      13       1      19       1
  0.4907  0.5000
      13       0
 40   8  10   9
  0.0000  0.0961  0.1565  0.1707  0.2243  0.3804  0.4270  0.4778  0.4907  0.5000
      13       3      13      19      13       1      19       1      13       0


  0.0000  0.0088  0.1707  0.2051  0.3804  0.4720  0.4778  0.4907  0.5000
       9      13      19      13       1      19       1      13       0
 40   9  10  12
  0.0000  0.0961  0.1565  0.1707  0.2243  0.3804  0.4270  0.4778  0.4907  0.5000
      13       3      13      19      13       1      19       1      13       0


  0.0000  0.0113  0.0961  0.1565  0.1707  0.2243  0.3804  0.4270  0.4362  0.4695
       9      13       3      13      19      13       1      19      13       1
  0.4863  0.5000
      13       0
 40  10  12   9
  0.0000  0.0297  0.0444  0.0961  0.1565  0.1707  0.2243  0.3804  0.4270  0.4778
       9       3      13       3      13      19      13       1      19       1
  0.4907  0.5000
      13       0
  0.0000  0.0088  0.1707  0.2051  0.3804  0.4270  0.4778  0.4907  0.5000
       9      13      19      13       1      19       1      13       0
