
 ... generation ...    0
   1   0   0   2   2   2   2
 -0.5000  0.5000
       1    ****
  0.0000  0.0000  0.0000  0.0000  0.0000  0.0000  0.0000  0.0000  0.0000  0.0000  0.0000  0.0000  0.0000  0.0000  0.0000
 -0.5000  0.5000
       2    ****
  0.0000  0.0000  0.0000  0.0000  0.0000  0.0000  0.0000  0.0000  0.0000  0.0000  0.0000  0.0000  0.0000  0.0000  0.0000
 -0.5000  0.5000
       0    ****
  0.0000  0.0000  0.0000  0.0000  0.0000  0.0000  0.0000  0.0000  0.0000  0.0000  0.0000  0.0000  0.0000  0.0000  0.0000
 -0.5000  0.5000
       0    ****
  0.0000  0.0000  0.0000  0.0000  0.0000  0.0000  0.0000  0.0000  0.0000  0.0000  0.0000  0.0000  0.0000  0.0000  0.0000
   2   0   0   2   2   2   2
 -0.5000  0.5000
       3    ****
  0.0000  0.0000  0.0000  0.0000  0.0000  0.0000  0.0000  0.0000  0.0000  0.0000  0.0000  0.0000  0.0000  0.0000  0.0000
 -0.5000  0.5000
       4    ****
  0.9930  0.0000 -0.1114 -0.0000  0.0333  0.0000 -0.0154 -0.0000  0.0088  0.0000 -0.0057 -0.0000  0.0039 -0.0000 -0.0029
 -0.5000  0.5000
       0    ****
  0.0000  0.0000  0.0000  0.0000  0.0000  0.0000  0.0000  0.0000  0.0000  0.0000  0.0000  0.0000  0.0000  0.0000  0.0000
 -0.5000  0.5000
       0    ****
  0.0000  0.0000  0.0000  0.0000  0.0000  0.0000  0.0000  0.0000  0.0000  0.0000  0.0000  0.0000  0.0000  0.0000  0.0000
   3   0   0   2   2   2   2
 -0.5000  0.5000
       5    ****
  0.0000  0.0000  0.0000  0.0000  0.0000  0.0000  0.0000  0.0000  0.0000  0.0000  0.0000  0.0000  0.0000  0.0000  0.0000
 -0.5000  0.5000
       6    ****
  0.0000  0.0000  0.0000  0.0000  0.0000  0.0000  0.0000  0.0000  0.0000  0.0000  0.0000  0.0000  0.0000  0.0000  0.0000
 -0.5000  0.5000
       0    ****
  0.0000  0.0000  0.0000  0.0000  0.0000  0.0000  0.0000  0.0000  0.0000  0.0000  0.0000  0.0000  0.0000  0.0000  0.0000
 -0.5000  0.5000
       0    ****
  0.0000  0.0000  0.0000  0.0000  0.0000  0.0000  0.0000  0.0000  0.0000  0.0000  0.0000  0.0000  0.0000  0.0000  0.0000
   4   0   0   2   2   2   2
 -0.5000  0.5000
       7    ****
  0.0000  0.0000  0.0000  0.0000  0.0000  0.0000  0.0000  0.0000  0.0000  0.0000  0.0000  0.0000  0.0000  0.0000  0.0000
 -0.5000  0.5000
       8    ****
  0.0000  0.0000  0.0000  0.0000  0.0000  0.0000  0.0000  0.0000  0.0000  0.0000  0.0000  0.0000  0.0000  0.0000  0.0000
 -0.5000  0.5000
       0    ****
  0.0000  0.0000  0.0000  0.0000  0.0000  0.0000  0.0000  0.0000  0.0000  0.0000  0.0000  0.0000  0.0000  0.0000  0.0000
 -0.5000  0.5000
       0    ****
  0.0000  0.0000  0.0000  0.0000  0.0000  0.0000  0.0000  0.0000  0.0000  0.0000  0.0000  0.0000  0.0000  0.0000  0.0000
 ... pnet ... 
  0.1250  0.1250  0.1250  0.1250  0.1250  0.1250  0.1250  0.1250  0.1250  0.1250  0.1250  0.1250  0.1250  0.1250  0.1250
  0.1250  0.1250  0.1250  0.1250  0.1250  0.1250  0.1250  0.1250  0.1250  0.1250  0.1250  0.1250  0.1250  0.1250  0.1250
  0.1250  0.1250  0.1250  0.1250  0.1250  0.1250  0.1250  0.1250  0.1250  0.1250  0.1250  0.1250  0.1250  0.1250  0.1250
  0.1250  0.1250  0.1250  0.1250  0.1250  0.1250  0.1250  0.1250  0.1250  0.1250  0.1250  0.1250  0.1250  0.1250  0.1250
  0.1250  0.1250  0.1250  0.1250  0.1250  0.1250  0.1250  0.1250  0.1250  0.1250  0.1250  0.1250  0.1250  0.1250  0.1250
  0.1250  0.1250  0.1250  0.1250  0.1250  0.1250  0.1250  0.1250  0.1250  0.1250  0.1250  0.1250  0.1250  0.1250  0.1250
  0.1250  0.1250  0.1250  0.1250  0.1250  0.1250  0.1250  0.1250  0.1250  0.1250
 ... fnet ... 
  1.8898  0.9076 -0.3030 -0.7644 -0.0931  1.1917  2.0773  1.8624  0.7206 -0.4289 -0.6484  0.2679  1.6176  2.3378  1.8515
  0.5414 -0.5364 -0.4847  0.7080  2.1329  2.6654  1.8653  0.3567 -0.6349 -0.2495  1.2955  2.8309  3.1362  1.9278  0.1443
 -0.7404  0.1194  2.2071  3.9613  3.9642  2.1145 -0.1584 -0.8987  0.8394  4.0924  6.5119  6.0733  2.7909 -0.8708 -1.3745
  3.4991 12.8211 22.5694 27.7027 25.0482 15.2153  2.3275 -8.2607-12.8480-11.1373 -5.9099 -1.0155  0.9407 -0.2058 -2.6528
 -4.2131 -3.8220 -2.0160 -0.2472  0.3038 -0.4799 -1.7408 -2.4172 -2.0433 -1.0003 -0.1141  0.0160 -0.5698 -1.3066 -1.5941
 -1.2486 -0.5867 -0.1235 -0.1604 -0.5852 -1.0097 -1.0977 -0.8126 -0.4049 -0.1843 -0.2763 -0.5527 -0.7661 -0.7559 -0.5576
 -0.3436 -0.2673 -0.3479 -0.4811 -0.5464 -0.5062 -0.4175 -0.3602 -0.3605 -0.3807
 ... eave ... 
  0.1241  0.0000 -0.0139 -0.0000  0.0042  0.0000 -0.0019 -0.0000  0.0011  0.0000 -0.0007 -0.0000  0.0005 -0.0000 -0.0004
  0.0000  0.0003 -0.0000 -0.0002 -0.0000  0.0002 -0.0000 -0.0001  0.0000  0.0001 -0.0000 -0.0001  0.0000  0.0001 -0.0000

 ... generation ...    1
   1   4   4   2   4   2   2
 -0.5000  0.5000
       7    ****
  0.0000  0.0000  0.0000  0.0000  0.0000  0.0000  0.0000  0.0000  0.0000  0.0000  0.0000  0.0000  0.0000  0.0000  0.0000
 -0.5000 -0.3536  0.2460  0.5000
       7       8       7    ****
  0.0000  0.0000  0.0000  0.0000  0.0000  0.0000  0.0000  0.0000  0.0000  0.0000  0.0000  0.0000  0.0000  0.0000  0.0000
 -0.5000  0.5000
       0    ****
  0.0000  0.0000  0.0000  0.0000  0.0000  0.0000  0.0000  0.0000  0.0000  0.0000  0.0000  0.0000  0.0000  0.0000  0.0000
 -0.5000  0.5000
       0    ****
  0.0000  0.0000  0.0000  0.0000  0.0000  0.0000  0.0000  0.0000  0.0000  0.0000  0.0000  0.0000  0.0000  0.0000  0.0000
   2   2   1   2   3   2   2
 -0.5000  0.5000
       3    ****
  0.0000  0.0000  0.0000  0.0000  0.0000  0.0000  0.0000  0.0000  0.0000  0.0000  0.0000  0.0000  0.0000  0.0000  0.0000
 -0.5000 -0.2540  0.5000
       1       2    ****
  0.0000  0.0000  0.0000  0.0000  0.0000  0.0000  0.0000  0.0000  0.0000  0.0000  0.0000  0.0000  0.0000  0.0000  0.0000
 -0.5000  0.5000
      -1    ****
 -0.9930 -0.0000  0.1114  0.0000 -0.0333 -0.0000  0.0154  0.0000 -0.0088 -0.0000  0.0057  0.0000 -0.0039  0.0000  0.0029
 -0.5000  0.5000
       0    ****
  0.0000  0.0000  0.0000  0.0000  0.0000  0.0000  0.0000  0.0000  0.0000  0.0000  0.0000  0.0000  0.0000  0.0000  0.0000
   3   3   4   3   3   2   2
 -0.5000 -0.1898  0.5000
       6       5    ****
  0.0000  0.0000  0.0000  0.0000  0.0000  0.0000  0.0000  0.0000  0.0000  0.0000  0.0000  0.0000  0.0000  0.0000  0.0000
 -0.5000 -0.4717  0.5000
       7       8    ****
  0.0000  0.0000  0.0000  0.0000  0.0000  0.0000  0.0000  0.0000  0.0000  0.0000  0.0000  0.0000  0.0000  0.0000  0.0000
 -0.5000  0.5000
       0    ****
  0.0000  0.0000  0.0000  0.0000  0.0000  0.0000  0.0000  0.0000  0.0000  0.0000  0.0000  0.0000  0.0000  0.0000  0.0000
 -0.5000  0.5000
       0    ****
  0.0000  0.0000  0.0000  0.0000  0.0000  0.0000  0.0000  0.0000  0.0000  0.0000  0.0000  0.0000  0.0000  0.0000  0.0000
   4   4   1   6   2   2   2
 -0.5000 -0.1983 -0.1881  0.0299  0.2702  0.5000
       7       8       7       8       7    ****
  0.0000  0.0000  0.0000  0.0000  0.0000  0.0000  0.0000  0.0000  0.0000  0.0000  0.0000  0.0000  0.0000  0.0000  0.0000
 -0.5000  0.5000
       1    ****
  0.0000  0.0000  0.0000  0.0000  0.0000  0.0000  0.0000  0.0000  0.0000  0.0000  0.0000  0.0000  0.0000  0.0000  0.0000
 -0.5000  0.5000
       0    ****
  0.0000  0.0000  0.0000  0.0000  0.0000  0.0000  0.0000  0.0000  0.0000  0.0000  0.0000  0.0000  0.0000  0.0000  0.0000
 -0.5000  0.5000
       0    ****
  0.0000  0.0000  0.0000  0.0000  0.0000  0.0000  0.0000  0.0000  0.0000  0.0000  0.0000  0.0000  0.0000  0.0000  0.0000
 ... pnet ... 
  0.0000  0.0000  0.0000  0.0000  0.0000  0.0000  0.0000  0.0000  0.0000  0.0000  0.0000  0.0000  0.0000  0.0000  0.0000
  0.0000  0.0000  0.0000  0.0000  0.0000  0.0000  0.0000  0.0000  0.0000  0.0000  0.0000  0.0000  0.0000  0.0000  0.0000
  0.0000  0.0000  0.0000  0.0000  0.0000  0.0000  0.0000  0.0000  0.0000  0.0000  0.0000  0.0000  0.0000  0.0000  0.0000
  0.0000  0.0000  0.0000  0.0000  0.0000  0.0000  0.0000  0.0000  0.0000  0.0000  0.0000  0.0000  0.0000  0.0000  0.0000
  0.0000  0.0000  0.0000  0.0000  0.0000  0.0000  0.0000  0.0000  0.0000  0.0000  0.0000  0.0000  0.0000  0.0000  0.0000
  0.0000  0.0000  0.0000  0.0000  0.0000  0.0000  0.0000  0.0000  0.0000  0.0000  0.0000  0.0000  0.0000  0.0000  0.0000
  0.0000  0.0000  0.0000  0.0000  0.0000  0.0000  0.0000  0.0000  0.0000  0.0000
 ... fnet ... 
  1.8898  0.9076 -0.3030 -0.7644 -0.0931  1.1917  2.0773  1.8624  0.7206 -0.4289 -0.6484  0.2679  1.6176  2.3378  1.8515
  0.5414 -0.5364 -0.4847  0.7080  2.1329  2.6654  1.8653  0.3567 -0.6349 -0.2495  1.2955  2.8309  3.1362  1.9278  0.1443
 -0.7404  0.1194  2.2071  3.9613  3.9642  2.1145 -0.1584 -0.8987  0.8394  4.0924  6.5119  6.0733  2.7909 -0.8708 -1.3745
  3.4991 12.8211 22.5694 27.7027 25.0482 15.2153  2.3275 -8.2607-12.8480-11.1373 -5.9099 -1.0155  0.9407 -0.2058 -2.6528
 -4.2131 -3.8220 -2.0160 -0.2472  0.3038 -0.4799 -1.7408 -2.4172 -2.0433 -1.0003 -0.1141  0.0160 -0.5698 -1.3066 -1.5941
 -1.2486 -0.5867 -0.1235 -0.1604 -0.5852 -1.0097 -1.0977 -0.8126 -0.4049 -0.1843 -0.2763 -0.5527 -0.7661 -0.7559 -0.5576
 -0.3436 -0.2673 -0.3479 -0.4811 -0.5464 -0.5062 -0.4175 -0.3602 -0.3605 -0.3807
 ... eave ... 
  0.0000  0.0000  0.0000  0.0000  0.0000  0.0000  0.0000  0.0000  0.0000  0.0000  0.0000  0.0000  0.0000  0.0000  0.0000
  0.0000  0.0000  0.0000  0.0000  0.0000  0.0000  0.0000  0.0000  0.0000  0.0000  0.0000  0.0000  0.0000  0.0000  0.0000

 ... generation ...    2
   1   4   2   7   4   2   2
 -0.5000 -0.1983 -0.1881  0.0299  0.2702  0.2873  0.5000
       7       8       7       8       7       1    ****
  0.0000  0.0000  0.0000  0.0000  0.0000  0.0000  0.0000  0.0000  0.0000  0.0000  0.0000  0.0000  0.0000  0.0000  0.0000
 -0.5000 -0.2540  0.0696  0.5000
       1       2       3    ****
  0.0000  0.0000  0.0000  0.0000  0.0000  0.0000  0.0000  0.0000  0.0000  0.0000  0.0000  0.0000  0.0000  0.0000  0.0000
 -0.5000  0.5000
       0    ****
  0.0000  0.0000  0.0000  0.0000  0.0000  0.0000  0.0000  0.0000  0.0000  0.0000  0.0000  0.0000  0.0000  0.0000  0.0000
 -0.5000  0.5000
       0    ****
  0.0000  0.0000  0.0000  0.0000  0.0000  0.0000  0.0000  0.0000  0.0000  0.0000  0.0000  0.0000  0.0000  0.0000  0.0000
   2   3   1   4   4   2   2
 -0.5000 -0.4239  0.1956  0.5000
       6       8       5    ****
  0.0000  0.0000  0.0000  0.0000  0.0000  0.0000  0.0000  0.0000  0.0000  0.0000  0.0000  0.0000  0.0000  0.0000  0.0000
 -0.5000  0.0228  0.2460  0.5000
       7       8       7    ****
  0.0000  0.0000  0.0000  0.0000  0.0000  0.0000  0.0000  0.0000  0.0000  0.0000  0.0000  0.0000  0.0000  0.0000  0.0000
 -0.5000  0.5000
       0    ****
  0.0000  0.0000  0.0000  0.0000  0.0000  0.0000  0.0000  0.0000  0.0000  0.0000  0.0000  0.0000  0.0000  0.0000  0.0000
 -0.5000  0.5000
       0    ****
  0.0000  0.0000  0.0000  0.0000  0.0000  0.0000  0.0000  0.0000  0.0000  0.0000  0.0000  0.0000  0.0000  0.0000  0.0000
   3   2   1   3   2   2   2
 -0.5000 -0.2540  0.5000
       1       2    ****
  0.0000  0.0000  0.0000  0.0000  0.0000  0.0000  0.0000  0.0000  0.0000  0.0000  0.0000  0.0000  0.0000  0.0000  0.0000
 -0.5000  0.5000
       7    ****
  0.0000  0.0000  0.0000  0.0000  0.0000  0.0000  0.0000  0.0000  0.0000  0.0000  0.0000  0.0000  0.0000  0.0000  0.0000
 -0.5000  0.5000
       0    ****
  0.0000  0.0000  0.0000  0.0000  0.0000  0.0000  0.0000  0.0000  0.0000  0.0000  0.0000  0.0000  0.0000  0.0000  0.0000
 -0.5000  0.5000
       0    ****
  0.0000  0.0000  0.0000  0.0000  0.0000  0.0000  0.0000  0.0000  0.0000  0.0000  0.0000  0.0000  0.0000  0.0000  0.0000
   4   4   2   2   2   2   2
 -0.5000  0.5000
       1    ****
  0.0000  0.0000  0.0000  0.0000  0.0000  0.0000  0.0000  0.0000  0.0000  0.0000  0.0000  0.0000  0.0000  0.0000  0.0000
 -0.5000  0.5000
       3    ****
  0.0000  0.0000  0.0000  0.0000  0.0000  0.0000  0.0000  0.0000  0.0000  0.0000  0.0000  0.0000  0.0000  0.0000  0.0000
 -0.5000  0.5000
       0    ****
  0.0000  0.0000  0.0000  0.0000  0.0000  0.0000  0.0000  0.0000  0.0000  0.0000  0.0000  0.0000  0.0000  0.0000  0.0000
 -0.5000  0.5000
       0    ****
  0.0000  0.0000  0.0000  0.0000  0.0000  0.0000  0.0000  0.0000  0.0000  0.0000  0.0000  0.0000  0.0000  0.0000  0.0000
 ... pnet ... 
  0.0000  0.0000  0.0000  0.0000  0.0000  0.0000  0.0000  0.0000  0.0000  0.0000  0.0000  0.0000  0.0000  0.0000  0.0000
  0.0000  0.0000  0.0000  0.0000  0.0000  0.0000  0.0000  0.0000  0.0000  0.0000  0.0000  0.0000  0.0000  0.0000  0.0000
  0.0000  0.0000  0.0000  0.0000  0.0000  0.0000  0.0000  0.0000  0.0000  0.0000  0.0000  0.0000  0.0000  0.0000  0.0000
  0.0000  0.0000  0.0000  0.0000  0.0000  0.0000  0.0000  0.0000  0.0000  0.0000  0.0000  0.0000  0.0000  0.0000  0.0000
  0.0000  0.0000  0.0000  0.0000  0.0000  0.0000  0.0000  0.0000  0.0000  0.0000  0.0000  0.0000  0.0000  0.0000  0.0000
  0.0000  0.0000  0.0000  0.0000  0.0000  0.0000  0.0000  0.0000  0.0000  0.0000  0.0000  0.0000  0.0000  0.0000  0.0000
  0.0000  0.0000  0.0000  0.0000  0.0000  0.0000  0.0000  0.0000  0.0000  0.0000
 ... fnet ... 
  1.8898  0.9076 -0.3030 -0.7644 -0.0931  1.1917  2.0773  1.8624  0.7206 -0.4289 -0.6484  0.2679  1.6176  2.3378  1.8515
  0.5414 -0.5364 -0.4847  0.7080  2.1329  2.6654  1.8653  0.3567 -0.6349 -0.2495  1.2955  2.8309  3.1362  1.9278  0.1443
 -0.7404  0.1194  2.2071  3.9613  3.9642  2.1145 -0.1584 -0.8987  0.8394  4.0924  6.5119  6.0733  2.7909 -0.8708 -1.3745
  3.4991 12.8211 22.5694 27.7027 25.0482 15.2153  2.3275 -8.2607-12.8480-11.1373 -5.9099 -1.0155  0.9407 -0.2058 -2.6528
 -4.2131 -3.8220 -2.0160 -0.2472  0.3038 -0.4799 -1.7408 -2.4172 -2.0433 -1.0003 -0.1141  0.0160 -0.5698 -1.3066 -1.5941
 -1.2486 -0.5867 -0.1235 -0.1604 -0.5852 -1.0097 -1.0977 -0.8126 -0.4049 -0.1843 -0.2763 -0.5527 -0.7661 -0.7559 -0.5576
 -0.3436 -0.2673 -0.3479 -0.4811 -0.5464 -0.5062 -0.4175 -0.3602 -0.3605 -0.3807
 ... eave ... 
  0.0000  0.0000  0.0000  0.0000  0.0000  0.0000  0.0000  0.0000  0.0000  0.0000  0.0000  0.0000  0.0000  0.0000  0.0000
  0.0000  0.0000  0.0000  0.0000  0.0000  0.0000  0.0000  0.0000  0.0000  0.0000  0.0000  0.0000  0.0000  0.0000  0.0000

 ... generation ...    3
   1   2   3   6   4   2   2
 -0.5000 -0.4239 -0.3418  0.0228  0.2325  0.5000
       6       8       7       8       5    ****
  0.0000  0.0000  0.0000  0.0000  0.0000  0.0000  0.0000  0.0000  0.0000  0.0000  0.0000  0.0000  0.0000  0.0000  0.0000
 -0.5000  0.1890  0.4599  0.5000
       7       2       7    ****
  0.0000  0.0000  0.0000  0.0000  0.0000  0.0000  0.0000  0.0000  0.0000  0.0000  0.0000  0.0000  0.0000  0.0000  0.0000
 -0.5000  0.5000
       0    ****
  0.0000  0.0000  0.0000  0.0000  0.0000  0.0000  0.0000  0.0000  0.0000  0.0000  0.0000  0.0000  0.0000  0.0000  0.0000
 -0.5000  0.5000
       0    ****
  0.0000  0.0000  0.0000  0.0000  0.0000  0.0000  0.0000  0.0000  0.0000  0.0000  0.0000  0.0000  0.0000  0.0000  0.0000
   2   1   4   4   2   2   2
 -0.5000 -0.2540  0.0696  0.5000
       1       2       3    ****
  0.0000  0.0000  0.0000  0.0000  0.0000  0.0000  0.0000  0.0000  0.0000  0.0000  0.0000  0.0000  0.0000  0.0000  0.0000
 -0.5000  0.5000
       3    ****
  0.0000  0.0000  0.0000  0.0000  0.0000  0.0000  0.0000  0.0000  0.0000  0.0000  0.0000  0.0000  0.0000  0.0000  0.0000
 -0.5000  0.5000
       0    ****
  0.0000  0.0000  0.0000  0.0000  0.0000  0.0000  0.0000  0.0000  0.0000  0.0000  0.0000  0.0000  0.0000  0.0000  0.0000
 -0.5000  0.5000
       0    ****
  0.0000  0.0000  0.0000  0.0000  0.0000  0.0000  0.0000  0.0000  0.0000  0.0000  0.0000  0.0000  0.0000  0.0000  0.0000
   3   1   2   8   7   2   2
 -0.5000 -0.2955 -0.1983 -0.1881  0.0299  0.2702  0.2873  0.5000
       1       7       8       7       8       7       1    ****
  0.0000  0.0000  0.0000  0.0000  0.0000  0.0000  0.0000  0.0000  0.0000  0.0000  0.0000  0.0000  0.0000  0.0000  0.0000
 -0.5000 -0.4239 -0.1438  0.0228  0.2460  0.4787  0.5000
       6       8       7       8       7       5    ****
  0.0000  0.0000  0.0000  0.0000  0.0000  0.0000  0.0000  0.0000  0.0000  0.0000  0.0000  0.0000  0.0000  0.0000  0.0000
 -0.5000  0.5000
       0    ****
  0.0000  0.0000  0.0000  0.0000  0.0000  0.0000  0.0000  0.0000  0.0000  0.0000  0.0000  0.0000  0.0000  0.0000  0.0000
 -0.5000  0.5000
       0    ****
  0.0000  0.0000  0.0000  0.0000  0.0000  0.0000  0.0000  0.0000  0.0000  0.0000  0.0000  0.0000  0.0000  0.0000  0.0000
   4   3   4   3   3   2   2
 -0.5000 -0.1201  0.5000
       7       2    ****
  0.0000  0.0000  0.0000  0.0000  0.0000  0.0000  0.0000  0.0000  0.0000  0.0000  0.0000  0.0000  0.0000  0.0000  0.0000
 -0.5000  0.4979  0.5000
       3       1    ****
  0.0000  0.0000  0.0000  0.0000  0.0000  0.0000  0.0000  0.0000  0.0000  0.0000  0.0000  0.0000  0.0000  0.0000  0.0000
 -0.5000  0.5000
       0    ****
  0.0000  0.0000  0.0000  0.0000  0.0000  0.0000  0.0000  0.0000  0.0000  0.0000  0.0000  0.0000  0.0000  0.0000  0.0000
 -0.5000  0.5000
       0    ****
  0.0000  0.0000  0.0000  0.0000  0.0000  0.0000  0.0000  0.0000  0.0000  0.0000  0.0000  0.0000  0.0000  0.0000  0.0000
 ... pnet ... 
  0.0000  0.0000  0.0000  0.0000  0.0000  0.0000  0.0000  0.0000  0.0000  0.0000  0.0000  0.0000  0.0000  0.0000  0.0000
  0.0000  0.0000  0.0000  0.0000  0.0000  0.0000  0.0000  0.0000  0.0000  0.0000  0.0000  0.0000  0.0000  0.0000  0.0000
  0.0000  0.0000  0.0000  0.0000  0.0000  0.0000  0.0000  0.0000  0.0000  0.0000  0.0000  0.0000  0.0000  0.0000  0.0000
  0.0000  0.0000  0.0000  0.0000  0.0000  0.0000  0.0000  0.0000  0.0000  0.0000  0.0000  0.0000  0.0000  0.0000  0.0000
  0.0000  0.0000  0.0000  0.0000  0.0000  0.0000  0.0000  0.0000  0.0000  0.0000  0.0000  0.0000  0.0000  0.0000  0.0000
  0.0000  0.0000  0.0000  0.0000  0.0000  0.0000  0.0000  0.0000  0.0000  0.0000  0.0000  0.0000  0.0000  0.0000  0.0000
  0.0000  0.0000  0.0000  0.0000  0.0000  0.0000  0.0000  0.0000  0.0000  0.0000
 ... fnet ... 
  1.8898  0.9076 -0.3030 -0.7644 -0.0931  1.1917  2.0773  1.8624  0.7206 -0.4289 -0.6484  0.2679  1.6176  2.3378  1.8515
  0.5414 -0.5364 -0.4847  0.7080  2.1329  2.6654  1.8653  0.3567 -0.6349 -0.2495  1.2955  2.8309  3.1362  1.9278  0.1443
 -0.7404  0.1194  2.2071  3.9613  3.9642  2.1145 -0.1584 -0.8987  0.8394  4.0924  6.5119  6.0733  2.7909 -0.8708 -1.3745
  3.4991 12.8211 22.5694 27.7027 25.0482 15.2153  2.3275 -8.2607-12.8480-11.1373 -5.9099 -1.0155  0.9407 -0.2058 -2.6528
 -4.2131 -3.8220 -2.0160 -0.2472  0.3038 -0.4799 -1.7408 -2.4172 -2.0433 -1.0003 -0.1141  0.0160 -0.5698 -1.3066 -1.5941
 -1.2486 -0.5867 -0.1235 -0.1604 -0.5852 -1.0097 -1.0977 -0.8126 -0.4049 -0.1843 -0.2763 -0.5527 -0.7661 -0.7559 -0.5576
 -0.3436 -0.2673 -0.3479 -0.4811 -0.5464 -0.5062 -0.4175 -0.3602 -0.3605 -0.3807
 ... eave ... 
  0.0000  0.0000  0.0000  0.0000  0.0000  0.0000  0.0000  0.0000  0.0000  0.0000  0.0000  0.0000  0.0000  0.0000  0.0000
  0.0000  0.0000  0.0000  0.0000  0.0000  0.0000  0.0000  0.0000  0.0000  0.0000  0.0000  0.0000  0.0000  0.0000  0.0000

 ... generation ...    4
   1   3   2   7   4   2   2
 -0.5000 -0.4239 -0.1438  0.0228  0.2460  0.3368  0.5000
       6       8       7       8       7       1    ****
  0.0000  0.0000  0.0000  0.0000  0.0000  0.0000  0.0000  0.0000  0.0000  0.0000  0.0000  0.0000  0.0000  0.0000  0.0000
 -0.5000 -0.1486  0.0696  0.5000
       3       2       3    ****
  0.0000  0.0000  0.0000  0.0000  0.0000  0.0000  0.0000  0.0000  0.0000  0.0000  0.0000  0.0000  0.0000  0.0000  0.0000
 -0.5000  0.5000
       0    ****
  0.0000  0.0000  0.0000  0.0000  0.0000  0.0000  0.0000  0.0000  0.0000  0.0000  0.0000  0.0000  0.0000  0.0000  0.0000
 -0.5000  0.5000
       0    ****
  0.0000  0.0000  0.0000  0.0000  0.0000  0.0000  0.0000  0.0000  0.0000  0.0000  0.0000  0.0000  0.0000  0.0000  0.0000
   2   2   1   2   5   2   2
 -0.5000  0.5000
       3    ****
  0.0000  0.0000  0.0000  0.0000  0.0000  0.0000  0.0000  0.0000  0.0000  0.0000  0.0000  0.0000  0.0000  0.0000  0.0000
 -0.5000 -0.4916  0.1890  0.4599  0.5000
       6       7       2       7    ****
  0.0000  0.0000  0.0000  0.0000  0.0000  0.0000  0.0000  0.0000  0.0000  0.0000  0.0000  0.0000  0.0000  0.0000  0.0000
 -0.5000  0.5000
       0    ****
  0.0000  0.0000  0.0000  0.0000  0.0000  0.0000  0.0000  0.0000  0.0000  0.0000  0.0000  0.0000  0.0000  0.0000  0.0000
 -0.5000  0.5000
       0    ****
  0.0000  0.0000  0.0000  0.0000  0.0000  0.0000  0.0000  0.0000  0.0000  0.0000  0.0000  0.0000  0.0000  0.0000  0.0000
   3   2   1   4   6   2   2
 -0.5000 -0.0667  0.0696  0.5000
       3       2       3    ****
  0.0000  0.0000  0.0000  0.0000  0.0000  0.0000  0.0000  0.0000  0.0000  0.0000  0.0000  0.0000  0.0000  0.0000  0.0000
 -0.5000 -0.4239 -0.3418  0.0228  0.2325  0.5000
       6       8       7       8       5    ****
  0.0000  0.0000  0.0000  0.0000  0.0000  0.0000  0.0000  0.0000  0.0000  0.0000  0.0000  0.0000  0.0000  0.0000  0.0000
 -0.5000  0.5000
       0    ****
  0.0000  0.0000  0.0000  0.0000  0.0000  0.0000  0.0000  0.0000  0.0000  0.0000  0.0000  0.0000  0.0000  0.0000  0.0000
 -0.5000  0.5000
       0    ****
  0.0000  0.0000  0.0000  0.0000  0.0000  0.0000  0.0000  0.0000  0.0000  0.0000  0.0000  0.0000  0.0000  0.0000  0.0000
   4   2   2   4   4   2   2
 -0.5000 -0.2540  0.0696  0.5000
       1       2       3    ****
  0.0000  0.0000  0.0000  0.0000  0.0000  0.0000  0.0000  0.0000  0.0000  0.0000  0.0000  0.0000  0.0000  0.0000  0.0000
 -0.5000 -0.2540  0.0696  0.5000
       1       2       3    ****
  0.0000  0.0000  0.0000  0.0000  0.0000  0.0000  0.0000  0.0000  0.0000  0.0000  0.0000  0.0000  0.0000  0.0000  0.0000
 -0.5000  0.5000
       0    ****
  0.0000  0.0000  0.0000  0.0000  0.0000  0.0000  0.0000  0.0000  0.0000  0.0000  0.0000  0.0000  0.0000  0.0000  0.0000
 -0.5000  0.5000
       0    ****
  0.0000  0.0000  0.0000  0.0000  0.0000  0.0000  0.0000  0.0000  0.0000  0.0000  0.0000  0.0000  0.0000  0.0000  0.0000
 ... pnet ... 
  0.0000  0.0000  0.0000  0.0000  0.0000  0.0000  0.0000  0.0000  0.0000  0.0000  0.0000  0.0000  0.0000  0.0000  0.0000
  0.0000  0.0000  0.0000  0.0000  0.0000  0.0000  0.0000  0.0000  0.0000  0.0000  0.0000  0.0000  0.0000  0.0000  0.0000
  0.0000  0.0000  0.0000  0.0000  0.0000  0.0000  0.0000  0.0000  0.0000  0.0000  0.0000  0.0000  0.0000  0.0000  0.0000
  0.0000  0.0000  0.0000  0.0000  0.0000  0.0000  0.0000  0.0000  0.0000  0.0000  0.0000  0.0000  0.0000  0.0000  0.0000
  0.0000  0.0000  0.0000  0.0000  0.0000  0.0000  0.0000  0.0000  0.0000  0.0000  0.0000  0.0000  0.0000  0.0000  0.0000
  0.0000  0.0000  0.0000  0.0000  0.0000  0.0000  0.0000  0.0000  0.0000  0.0000  0.0000  0.0000  0.0000  0.0000  0.0000
  0.0000  0.0000  0.0000  0.0000  0.0000  0.0000  0.0000  0.0000  0.0000  0.0000
 ... fnet ... 
  1.8898  0.9076 -0.3030 -0.7644 -0.0931  1.1917  2.0773  1.8624  0.7206 -0.4289 -0.6484  0.2679  1.6176  2.3378  1.8515
  0.5414 -0.5364 -0.4847  0.7080  2.1329  2.6654  1.8653  0.3567 -0.6349 -0.2495  1.2955  2.8309  3.1362  1.9278  0.1443
 -0.7404  0.1194  2.2071  3.9613  3.9642  2.1145 -0.1584 -0.8987  0.8394  4.0924  6.5119  6.0733  2.7909 -0.8708 -1.3745
  3.4991 12.8211 22.5694 27.7027 25.0482 15.2153  2.3275 -8.2607-12.8480-11.1373 -5.9099 -1.0155  0.9407 -0.2058 -2.6528
 -4.2131 -3.8220 -2.0160 -0.2472  0.3038 -0.4799 -1.7408 -2.4172 -2.0433 -1.0003 -0.1141  0.0160 -0.5698 -1.3066 -1.5941
 -1.2486 -0.5867 -0.1235 -0.1604 -0.5852 -1.0097 -1.0977 -0.8126 -0.4049 -0.1843 -0.2763 -0.5527 -0.7661 -0.7559 -0.5576
 -0.3436 -0.2673 -0.3479 -0.4811 -0.5464 -0.5062 -0.4175 -0.3602 -0.3605 -0.3807
 ... eave ... 
  0.0000  0.0000  0.0000  0.0000  0.0000  0.0000  0.0000  0.0000  0.0000  0.0000  0.0000  0.0000  0.0000  0.0000  0.0000
  0.0000  0.0000  0.0000  0.0000  0.0000  0.0000  0.0000  0.0000  0.0000  0.0000  0.0000  0.0000  0.0000  0.0000  0.0000

 ... generation ...    5
   1   2   3   2   7   2   2
 -0.5000  0.5000
       3    ****
  0.0000  0.0000  0.0000  0.0000  0.0000  0.0000  0.0000  0.0000  0.0000  0.0000  0.0000  0.0000  0.0000  0.0000  0.0000
 -0.5000 -0.4239 -0.3418  0.0228  0.0266  0.0696  0.5000
       6       8       7       8       2       3    ****
  0.0000  0.0000  0.0000  0.0000  0.0000  0.0000  0.0000  0.0000  0.0000  0.0000  0.0000  0.0000  0.0000  0.0000  0.0000
 -0.5000  0.5000
       0    ****
  0.0000  0.0000  0.0000  0.0000  0.0000  0.0000  0.0000  0.0000  0.0000  0.0000  0.0000  0.0000  0.0000  0.0000  0.0000
 -0.5000  0.5000
       0    ****
  0.0000  0.0000  0.0000  0.0000  0.0000  0.0000  0.0000  0.0000  0.0000  0.0000  0.0000  0.0000  0.0000  0.0000  0.0000
   2   4   3   4   6   2   2
 -0.5000 -0.2540  0.0696  0.5000
       1       2       3    ****
  0.0000  0.0000  0.0000  0.0000  0.0000  0.0000  0.0000  0.0000  0.0000  0.0000  0.0000  0.0000  0.0000  0.0000  0.0000
 -0.5000 -0.4239 -0.3418  0.0228  0.1442  0.5000
       6       8       7       8       3    ****
  0.0000  0.0000  0.0000  0.0000  0.0000  0.0000  0.0000  0.0000  0.0000  0.0000  0.0000  0.0000  0.0000  0.0000  0.0000
 -0.5000  0.5000
       0    ****
  0.0000  0.0000  0.0000  0.0000  0.0000  0.0000  0.0000  0.0000  0.0000  0.0000  0.0000  0.0000  0.0000  0.0000  0.0000
 -0.5000  0.5000
       0    ****
  0.0000  0.0000  0.0000  0.0000  0.0000  0.0000  0.0000  0.0000  0.0000  0.0000  0.0000  0.0000  0.0000  0.0000  0.0000
   3   1   2   9   4   2   2
 -0.5000 -0.4239 -0.1438 -0.0153  0.0696  0.1048  0.2460  0.3368  0.5000
       6       8       7       2       3       8       7       1    ****
  0.0000  0.0000  0.0000  0.0000  0.0000  0.0000  0.0000  0.0000  0.0000  0.0000  0.0000  0.0000  0.0000  0.0000  0.0000
 -0.5000 -0.4916 -0.2460  0.5000
       6       7       3    ****
  0.0000  0.0000  0.0000  0.0000  0.0000  0.0000  0.0000  0.0000  0.0000  0.0000  0.0000  0.0000  0.0000  0.0000  0.0000
 -0.5000  0.5000
       0    ****
  0.0000  0.0000  0.0000  0.0000  0.0000  0.0000  0.0000  0.0000  0.0000  0.0000  0.0000  0.0000  0.0000  0.0000  0.0000
 -0.5000  0.5000
       0    ****
  0.0000  0.0000  0.0000  0.0000  0.0000  0.0000  0.0000  0.0000  0.0000  0.0000  0.0000  0.0000  0.0000  0.0000  0.0000
   4   1   4   7   4   2   2
 -0.5000 -0.4239 -0.1438  0.0228  0.2460  0.3368  0.5000
       6       8       7       8       7       1    ****
  0.0000  0.0000  0.0000  0.0000  0.0000  0.0000  0.0000  0.0000  0.0000  0.0000  0.0000  0.0000  0.0000  0.0000  0.0000
 -0.5000 -0.2540  0.0696  0.5000
       1       2       3    ****
  0.0000  0.0000  0.0000  0.0000  0.0000  0.0000  0.0000  0.0000  0.0000  0.0000  0.0000  0.0000  0.0000  0.0000  0.0000
 -0.5000  0.5000
       0    ****
  0.0000  0.0000  0.0000  0.0000  0.0000  0.0000  0.0000  0.0000  0.0000  0.0000  0.0000  0.0000  0.0000  0.0000  0.0000
 -0.5000  0.5000
       0    ****
  0.0000  0.0000  0.0000  0.0000  0.0000  0.0000  0.0000  0.0000  0.0000  0.0000  0.0000  0.0000  0.0000  0.0000  0.0000
 ... pnet ... 
  0.0000  0.0000  0.0000  0.0000  0.0000  0.0000  0.0000  0.0000  0.0000  0.0000  0.0000  0.0000  0.0000  0.0000  0.0000
  0.0000  0.0000  0.0000  0.0000  0.0000  0.0000  0.0000  0.0000  0.0000  0.0000  0.0000  0.0000  0.0000  0.0000  0.0000
  0.0000  0.0000  0.0000  0.0000  0.0000  0.0000  0.0000  0.0000  0.0000  0.0000  0.0000  0.0000  0.0000  0.0000  0.0000
  0.0000  0.0000  0.0000  0.0000  0.0000  0.0000  0.0000  0.0000  0.0000  0.0000  0.0000  0.0000  0.0000  0.0000  0.0000
  0.0000  0.0000  0.0000  0.0000  0.0000  0.0000  0.0000  0.0000  0.0000  0.0000  0.0000  0.0000  0.0000  0.0000  0.0000
  0.0000  0.0000  0.0000  0.0000  0.0000  0.0000  0.0000  0.0000  0.0000  0.0000  0.0000  0.0000  0.0000  0.0000  0.0000
  0.0000  0.0000  0.0000  0.0000  0.0000  0.0000  0.0000  0.0000  0.0000  0.0000
 ... fnet ... 
  1.8898  0.9076 -0.3030 -0.7644 -0.0931  1.1917  2.0773  1.8624  0.7206 -0.4289 -0.6484  0.2679  1.6176  2.3378  1.8515
  0.5414 -0.5364 -0.4847  0.7080  2.1329  2.6654  1.8653  0.3567 -0.6349 -0.2495  1.2955  2.8309  3.1362  1.9278  0.1443
 -0.7404  0.1194  2.2071  3.9613  3.9642  2.1145 -0.1584 -0.8987  0.8394  4.0924  6.5119  6.0733  2.7909 -0.8708 -1.3745
  3.4991 12.8211 22.5694 27.7027 25.0482 15.2153  2.3275 -8.2607-12.8480-11.1373 -5.9099 -1.0155  0.9407 -0.2058 -2.6528
 -4.2131 -3.8220 -2.0160 -0.2472  0.3038 -0.4799 -1.7408 -2.4172 -2.0433 -1.0003 -0.1141  0.0160 -0.5698 -1.3066 -1.5941
 -1.2486 -0.5867 -0.1235 -0.1604 -0.5852 -1.0097 -1.0977 -0.8126 -0.4049 -0.1843 -0.2763 -0.5527 -0.7661 -0.7559 -0.5576
 -0.3436 -0.2673 -0.3479 -0.4811 -0.5464 -0.5062 -0.4175 -0.3602 -0.3605 -0.3807
 ... eave ... 
  0.0000  0.0000  0.0000  0.0000  0.0000  0.0000  0.0000  0.0000  0.0000  0.0000  0.0000  0.0000  0.0000  0.0000  0.0000
  0.0000  0.0000  0.0000  0.0000  0.0000  0.0000  0.0000  0.0000  0.0000  0.0000  0.0000  0.0000  0.0000  0.0000  0.0000

 ... generation ...    6
   1   2   1   4   2   2   2
 -0.5000 -0.2540  0.0696  0.5000
       1       2       3    ****
  0.0000  0.0000  0.0000  0.0000  0.0000  0.0000  0.0000  0.0000  0.0000  0.0000  0.0000  0.0000  0.0000  0.0000  0.0000
 -0.5000  0.5000
       3    ****
  0.0000  0.0000  0.0000  0.0000  0.0000  0.0000  0.0000  0.0000  0.0000  0.0000  0.0000  0.0000  0.0000  0.0000  0.0000
 -0.5000  0.5000
       0    ****
  0.0000  0.0000  0.0000  0.0000  0.0000  0.0000  0.0000  0.0000  0.0000  0.0000  0.0000  0.0000  0.0000  0.0000  0.0000
 -0.5000  0.5000
       0    ****
  0.0000  0.0000  0.0000  0.0000  0.0000  0.0000  0.0000  0.0000  0.0000  0.0000  0.0000  0.0000  0.0000  0.0000  0.0000
   2   4   1   4   7   2   2
 -0.5000 -0.2540  0.0696  0.5000
       1       2       3    ****
  0.0000  0.0000  0.0000  0.0000  0.0000  0.0000  0.0000  0.0000  0.0000  0.0000  0.0000  0.0000  0.0000  0.0000  0.0000
 -0.5000 -0.4239 -0.3418  0.0228  0.0266  0.0696  0.5000
       6       8       7       8       2       3    ****
  0.0000  0.0000  0.0000  0.0000  0.0000  0.0000  0.0000  0.0000  0.0000  0.0000  0.0000  0.0000  0.0000  0.0000  0.0000
 -0.5000  0.5000
       0    ****
  0.0000  0.0000  0.0000  0.0000  0.0000  0.0000  0.0000  0.0000  0.0000  0.0000  0.0000  0.0000  0.0000  0.0000  0.0000
 -0.5000  0.5000
       0    ****
  0.0000  0.0000  0.0000  0.0000  0.0000  0.0000  0.0000  0.0000  0.0000  0.0000  0.0000  0.0000  0.0000  0.0000  0.0000
   3   1   3   7   6   2   2
 -0.5000 -0.4239 -0.3418  0.0228  0.0266  0.0696  0.5000
       6       8       7       8       2       3    ****
  0.0000  0.0000  0.0000  0.0000  0.0000  0.0000  0.0000  0.0000  0.0000  0.0000  0.0000  0.0000  0.0000  0.0000  0.0000
 -0.5000 -0.4916 -0.2460  0.2917  0.3368  0.5000
       6       7       3       7       1    ****
  0.0000  0.0000  0.0000  0.0000  0.0000  0.0000  0.0000  0.0000  0.0000  0.0000  0.0000  0.0000  0.0000  0.0000  0.0000
 -0.5000  0.5000
       0    ****
  0.0000  0.0000  0.0000  0.0000  0.0000  0.0000  0.0000  0.0000  0.0000  0.0000  0.0000  0.0000  0.0000  0.0000  0.0000
 -0.5000  0.5000
       0    ****
  0.0000  0.0000  0.0000  0.0000  0.0000  0.0000  0.0000  0.0000  0.0000  0.0000  0.0000  0.0000  0.0000  0.0000  0.0000
   4   2   2   6   8   2   2
 -0.5000 -0.4239 -0.3418 -0.2470  0.0696  0.5000
       6       8       7       2       3    ****
  0.0000  0.0000  0.0000  0.0000  0.0000  0.0000  0.0000  0.0000  0.0000  0.0000  0.0000  0.0000  0.0000  0.0000  0.0000
 -0.5000 -0.4239 -0.3418 -0.1833  0.0696  0.1219  0.1442  0.5000
       6       8       7       2       3       8       3    ****
  0.0000  0.0000  0.0000  0.0000  0.0000  0.0000  0.0000  0.0000  0.0000  0.0000  0.0000  0.0000  0.0000  0.0000  0.0000
 -0.5000  0.5000
       0    ****
  0.0000  0.0000  0.0000  0.0000  0.0000  0.0000  0.0000  0.0000  0.0000  0.0000  0.0000  0.0000  0.0000  0.0000  0.0000
 -0.5000  0.5000
       0    ****
  0.0000  0.0000  0.0000  0.0000  0.0000  0.0000  0.0000  0.0000  0.0000  0.0000  0.0000  0.0000  0.0000  0.0000  0.0000
 ... pnet ... 
  0.0000  0.0000  0.0000  0.0000  0.0000  0.0000  0.0000  0.0000  0.0000  0.0000  0.0000  0.0000  0.0000  0.0000  0.0000
  0.0000  0.0000  0.0000  0.0000  0.0000  0.0000  0.0000  0.0000  0.0000  0.0000  0.0000  0.0000  0.0000  0.0000  0.0000
  0.0000  0.0000  0.0000  0.0000  0.0000  0.0000  0.0000  0.0000  0.0000  0.0000  0.0000  0.0000  0.0000  0.0000  0.0000
  0.0000  0.0000  0.0000  0.0000  0.0000  0.0000  0.0000  0.0000  0.0000  0.0000  0.0000  0.0000  0.0000  0.0000  0.0000
  0.0000  0.0000  0.0000  0.0000  0.0000  0.0000  0.0000  0.0000  0.0000  0.0000  0.0000  0.0000  0.0000  0.0000  0.0000
  0.0000  0.0000  0.0000  0.0000  0.0000  0.0000  0.0000  0.0000  0.0000  0.0000  0.0000  0.0000  0.0000  0.0000  0.0000
  0.0000  0.0000  0.0000  0.0000  0.0000  0.0000  0.0000  0.0000  0.0000  0.0000
 ... fnet ... 
  1.8898  0.9076 -0.3030 -0.7644 -0.0931  1.1917  2.0773  1.8624  0.7206 -0.4289 -0.6484  0.2679  1.6176  2.3378  1.8515
  0.5414 -0.5364 -0.4847  0.7080  2.1329  2.6654  1.8653  0.3567 -0.6349 -0.2495  1.2955  2.8309  3.1362  1.9278  0.1443
 -0.7404  0.1194  2.2071  3.9613  3.9642  2.1145 -0.1584 -0.8987  0.8394  4.0924  6.5119  6.0733  2.7909 -0.8708 -1.3745
  3.4991 12.8211 22.5694 27.7027 25.0482 15.2153  2.3275 -8.2607-12.8480-11.1373 -5.9099 -1.0155  0.9407 -0.2058 -2.6528
 -4.2131 -3.8220 -2.0160 -0.2472  0.3038 -0.4799 -1.7408 -2.4172 -2.0433 -1.0003 -0.1141  0.0160 -0.5698 -1.3066 -1.5941
 -1.2486 -0.5867 -0.1235 -0.1604 -0.5852 -1.0097 -1.0977 -0.8126 -0.4049 -0.1843 -0.2763 -0.5527 -0.7661 -0.7559 -0.5576
 -0.3436 -0.2673 -0.3479 -0.4811 -0.5464 -0.5062 -0.4175 -0.3602 -0.3605 -0.3807
 ... eave ... 
  0.0000  0.0000  0.0000  0.0000  0.0000  0.0000  0.0000  0.0000  0.0000  0.0000  0.0000  0.0000  0.0000  0.0000  0.0000
  0.0000  0.0000  0.0000  0.0000  0.0000  0.0000  0.0000  0.0000  0.0000  0.0000  0.0000  0.0000  0.0000  0.0000  0.0000

 ... generation ...    7
   1   3   4   6   6   2   2
 -0.5000 -0.4916 -0.2460  0.2917  0.3368  0.5000
       6       7       3       7       1    ****
  0.0000  0.0000  0.0000  0.0000  0.0000  0.0000  0.0000  0.0000  0.0000  0.0000  0.0000  0.0000  0.0000  0.0000  0.0000
 -0.5000 -0.4239 -0.3418 -0.2470  0.0696  0.5000
       6       8       7       2       3    ****
  0.0000  0.0000  0.0000  0.0000  0.0000  0.0000  0.0000  0.0000  0.0000  0.0000  0.0000  0.0000  0.0000  0.0000  0.0000
 -0.5000  0.5000
       0    ****
  0.0000  0.0000  0.0000  0.0000  0.0000  0.0000  0.0000  0.0000  0.0000  0.0000  0.0000  0.0000  0.0000  0.0000  0.0000
 -0.5000  0.5000
       0    ****
  0.0000  0.0000  0.0000  0.0000  0.0000  0.0000  0.0000  0.0000  0.0000  0.0000  0.0000  0.0000  0.0000  0.0000  0.0000
   2   4   2   8   4   2   2
 -0.5000 -0.4239 -0.3418 -0.1833  0.0696  0.1219  0.1442  0.5000
       6       8       7       2       3       8       3    ****
  0.0000  0.0000  0.0000  0.0000  0.0000  0.0000  0.0000  0.0000  0.0000  0.0000  0.0000  0.0000  0.0000  0.0000  0.0000
 -0.5000 -0.2540  0.0696  0.5000
       1       2       3    ****
  0.0000  0.0000  0.0000  0.0000  0.0000  0.0000  0.0000  0.0000  0.0000  0.0000  0.0000  0.0000  0.0000  0.0000  0.0000
 -0.5000  0.5000
       0    ****
  0.0000  0.0000  0.0000  0.0000  0.0000  0.0000  0.0000  0.0000  0.0000  0.0000  0.0000  0.0000  0.0000  0.0000  0.0000
 -0.5000  0.5000
       0    ****
  0.0000  0.0000  0.0000  0.0000  0.0000  0.0000  0.0000  0.0000  0.0000  0.0000  0.0000  0.0000  0.0000  0.0000  0.0000
   3   4   1   6   2   2   2
 -0.5000 -0.4239 -0.3418 -0.2470  0.0696  0.5000
       6       8       7       2       3    ****
  0.0000  0.0000  0.0000  0.0000  0.0000  0.0000  0.0000  0.0000  0.0000  0.0000  0.0000  0.0000  0.0000  0.0000  0.0000
 -0.5000  0.5000
       3    ****
  0.0000  0.0000  0.0000  0.0000  0.0000  0.0000  0.0000  0.0000  0.0000  0.0000  0.0000  0.0000  0.0000  0.0000  0.0000
 -0.5000  0.5000
       0    ****
  0.0000  0.0000  0.0000  0.0000  0.0000  0.0000  0.0000  0.0000  0.0000  0.0000  0.0000  0.0000  0.0000  0.0000  0.0000
 -0.5000  0.5000
       0    ****
  0.0000  0.0000  0.0000  0.0000  0.0000  0.0000  0.0000  0.0000  0.0000  0.0000  0.0000  0.0000  0.0000  0.0000  0.0000
   4   2   4   7   8   2   2
 -0.5000 -0.4239 -0.3418  0.0228  0.0266  0.0696  0.5000
       6       8       7       8       2       3    ****
  0.0000  0.0000  0.0000  0.0000  0.0000  0.0000  0.0000  0.0000  0.0000  0.0000  0.0000  0.0000  0.0000  0.0000  0.0000
 -0.5000 -0.4239 -0.3418 -0.1833  0.0696  0.1219  0.1442  0.5000
       6       8       7       2       3       8       3    ****
  0.0000  0.0000  0.0000  0.0000  0.0000  0.0000  0.0000  0.0000  0.0000  0.0000  0.0000  0.0000  0.0000  0.0000  0.0000
 -0.5000  0.5000
       0    ****
  0.0000  0.0000  0.0000  0.0000  0.0000  0.0000  0.0000  0.0000  0.0000  0.0000  0.0000  0.0000  0.0000  0.0000  0.0000
 -0.5000  0.5000
       0    ****
  0.0000  0.0000  0.0000  0.0000  0.0000  0.0000  0.0000  0.0000  0.0000  0.0000  0.0000  0.0000  0.0000  0.0000  0.0000
 ... pnet ... 
  0.0000  0.0000  0.0000  0.0000  0.0000  0.0000  0.0000  0.0000  0.0000  0.0000  0.0000  0.0000  0.0000  0.0000  0.0000
  0.0000  0.0000  0.0000  0.0000  0.0000  0.0000  0.0000  0.0000  0.0000  0.0000  0.0000  0.0000  0.0000  0.0000  0.0000
  0.0000  0.0000  0.0000  0.0000  0.0000  0.0000  0.0000  0.0000  0.0000  0.0000  0.0000  0.0000  0.0000  0.0000  0.0000
  0.0000  0.0000  0.0000  0.0000  0.0000  0.0000  0.0000  0.0000  0.0000  0.0000  0.0000  0.0000  0.0000  0.0000  0.0000
  0.0000  0.0000  0.0000  0.0000  0.0000  0.0000  0.0000  0.0000  0.0000  0.0000  0.0000  0.0000  0.0000  0.0000  0.0000
  0.0000  0.0000  0.0000  0.0000  0.0000  0.0000  0.0000  0.0000  0.0000  0.0000  0.0000  0.0000  0.0000  0.0000  0.0000
  0.0000  0.0000  0.0000  0.0000  0.0000  0.0000  0.0000  0.0000  0.0000  0.0000
 ... fnet ... 
  1.8898  0.9076 -0.3030 -0.7644 -0.0931  1.1917  2.0773  1.8624  0.7206 -0.4289 -0.6484  0.2679  1.6176  2.3378  1.8515
  0.5414 -0.5364 -0.4847  0.7080  2.1329  2.6654  1.8653  0.3567 -0.6349 -0.2495  1.2955  2.8309  3.1362  1.9278  0.1443
 -0.7404  0.1194  2.2071  3.9613  3.9642  2.1145 -0.1584 -0.8987  0.8394  4.0924  6.5119  6.0733  2.7909 -0.8708 -1.3745
  3.4991 12.8211 22.5694 27.7027 25.0482 15.2153  2.3275 -8.2607-12.8480-11.1373 -5.9099 -1.0155  0.9407 -0.2058 -2.6528
 -4.2131 -3.8220 -2.0160 -0.2472  0.3038 -0.4799 -1.7408 -2.4172 -2.0433 -1.0003 -0.1141  0.0160 -0.5698 -1.3066 -1.5941
 -1.2486 -0.5867 -0.1235 -0.1604 -0.5852 -1.0097 -1.0977 -0.8126 -0.4049 -0.1843 -0.2763 -0.5527 -0.7661 -0.7559 -0.5576
 -0.3436 -0.2673 -0.3479 -0.4811 -0.5464 -0.5062 -0.4175 -0.3602 -0.3605 -0.3807
 ... eave ... 
  0.0000  0.0000  0.0000  0.0000  0.0000  0.0000  0.0000  0.0000  0.0000  0.0000  0.0000  0.0000  0.0000  0.0000  0.0000
  0.0000  0.0000  0.0000  0.0000  0.0000  0.0000  0.0000  0.0000  0.0000  0.0000  0.0000  0.0000  0.0000  0.0000  0.0000

 ... generation ...    8
   1   1   3   6   6   2   2
 -0.5000 -0.4239 -0.3418 -0.2470  0.0696  0.5000
       6       8       7       2       3    ****
  0.0000  0.0000  0.0000  0.0000  0.0000  0.0000  0.0000  0.0000  0.0000  0.0000  0.0000  0.0000  0.0000  0.0000  0.0000
 -0.5000 -0.4239 -0.3418 -0.2470  0.0696  0.5000
       6       8       7       2       3    ****
  0.0000  0.0000  0.0000  0.0000  0.0000  0.0000  0.0000  0.0000  0.0000  0.0000  0.0000  0.0000  0.0000  0.0000  0.0000
 -0.5000  0.5000
       0    ****
  0.0000  0.0000  0.0000  0.0000  0.0000  0.0000  0.0000  0.0000  0.0000  0.0000  0.0000  0.0000  0.0000  0.0000  0.0000
 -0.5000  0.5000
       0    ****
  0.0000  0.0000  0.0000  0.0000  0.0000  0.0000  0.0000  0.0000  0.0000  0.0000  0.0000  0.0000  0.0000  0.0000  0.0000
   2   1   2   6   6   2   2
 -0.5000 -0.4916 -0.2460  0.2917  0.3368  0.5000
       6       7       3       7       1    ****
  0.0000  0.0000  0.0000  0.0000  0.0000  0.0000  0.0000  0.0000  0.0000  0.0000  0.0000  0.0000  0.0000  0.0000  0.0000
 -0.5000 -0.2540  0.0696  0.1219  0.1442  0.5000
       1       2       3       8       3    ****
  0.0000  0.0000  0.0000  0.0000  0.0000  0.0000  0.0000  0.0000  0.0000  0.0000  0.0000  0.0000  0.0000  0.0000  0.0000
 -0.5000  0.5000
       0    ****
  0.0000  0.0000  0.0000  0.0000  0.0000  0.0000  0.0000  0.0000  0.0000  0.0000  0.0000  0.0000  0.0000  0.0000  0.0000
 -0.5000  0.5000
       0    ****
  0.0000  0.0000  0.0000  0.0000  0.0000  0.0000  0.0000  0.0000  0.0000  0.0000  0.0000  0.0000  0.0000  0.0000  0.0000
   3   2   3   7   6   2   2
 -0.5000 -0.4239 -0.3418 -0.2777 -0.2540  0.0696  0.5000
       6       8       7       1       2       3    ****
  0.0000  0.0000  0.0000  0.0000  0.0000  0.0000  0.0000  0.0000  0.0000  0.0000  0.0000  0.0000  0.0000  0.0000  0.0000
 -0.5000 -0.4239 -0.3418 -0.2470  0.0696  0.5000
       6       8       7       2       3    ****
  0.0000  0.0000  0.0000  0.0000  0.0000  0.0000  0.0000  0.0000  0.0000  0.0000  0.0000  0.0000  0.0000  0.0000  0.0000
 -0.5000  0.5000
       0    ****
  0.0000  0.0000  0.0000  0.0000  0.0000  0.0000  0.0000  0.0000  0.0000  0.0000  0.0000  0.0000  0.0000  0.0000  0.0000
 -0.5000  0.5000
       0    ****
  0.0000  0.0000  0.0000  0.0000  0.0000  0.0000  0.0000  0.0000  0.0000  0.0000  0.0000  0.0000  0.0000  0.0000  0.0000
   4   1   1   8   6   2   2
 -0.5000 -0.4239 -0.3418 -0.2460  0.2917  0.3368  0.3649  0.5000
       6       8       7       3       7       1       3    ****
  0.0000  0.0000  0.0000  0.0000  0.0000  0.0000  0.0000  0.0000  0.0000  0.0000  0.0000  0.0000  0.0000  0.0000  0.0000
 -0.5000 -0.4875 -0.2460  0.2917  0.3368  0.5000
       6       7       3       7       1    ****
  0.0000  0.0000  0.0000  0.0000  0.0000  0.0000  0.0000  0.0000  0.0000  0.0000  0.0000  0.0000  0.0000  0.0000  0.0000
 -0.5000  0.5000
       0    ****
  0.0000  0.0000  0.0000  0.0000  0.0000  0.0000  0.0000  0.0000  0.0000  0.0000  0.0000  0.0000  0.0000  0.0000  0.0000
 -0.5000  0.5000
       0    ****
  0.0000  0.0000  0.0000  0.0000  0.0000  0.0000  0.0000  0.0000  0.0000  0.0000  0.0000  0.0000  0.0000  0.0000  0.0000
 ... pnet ... 
  0.0000  0.0000  0.0000  0.0000  0.0000  0.0000  0.0000  0.0000  0.0000  0.0000  0.0000  0.0000  0.0000  0.0000  0.0000
  0.0000  0.0000  0.0000  0.0000  0.0000  0.0000  0.0000  0.0000  0.0000  0.0000  0.0000  0.0000  0.0000  0.0000  0.0000
  0.0000  0.0000  0.0000  0.0000  0.0000  0.0000  0.0000  0.0000  0.0000  0.0000  0.0000  0.0000  0.0000  0.0000  0.0000
  0.0000  0.0000  0.0000  0.0000  0.0000  0.0000  0.0000  0.0000  0.0000  0.0000  0.0000  0.0000  0.0000  0.0000  0.0000
  0.0000  0.0000  0.0000  0.0000  0.0000  0.0000  0.0000  0.0000  0.0000  0.0000  0.0000  0.0000  0.0000  0.0000  0.0000
  0.0000  0.0000  0.0000  0.0000  0.0000  0.0000  0.0000  0.0000  0.0000  0.0000  0.0000  0.0000  0.0000  0.0000  0.0000
  0.0000  0.0000  0.0000  0.0000  0.0000  0.0000  0.0000  0.0000  0.0000  0.0000
 ... fnet ... 
  1.8898  0.9076 -0.3030 -0.7644 -0.0931  1.1917  2.0773  1.8624  0.7206 -0.4289 -0.6484  0.2679  1.6176  2.3378  1.8515
  0.5414 -0.5364 -0.4847  0.7080  2.1329  2.6654  1.8653  0.3567 -0.6349 -0.2495  1.2955  2.8309  3.1362  1.9278  0.1443
 -0.7404  0.1194  2.2071  3.9613  3.9642  2.1145 -0.1584 -0.8987  0.8394  4.0924  6.5119  6.0733  2.7909 -0.8708 -1.3745
  3.4991 12.8211 22.5694 27.7027 25.0482 15.2153  2.3275 -8.2607-12.8480-11.1373 -5.9099 -1.0155  0.9407 -0.2058 -2.6528
 -4.2131 -3.8220 -2.0160 -0.2472  0.3038 -0.4799 -1.7408 -2.4172 -2.0433 -1.0003 -0.1141  0.0160 -0.5698 -1.3066 -1.5941
 -1.2486 -0.5867 -0.1235 -0.1604 -0.5852 -1.0097 -1.0977 -0.8126 -0.4049 -0.1843 -0.2763 -0.5527 -0.7661 -0.7559 -0.5576
 -0.3436 -0.2673 -0.3479 -0.4811 -0.5464 -0.5062 -0.4175 -0.3602 -0.3605 -0.3807
 ... eave ... 
  0.0000  0.0000  0.0000  0.0000  0.0000  0.0000  0.0000  0.0000  0.0000  0.0000  0.0000  0.0000  0.0000  0.0000  0.0000
  0.0000  0.0000  0.0000  0.0000  0.0000  0.0000  0.0000  0.0000  0.0000  0.0000  0.0000  0.0000  0.0000  0.0000  0.0000

 ... generation ...    9
   1   2   2   8   9   2   2
 -0.5000 -0.4916 -0.3219 -0.2540  0.0696  0.1219  0.1442  0.5000
       6       7       1       2       3       8       3    ****
  0.0000  0.0000  0.0000  0.0000  0.0000  0.0000  0.0000  0.0000  0.0000  0.0000  0.0000  0.0000  0.0000  0.0000  0.0000
 -0.5000 -0.4916 -0.3808 -0.2540  0.0546  0.2917  0.3368  0.4119  0.5000
       6       7       1       2       3       7       1       3    ****
  0.0000  0.0000  0.0000  0.0000  0.0000  0.0000  0.0000  0.0000  0.0000  0.0000  0.0000  0.0000  0.0000  0.0000  0.0000
 -0.5000  0.5000
       0    ****
  0.0000  0.0000  0.0000  0.0000  0.0000  0.0000  0.0000  0.0000  0.0000  0.0000  0.0000  0.0000  0.0000  0.0000  0.0000
 -0.5000  0.5000
       0    ****
  0.0000  0.0000  0.0000  0.0000  0.0000  0.0000  0.0000  0.0000  0.0000  0.0000  0.0000  0.0000  0.0000  0.0000  0.0000
   2   2   2   8   6   2   2
 -0.5000 -0.4916 -0.4092 -0.2540  0.0263  0.2917  0.3368  0.5000
       6       7       1       2       3       7       1    ****
  0.0000  0.0000  0.0000  0.0000  0.0000  0.0000  0.0000  0.0000  0.0000  0.0000  0.0000  0.0000  0.0000  0.0000  0.0000
 -0.5000 -0.2540 -0.2124  0.2917  0.3368  0.5000
       1       2       3       7       1    ****
  0.0000  0.0000  0.0000  0.0000  0.0000  0.0000  0.0000  0.0000  0.0000  0.0000  0.0000  0.0000  0.0000  0.0000  0.0000
 -0.5000  0.5000
       0    ****
  0.0000  0.0000  0.0000  0.0000  0.0000  0.0000  0.0000  0.0000  0.0000  0.0000  0.0000  0.0000  0.0000  0.0000  0.0000
 -0.5000  0.5000
       0    ****
  0.0000  0.0000  0.0000  0.0000  0.0000  0.0000  0.0000  0.0000  0.0000  0.0000  0.0000  0.0000  0.0000  0.0000  0.0000
   3   1   2   6   6   2   2
 -0.5000 -0.4239 -0.3418 -0.2470  0.0696  0.5000
       6       8       7       2       3    ****
  0.0000  0.0000  0.0000  0.0000  0.0000  0.0000  0.0000  0.0000  0.0000  0.0000  0.0000  0.0000  0.0000  0.0000  0.0000
 -0.5000 -0.2540  0.0696  0.1219  0.1442  0.5000
       1       2       3       8       3    ****
  0.0000  0.0000  0.0000  0.0000  0.0000  0.0000  0.0000  0.0000  0.0000  0.0000  0.0000  0.0000  0.0000  0.0000  0.0000
 -0.5000  0.5000
       0    ****
  0.0000  0.0000  0.0000  0.0000  0.0000  0.0000  0.0000  0.0000  0.0000  0.0000  0.0000  0.0000  0.0000  0.0000  0.0000
 -0.5000  0.5000
       0    ****
  0.0000  0.0000  0.0000  0.0000  0.0000  0.0000  0.0000  0.0000  0.0000  0.0000  0.0000  0.0000  0.0000  0.0000  0.0000
   4   1   1   6   6   2   2
 -0.5000 -0.4239 -0.3418 -0.2470  0.0696  0.5000
       6       8       7       2       3    ****
  0.0000  0.0000  0.0000  0.0000  0.0000  0.0000  0.0000  0.0000  0.0000  0.0000  0.0000  0.0000  0.0000  0.0000  0.0000
 -0.5000 -0.4239 -0.3418 -0.2470  0.0696  0.5000
       6       8       7       2       3    ****
  0.0000  0.0000  0.0000  0.0000  0.0000  0.0000  0.0000  0.0000  0.0000  0.0000  0.0000  0.0000  0.0000  0.0000  0.0000
 -0.5000  0.5000
       0    ****
  0.0000  0.0000  0.0000  0.0000  0.0000  0.0000  0.0000  0.0000  0.0000  0.0000  0.0000  0.0000  0.0000  0.0000  0.0000
 -0.5000  0.5000
       0    ****
  0.0000  0.0000  0.0000  0.0000  0.0000  0.0000  0.0000  0.0000  0.0000  0.0000  0.0000  0.0000  0.0000  0.0000  0.0000
 ... pnet ... 
  0.0000  0.0000  0.0000  0.0000  0.0000  0.0000  0.0000  0.0000  0.0000  0.0000  0.0000  0.0000  0.0000  0.0000  0.0000
  0.0000  0.0000  0.0000  0.0000  0.0000  0.0000  0.0000  0.0000  0.0000  0.0000  0.0000  0.0000  0.0000  0.0000  0.0000
  0.0000  0.0000  0.0000  0.0000  0.0000  0.0000  0.0000  0.0000  0.0000  0.0000  0.0000  0.0000  0.0000  0.0000  0.0000
  0.0000  0.0000  0.0000  0.0000  0.0000  0.0000  0.0000  0.0000  0.0000  0.0000  0.0000  0.0000  0.0000  0.0000  0.0000
  0.0000  0.0000  0.0000  0.0000  0.0000  0.0000  0.0000  0.0000  0.0000  0.0000  0.0000  0.0000  0.0000  0.0000  0.0000
  0.0000  0.0000  0.0000  0.0000  0.0000  0.0000  0.0000  0.0000  0.0000  0.0000  0.0000  0.0000  0.0000  0.0000  0.0000
  0.0000  0.0000  0.0000  0.0000  0.0000  0.0000  0.0000  0.0000  0.0000  0.0000
 ... fnet ... 
  1.8898  0.9076 -0.3030 -0.7644 -0.0931  1.1917  2.0773  1.8624  0.7206 -0.4289 -0.6484  0.2679  1.6176  2.3378  1.8515
  0.5414 -0.5364 -0.4847  0.7080  2.1329  2.6654  1.8653  0.3567 -0.6349 -0.2495  1.2955  2.8309  3.1362  1.9278  0.1443
 -0.7404  0.1194  2.2071  3.9613  3.9642  2.1145 -0.1584 -0.8987  0.8394  4.0924  6.5119  6.0733  2.7909 -0.8708 -1.3745
  3.4991 12.8211 22.5694 27.7027 25.0482 15.2153  2.3275 -8.2607-12.8480-11.1373 -5.9099 -1.0155  0.9407 -0.2058 -2.6528
 -4.2131 -3.8220 -2.0160 -0.2472  0.3038 -0.4799 -1.7408 -2.4172 -2.0433 -1.0003 -0.1141  0.0160 -0.5698 -1.3066 -1.5941
 -1.2486 -0.5867 -0.1235 -0.1604 -0.5852 -1.0097 -1.0977 -0.8126 -0.4049 -0.1843 -0.2763 -0.5527 -0.7661 -0.7559 -0.5576
 -0.3436 -0.2673 -0.3479 -0.4811 -0.5464 -0.5062 -0.4175 -0.3602 -0.3605 -0.3807
 ... eave ... 
  0.0000  0.0000  0.0000  0.0000  0.0000  0.0000  0.0000  0.0000  0.0000  0.0000  0.0000  0.0000  0.0000  0.0000  0.0000
  0.0000  0.0000  0.0000  0.0000  0.0000  0.0000  0.0000  0.0000  0.0000  0.0000  0.0000  0.0000  0.0000  0.0000  0.0000

 ... generation ...   10
   1   2   2  10   8   2   2
 -0.5000 -0.4916 -0.4092 -0.2540 -0.2124 -0.1297  0.0263  0.2917  0.3368  0.5000
       6       7       1       2       3       2       3       7       1    ****
  0.0000  0.0000  0.0000  0.0000  0.0000  0.0000  0.0000  0.0000  0.0000  0.0000  0.0000  0.0000  0.0000  0.0000  0.0000
 -0.5000 -0.4916 -0.4092 -0.2540 -0.2124  0.2917  0.3368  0.5000
       6       7       1       2       3       7       1    ****
  0.0000  0.0000  0.0000  0.0000  0.0000  0.0000  0.0000  0.0000  0.0000  0.0000  0.0000  0.0000  0.0000  0.0000  0.0000
 -0.5000  0.5000
       0    ****
  0.0000  0.0000  0.0000  0.0000  0.0000  0.0000  0.0000  0.0000  0.0000  0.0000  0.0000  0.0000  0.0000  0.0000  0.0000
 -0.5000  0.5000
       0    ****
  0.0000  0.0000  0.0000  0.0000  0.0000  0.0000  0.0000  0.0000  0.0000  0.0000  0.0000  0.0000  0.0000  0.0000  0.0000
   2   4   1   6  11   2   2
 -0.5000 -0.4239 -0.3418 -0.2470  0.0696  0.5000
       6       8       7       2       3    ****
  0.0000  0.0000  0.0000  0.0000  0.0000  0.0000  0.0000  0.0000  0.0000  0.0000  0.0000  0.0000  0.0000  0.0000  0.0000
 -0.5000 -0.4916 -0.3808 -0.2540  0.0546  0.1310  0.1442  0.2917  0.3368  0.4119  0.5000
       6       7       1       2       3       8       3       7       1       3    ****
  0.0000  0.0000  0.0000  0.0000  0.0000  0.0000  0.0000  0.0000  0.0000  0.0000  0.0000  0.0000  0.0000  0.0000  0.0000
 -0.5000  0.5000
       0    ****
  0.0000  0.0000  0.0000  0.0000  0.0000  0.0000  0.0000  0.0000  0.0000  0.0000  0.0000  0.0000  0.0000  0.0000  0.0000
 -0.5000  0.5000
       0    ****
  0.0000  0.0000  0.0000  0.0000  0.0000  0.0000  0.0000  0.0000  0.0000  0.0000  0.0000  0.0000  0.0000  0.0000  0.0000
   3   1   1   6   8   2   2
 -0.5000 -0.4916 -0.3219 -0.2540  0.0546  0.5000
       6       7       1       2       3    ****
  0.0000  0.0000  0.0000  0.0000  0.0000  0.0000  0.0000  0.0000  0.0000  0.0000  0.0000  0.0000  0.0000  0.0000  0.0000
 -0.5000 -0.4916 -0.3219 -0.2540  0.0696  0.1219  0.1442  0.5000
       6       7       1       2       3       8       3    ****
  0.0000  0.0000  0.0000  0.0000  0.0000  0.0000  0.0000  0.0000  0.0000  0.0000  0.0000  0.0000  0.0000  0.0000  0.0000
 -0.5000  0.5000
       0    ****
  0.0000  0.0000  0.0000  0.0000  0.0000  0.0000  0.0000  0.0000  0.0000  0.0000  0.0000  0.0000  0.0000  0.0000  0.0000
 -0.5000  0.5000
       0    ****
  0.0000  0.0000  0.0000  0.0000  0.0000  0.0000  0.0000  0.0000  0.0000  0.0000  0.0000  0.0000  0.0000  0.0000  0.0000
   4   1   1   8   9   2   2
 -0.5000 -0.4916 -0.3219 -0.2540  0.0696  0.1219  0.1442  0.5000
       6       7       1       2       3       8       3    ****
  0.0000  0.0000  0.0000  0.0000  0.0000  0.0000  0.0000  0.0000  0.0000  0.0000  0.0000  0.0000  0.0000  0.0000  0.0000
 -0.5000 -0.4916 -0.3808 -0.2540  0.0546  0.2917  0.3368  0.4119  0.5000
       6       7       1       2       3       7       1       3    ****
  0.0000  0.0000  0.0000  0.0000  0.0000  0.0000  0.0000  0.0000  0.0000  0.0000  0.0000  0.0000  0.0000  0.0000  0.0000
 -0.5000  0.5000
       0    ****
  0.0000  0.0000  0.0000  0.0000  0.0000  0.0000  0.0000  0.0000  0.0000  0.0000  0.0000  0.0000  0.0000  0.0000  0.0000
 -0.5000  0.5000
       0    ****
  0.0000  0.0000  0.0000  0.0000  0.0000  0.0000  0.0000  0.0000  0.0000  0.0000  0.0000  0.0000  0.0000  0.0000  0.0000
 ... pnet ... 
  0.0000  0.0000  0.0000  0.0000  0.0000  0.0000  0.0000  0.0000  0.0000  0.0000  0.0000  0.0000  0.0000  0.0000  0.0000
  0.0000  0.0000  0.0000  0.0000  0.0000  0.0000  0.0000  0.0000  0.0000  0.0000  0.0000  0.0000  0.0000  0.0000  0.0000
  0.0000  0.0000  0.0000  0.0000  0.0000  0.0000  0.0000  0.0000  0.0000  0.0000  0.0000  0.0000  0.0000  0.0000  0.0000
  0.0000  0.0000  0.0000  0.0000  0.0000  0.0000  0.0000  0.0000  0.0000  0.0000  0.0000  0.0000  0.0000  0.0000  0.0000
  0.0000  0.0000  0.0000  0.0000  0.0000  0.0000  0.0000  0.0000  0.0000  0.0000  0.0000  0.0000  0.0000  0.0000  0.0000
  0.0000  0.0000  0.0000  0.0000  0.0000  0.0000  0.0000  0.0000  0.0000  0.0000  0.0000  0.0000  0.0000  0.0000  0.0000
  0.0000  0.0000  0.0000  0.0000  0.0000  0.0000  0.0000  0.0000  0.0000  0.0000
 ... fnet ... 
  1.8898  0.9076 -0.3030 -0.7644 -0.0931  1.1917  2.0773  1.8624  0.7206 -0.4289 -0.6484  0.2679  1.6176  2.3378  1.8515
  0.5414 -0.5364 -0.4847  0.7080  2.1329  2.6654  1.8653  0.3567 -0.6349 -0.2495  1.2955  2.8309  3.1362  1.9278  0.1443
 -0.7404  0.1194  2.2071  3.9613  3.9642  2.1145 -0.1584 -0.8987  0.8394  4.0924  6.5119  6.0733  2.7909 -0.8708 -1.3745
  3.4991 12.8211 22.5694 27.7027 25.0482 15.2153  2.3275 -8.2607-12.8480-11.1373 -5.9099 -1.0155  0.9407 -0.2058 -2.6528
 -4.2131 -3.8220 -2.0160 -0.2472  0.3038 -0.4799 -1.7408 -2.4172 -2.0433 -1.0003 -0.1141  0.0160 -0.5698 -1.3066 -1.5941
 -1.2486 -0.5867 -0.1235 -0.1604 -0.5852 -1.0097 -1.0977 -0.8126 -0.4049 -0.1843 -0.2763 -0.5527 -0.7661 -0.7559 -0.5576
 -0.3436 -0.2673 -0.3479 -0.4811 -0.5464 -0.5062 -0.4175 -0.3602 -0.3605 -0.3807
 ... eave ... 
  0.0000  0.0000  0.0000  0.0000  0.0000  0.0000  0.0000  0.0000  0.0000  0.0000  0.0000  0.0000  0.0000  0.0000  0.0000
  0.0000  0.0000  0.0000  0.0000  0.0000  0.0000  0.0000  0.0000  0.0000  0.0000  0.0000  0.0000  0.0000  0.0000  0.0000
