 ... generation ...    0
   1   0   0   2   2   2   2
 -0.5000  0.5000
       1    ****
 -0.5000  0.5000
       2    ****
   2   0   0   2   2   2   2
 -0.5000  0.5000
       3    ****
 -0.5000  0.5000
       4    ****
   3   0   0   2   2   2   2
 -0.5000  0.5000
       5    ****
 -0.5000  0.5000
       6    ****
   4   0   0   2   2   2   2
 -0.5000  0.5000
       7    ****
 -0.5000  0.5000
       8    ****
 ... generation ...    1
   1   4   4   2   3   2   2
 -0.5000  0.5000
       8    ****
 -0.5000 -0.2173  0.5000
       7       8    ****
   2   1   1   3   4   2   2
 -0.5000 -0.1587  0.5000
       1       2    ****
 -0.5000 -0.0731  0.4883  0.5000
       1       2       1    ****
   3   2   3   4   3   2   2
 -0.5000 -0.3331  0.4328  0.5000
       3       4       3    ****
 -0.5000  0.1118  0.5000
       5       6    ****
   4   3   3   3   3   2   2
 -0.5000  0.3086  0.5000
       5       6    ****
 -0.5000 -0.1646  0.5000
       6       5    ****
 ... generation ...    2
   1   1   3   3   4   2   2
 -0.5000 -0.2173  0.5000
       7       8    ****
 -0.5000  0.0615  0.4328  0.5000
       5       4       3    ****
   2   1   1   2   3   2   2
 -0.5000  0.5000
       8    ****
 -0.5000 -0.2173  0.5000
       7       8    ****
   3   3   2   4   4   2   2
 -0.5000  0.1118  0.4966  0.5000
       5       6       3    ****
 -0.5000 -0.0731  0.4883  0.5000
       1       2       1    ****
   4   3   3   4   3   2   2
 -0.5000 -0.2416  0.3501  0.5000
       5       4       6    ****
 -0.5000  0.1118  0.5000
       5       6    ****
 ... generation ...    3
   1   3   3   4   4   2   2
 -0.5000  0.1118  0.4966  0.5000
       5       6       3    ****
 -0.5000 -0.0731  0.4883  0.5000
       1       2       1    ****
   2   3   3   5   6   2   2
 -0.5000  0.1118  0.3403  0.4883  0.5000
       5       6       2       1    ****
 -0.5000 -0.1675  0.1118  0.4367  0.4883  0.5000
       1       5       6       2       1    ****
   3   1   3   4   4   2   2
 -0.5000  0.0615  0.4328  0.5000
       5       4       3    ****
 -0.5000  0.1118  0.4966  0.5000
       5       6       3    ****
   4   4   2   3   3   2   2
 -0.5000  0.1118  0.5000
       5       6    ****
 -0.5000 -0.2173  0.5000
       7       8    ****
 ... generation ...    4
   1   3   2   4   5   2   2
 -0.5000  0.0615  0.4328  0.5000
       5       4       3    ****
 -0.5000  0.1118  0.3403  0.4883  0.5000
       5       6       2       1    ****
   2   3   4   4   3   2   2
 -0.5000  0.0615  0.4328  0.5000
       5       4       3    ****
 -0.5000 -0.2173  0.5000
       7       8    ****
   3   1   3   4   4   2   2
 -0.5000  0.1118  0.4966  0.5000
       5       6       3    ****
 -0.5000  0.0615  0.4328  0.5000
       5       4       3    ****
   4   2   2   5   5   2   2
 -0.5000  0.1118  0.4367  0.4883  0.5000
       5       6       2       1    ****
 -0.5000  0.1118  0.4367  0.4883  0.5000
       5       6       2       1    ****
 ... generation ...    5
   1   1   3   4   4   2   2
 -0.5000  0.0615  0.4328  0.5000
       5       4       3    ****
 -0.5000  0.1118  0.4441  0.5000
       5       6       3    ****
   2   2   4   6   5   2   2
 -0.5000  0.0615  0.2847  0.4241  0.4328  0.5000
       5       4       8       4       3    ****
 -0.5000  0.1118  0.4367  0.4883  0.5000
       5       6       2       1    ****
   3   1   1   6   6   2   2
 -0.5000  0.0615  0.1876  0.3403  0.4883  0.5000
       5       4       6       2       1    ****
 -0.5000  0.0615  0.2549  0.3403  0.4883  0.5000
       5       4       6       2       1    ****
   4   1   4   4   5   2   2
 -0.5000  0.0909  0.4328  0.5000
       5       4       3    ****
 -0.5000  0.1118  0.4367  0.4883  0.5000
       5       6       2       1    ****
 ... generation ...    6
   1   1   3   6   6   2   2
 -0.5000  0.1118  0.1882  0.3322  0.4441  0.5000
       5       6       4       6       3    ****
 -0.5000  0.0615  0.2549  0.3403  0.4883  0.5000
       5       4       6       2       1    ****
   2   4   3   4   6   2   2
 -0.5000  0.0909  0.4328  0.5000
       5       4       3    ****
 -0.5000  0.0615  0.1876  0.3403  0.4883  0.5000
       5       4       6       2       1    ****
   3   1   2   5   6   2   2
 -0.5000  0.0615  0.2254  0.4441  0.5000
       5       4       6       3    ****
 -0.5000  0.1118  0.3928  0.4241  0.4328  0.5000
       5       6       8       4       3    ****
   4   2   4   5   5   2   2
 -0.5000  0.1118  0.4367  0.4883  0.5000
       5       6       2       1    ****
 -0.5000  0.1118  0.4367  0.4883  0.5000
       5       6       2       1    ****
 ... generation ...    7
   1   1   1   6   6   2   2
 -0.5000  0.0615  0.2549  0.3403  0.4883  0.5000
       5       4       6       2       1    ****
 -0.5000  0.0615  0.2549  0.3403  0.4883  0.5000
       5       4       6       2       1    ****
   2   2   3   6   7   2   2
 -0.5000  0.0615  0.1876  0.3403  0.4883  0.5000
       5       4       6       2       1    ****
 -0.5000  0.0615  0.2254  0.3928  0.4241  0.4328  0.5000
       5       4       6       8       4       3    ****
   3   1   4   7   5   2   2
 -0.5000  0.0615  0.1610  0.1882  0.3322  0.4441  0.5000
       5       4       6       4       6       3    ****
 -0.5000  0.1118  0.4367  0.4883  0.5000
       5       6       2       1    ****
   4   3   2   5   6   2   2
 -0.5000  0.0615  0.2254  0.4441  0.5000
       5       4       6       3    ****
 -0.5000  0.0706  0.1876  0.3403  0.4883  0.5000
       5       4       6       2       1    ****
 ... generation ...    8
   1   1   4   6   5   2   2
 -0.5000  0.0615  0.2549  0.3403  0.4883  0.5000
       5       4       6       2       1    ****
 -0.5000  0.0615  0.2254  0.4441  0.5000
       5       4       6       3    ****
   2   2   4   9   5   2   2
 -0.5000  0.0615  0.1876  0.3403  0.3664  0.3928  0.4241  0.4328  0.5000
       5       4       6       2       6       8       4       3    ****
 -0.5000  0.0615  0.2254  0.4441  0.5000
       5       4       6       3    ****
   3   2   4   6   9   2   2
 -0.5000  0.0615  0.2254  0.3403  0.4883  0.5000
       5       4       6       2       1    ****
 -0.5000  0.0706  0.1876  0.3403  0.3593  0.4441  0.4489  0.4883  0.5000
       5       4       6       2       6       3       2       1    ****
   4   3   2   8   6   2   2
 -0.5000  0.0615  0.1610  0.1882  0.2036  0.4367  0.4883  0.5000
       5       4       6       4       6       2       1    ****
 -0.5000  0.0615  0.2254  0.3403  0.4883  0.5000
       5       4       6       2       1    ****
 ... generation ...    9
   1   3   4   6   6   2   2
 -0.5000  0.0706  0.1876  0.3403  0.4883  0.5000
       5       4       6       2       1    ****
 -0.5000  0.0615  0.2254  0.4367  0.4883  0.5000
       5       4       6       2       1    ****
   2   4   2   6   9   2   2
 -0.5000  0.0615  0.2254  0.3403  0.4883  0.5000
       5       4       6       2       1    ****
 -0.5000  0.0615  0.1876  0.3403  0.3664  0.3928  0.4241  0.4328  0.5000
       5       4       6       2       6       8       4       3    ****
   3   1   3   7   9   2   2
 -0.5000  0.0615  0.2549  0.3403  0.4883  0.4930  0.5000
       5       4       6       2       1       3    ****
 -0.5000  0.0706  0.1876  0.3403  0.3593  0.4441  0.4489  0.4883  0.5000
       5       4       6       2       6       3       2       1    ****
   4   1   2   5   5   2   2
 -0.5000  0.0615  0.2254  0.4441  0.5000
       5       4       6       3    ****
 -0.5000  0.0615  0.2254  0.4441  0.5000
       5       4       6       3    ****
 ... generation ...   10
   1   2   4   9   5   2   2
 -0.5000  0.0615  0.2110  0.3403  0.3664  0.3928  0.4241  0.4328  0.5000
       5       4       6       2       6       8       4       3    ****
 -0.5000  0.0615  0.2254  0.4441  0.5000
       5       4       6       3    ****
   2   3   2  11   9   2   2
 -0.5000  0.0706  0.1876  0.2030  0.2346  0.3403  0.3593  0.4441  0.4489  0.4883
       5       4       6       4       6       2       6       3       2       1
  0.5000
    ****
 -0.5000  0.0615  0.1876  0.3403  0.3664  0.3928  0.4241  0.4328  0.5000
       5       4       6       2       6       8       4       3    ****
   3   4   3   5  10   2   2
 -0.5000  0.0615  0.2254  0.4441  0.5000
       5       4       6       3    ****
 -0.5000  0.0706  0.1876  0.3403  0.3593  0.4441  0.4489  0.4883  0.4930  0.5000
       5       4       6       2       6       3       2       1       3    ****
   4   3   4   7   5   2   2
 -0.5000  0.0615  0.2549  0.3403  0.4883  0.4930  0.5000
       5       4       6       2       1       3    ****
 -0.5000  0.0615  0.2254  0.4441  0.5000
       5       4       6       3    ****
