  0   1   2   2
  0.0000  0.5000
       1       0
  0.0000  0.5000
       2       0
  0   2   2   2
  0.0000  0.5000
       3       0
  0.0000  0.5000
       4       0
  0   3   2   2
  0.0000  0.5000
       5       0
  0.0000  0.5000
       6       0
  0   4   2   2
  0.0000  0.5000
       7       0
  0.0000  0.5000
       8       0
  0   5   2   2
  0.0000  0.5000
       9       0
  0.0000  0.5000
      10       0
  0   6   2   2
  0.0000  0.5000
      11       0
  0.0000  0.5000
      12       0
  0   7   2   2
  0.0000  0.5000
      13       0
  0.0000  0.5000
      14       0
  0   8   2   2
  0.0000  0.5000
      15       0
  0.0000  0.5000
      16       0
  0   9   2   2
  0.0000  0.5000
      17       0
  0.0000  0.5000
      18       0
  0  10   2   2
  0.0000  0.5000
      19       0
  0.0000  0.5000
      20       0
  1   1   2   2
  0.0000  0.5000
       5       0
  0.0000  0.5000
       6       0
  1   2   6   3
  0.0000  0.3193  0.4027  0.4229  0.4732  0.5000
      11      12      11      12      11       0
  0.0000  0.2973  0.5000
      16      15       0
  1   3   2   2
  0.0000  0.5000
      14       0
  0.0000  0.5000
       7       0
  1   4   3   2
  0.0000  0.0051  0.5000
      17      18       0
  0.0000  0.5000
       7       0
  1   5   3   2
  0.0000  0.1526  0.5000
       6       5       0
  0.0000  0.5000
      11       0
  1   6   2   2
  0.0000  0.5000
       9       0
  0.0000  0.5000
      17       0
  1   7   3   5
  0.0000  0.1944  0.5000
       5       6       0
  0.0000  0.0156  0.3631  0.4785  0.5000
      16      15      16      15       0
  1   8   3   4
  0.0000  0.0032  0.5000
      11      12       0
  0.0000  0.1500  0.3040  0.5000
       1       2       1       0
  1   9   2   2
  0.0000  0.5000
      16       0
  0.0000  0.5000
      10       0
  1  10   3   2
  0.0000  0.2242  0.5000
      20      19       0
  0.0000  0.5000
      10       0
  2   1   3   2
  0.0000  0.3768  0.5000
      16      10       0
  0.0000  0.5000
       5       0
  2   2   2   3
  0.0000  0.5000
      10       0
  0.0000  0.0051  0.5000
      17      18       0
  2   3   2   2
  0.0000  0.5000
       5       0
  0.0000  0.5000
      11       0
  2   4   3   2
  0.0000  0.4221  0.5000
       7      18       0
  0.0000  0.5000
      16       0
  2   5   2   3
  0.0000  0.5000
      11       0
  0.0000  0.1526  0.5000
       6       5       0
  2   6   4   5
  0.0000  0.1500  0.3040  0.5000
       1       2       1       0
  0.0000  0.0156  0.3631  0.4785  0.5000
      16      15      16      15       0
  2   7   3   2
  0.0000  0.0051  0.5000
      17      18       0
  0.0000  0.5000
      10       0
  2   8   4   3
  0.0000  0.1500  0.3040  0.5000
       1       2       1       0
  0.0000  0.2919  0.5000
      10      16       0
  2   9   2   6
  0.0000  0.5000
      10       0
  0.0000  0.3193  0.4027  0.4229  0.4732  0.5000
      11      12      11      12      11       0
  2  10   2   2
  0.0000  0.5000
       6       0
  0.0000  0.5000
       5       0
  3   1   4   4
  0.0000  0.1500  0.3040  0.5000
       1       2       1       0
  0.0000  0.3591  0.4948  0.5000
       5       6       5       0
  3   2   4   4
  0.0000  0.0077  0.2869  0.5000
       5       6       5       0
  0.0000  0.3193  0.3750  0.5000
      11      12      10       0
  3   3   2   2
  0.0000  0.5000
      11       0
  0.0000  0.5000
       5       0
  3   4   2   4
  0.0000  0.5000
      16       0
  0.0000  0.0051  0.4711  0.5000
      17      18      10       0
  3   5   2   4
  0.0000  0.5000
       5       0
  0.0000  0.0051  0.0906  0.5000
      17      18      10       0
  3   6   4   3
  0.0000  0.3193  0.3257  0.5000
      11      12      10       0
  0.0000  0.0744  0.5000
      11       5       0
  3   7   3   2
  0.0000  0.1112  0.5000
      10      18       0
  0.0000  0.5000
       5       0
  3   8   3   4
  0.0000  0.1805  0.5000
      11       5       0
  0.0000  0.0051  0.2785  0.5000
      17      18      10       0
  3   9   3   2
  0.0000  0.3340  0.5000
      10      18       0
  0.0000  0.5000
      10       0
  3  10   3   2
  0.0000  0.3866  0.5000
       5      10       0
  0.0000  0.5000
      10       0
  4   1   2   2
  0.0000  0.5000
       5       0
  0.0000  0.5000
      10       0
  4   2   2   2
  0.0000  0.5000
       5       0
  0.0000  0.5000
       5       0
  4   3   2   2
  0.0000  0.5000
      11       0
  0.0000  0.5000
      16       0
  4   4   3   3
  0.0000  0.0744  0.5000
      11       5       0
  0.0000  0.1112  0.5000
      10      18       0
  4   5   3   3
  0.0000  0.2261  0.5000
      11       5       0
  0.0000  0.3340  0.5000
      10      18       0
  4   6   2   2
  0.0000  0.5000
      10       0
  0.0000  0.5000
       5       0
  4   7   3   4
  0.0000  0.4962  0.5000
      11       5       0
  0.0000  0.1112  0.4838  0.5000
      10      18       5       0
  4   8   4   3
  0.0000  0.2964  0.4711  0.5000
      16      18      10       0
  0.0000  0.3340  0.5000
      10      18       0
  4   9   3   4
  0.0000  0.3866  0.5000
       5      10       0
  0.0000  0.0051  0.0906  0.5000
      17      18      10       0
  4  10   3   3
  0.0000  0.3866  0.5000
       5      10       0
  0.0000  0.1112  0.5000
      10      18       0
  5   1   3   3
  0.0000  0.3536  0.5000
       5      10       0
  0.0000  0.4962  0.5000
      11       5       0
  5   2   3   4
  0.0000  0.3340  0.5000
      10      18       0
  0.0000  0.2964  0.4711  0.5000
      16      18      10       0
  5   3   2   2
  0.0000  0.5000
       5       0
  0.0000  0.5000
      10       0
  5   4   4   6
  0.0000  0.0311  0.4330  0.5000
      16      11      16       0
  0.0000  0.0051  0.0906  0.1675  0.2346  0.5000
      17      18      10       5      10       0
  5   5   3   5
  0.0000  0.3340  0.5000
      10      18       0
  0.0000  0.0328  0.1112  0.4838  0.5000
      11      10      18       5       0
  5   6   2   3
  0.0000  0.5000
       5       0
  0.0000  0.3866  0.5000
       5      10       0
  5   7   3   3
  0.0000  0.0744  0.5000
      11       5       0
  0.0000  0.3749  0.5000
       5      18       0
  5   8   3   5
  0.0000  0.4962  0.5000
      11       5       0
  0.0000  0.1112  0.1639  0.3866  0.5000
      10      18       5      10       0
  5   9   2   3
  0.0000  0.5000
       5       0
  0.0000  0.3866  0.5000
       5      10       0
  5  10   4   4
  0.0000  0.0051  0.0906  0.5000
      17      18      10       0
  0.0000  0.0051  0.0906  0.5000
      17      18      10       0
  6   1   2   3
  0.0000  0.5000
       5       0
  0.0000  0.2965  0.5000
      10       5       0
  6   2   3   4
  0.0000  0.3866  0.5000
       5      10       0
  0.0000  0.0328  0.1112  0.5000
      11      10      18       0
  6   3   3   2
  0.0000  0.3866  0.5000
       5      10       0
  0.0000  0.5000
       5       0
  6   4   2   2
  0.0000  0.5000
       5       0
  0.0000  0.5000
       5       0
  6   5   4   6
  0.0000  0.0051  0.0906  0.5000
      17      18      10       0
  0.0000  0.0051  0.0906  0.1675  0.2346  0.5000
      17      18      10       5      10       0
  6   6   3   4
  0.0000  0.2211  0.5000
      10       5       0
  0.0000  0.0311  0.4330  0.5000
      16      11      16       0
  6   7   4   4
  0.0000  0.0311  0.3514  0.5000
      16      11      10       0
  0.0000  0.0051  0.0906  0.5000
      17      18      10       0
  6   8   2   2
  0.0000  0.5000
       5       0
  0.0000  0.5000
      10       0
  6   9   3   7
  0.0000  0.3340  0.5000
      10      18       0
  0.0000  0.0051  0.0906  0.1675  0.2036  0.4330  0.5000
      17      18      10       5      11      16       0
  6  10   3   3
  0.0000  0.3340  0.5000
      10      18       0
  0.0000  0.4962  0.5000
      11       5       0
  7   1   4   2
  0.0000  0.3494  0.4646  0.5000
      10       5      10       0
  0.0000  0.5000
       5       0
  7   2   2   4
  0.0000  0.5000
       5       0
  0.0000  0.1367  0.4962  0.5000
      10      11       5       0
  7   3   6   3
  0.0000  0.0051  0.0906  0.1675  0.2346  0.5000
      17      18      10       5      10       0
  0.0000  0.3866  0.5000
       5      10       0
  7   4   2   2
  0.0000  0.5000
       5       0
  0.0000  0.5000
       5       0
  7   5   4   3
  0.0000  0.1339  0.4962  0.5000
      10      11       5       0
  0.0000  0.3866  0.5000
       5      10       0
  7   6   2   4
  0.0000  0.5000
       5       0
  0.0000  0.0677  0.1112  0.5000
       5      10      18       0
  7   7   4   2
  0.0000  0.0311  0.3282  0.5000
      16      11      10       0
  0.0000  0.5000
       5       0
  7   8   2   3
  0.0000  0.5000
      10       0
  0.0000  0.3866  0.5000
       5      10       0
  7   9   3   4
  0.0000  0.2211  0.5000
      10       5       0
  0.0000  0.0311  0.3514  0.5000
      16      11      10       0
  7  10   4   4
  0.0000  0.0311  0.4330  0.5000
      16      11      16       0
  0.0000  0.1028  0.3340  0.5000
      11      10      18       0
  8   1   5   4
  0.0000  0.0311  0.1028  0.3340  0.5000
      16      11      10      18       0
  0.0000  0.0311  0.4330  0.5000
      16      11      16       0
  8   2   4   2
  0.0000  0.0845  0.2946  0.5000
      10       5      10       0
  0.0000  0.5000
      10       0
  8   3   6   4
  0.0000  0.0051  0.0906  0.1675  0.2346  0.5000
      17      18      10       5      10       0
  0.0000  0.1367  0.4962  0.5000
      10      11       5       0
  8   4   2   2
  0.0000  0.5000
       5       0
  0.0000  0.5000
       5       0
  8   5   5   5
  0.0000  0.1339  0.1993  0.3866  0.5000
      10      11       5      10       0
  0.0000  0.0739  0.4157  0.4962  0.5000
      10       5      11       5       0
  8   6   2   4
  0.0000  0.5000
      10       0
  0.0000  0.1339  0.4957  0.5000
      10      11      10       0
  8   7   2   3
  0.0000  0.5000
       5       0
  0.0000  0.3866  0.5000
       5      10       0
  8   8   2   4
  0.0000  0.5000
       5       0
  0.0000  0.2243  0.3282  0.5000
       5      11      10       0
  8   9   4   4
  0.0000  0.0677  0.1112  0.5000
       5      10      18       0
  0.0000  0.1028  0.3340  0.5000
      11      10      18       0
  8  10   4   4
  0.0000  0.3494  0.4646  0.5000
      10       5      10       0
  0.0000  0.1853  0.4962  0.5000
       5      11       5       0
  9   1   7   4
  0.0000  0.1339  0.1993  0.3866  0.4577  0.4820  0.5000
      10      11       5      10      11      10       0
  0.0000  0.1853  0.4962  0.5000
       5      11       5       0
  9   2   9   2
  0.0000  0.0051  0.0501  0.1367  0.2229  0.2346  0.2941  0.4962  0.5000
      17      18      10      11       5      10      11       5       0
  0.0000  0.5000
      10       0
  9   3   2   6
  0.0000  0.5000
       5       0
  0.0000  0.0051  0.0906  0.1367  0.4962  0.5000
      17      18      10      11       5       0
  9   4   5   5
  0.0000  0.0739  0.4157  0.4962  0.5000
      10       5      11       5       0
  0.0000  0.0739  0.4157  0.4962  0.5000
      10       5      11       5       0
  9   5   4   5
  0.0000  0.0311  0.4330  0.5000
      16      11      16       0
  0.0000  0.1339  0.1993  0.3866  0.5000
      10      11       5      10       0
  9   6   4   2
  0.0000  0.1853  0.4962  0.5000
       5      11       5       0
  0.0000  0.5000
       5       0
  9   7   2   3
  0.0000  0.5000
       5       0
  0.0000  0.3866  0.5000
       5      10       0
  9   8   4   2
  0.0000  0.1339  0.4957  0.5000
      10      11      10       0
  0.0000  0.5000
      10       0
  9   9   4   3
  0.0000  0.0739  0.3866  0.5000
      10       5      10       0
  0.0000  0.3866  0.5000
       5      10       0
  9  10   4   4
  0.0000  0.0311  0.4330  0.5000
      16      11      16       0
  0.0000  0.1028  0.2253  0.5000
      11      10      18       0
 10   1   4   5
  0.0000  0.0311  0.4083  0.5000
      16      11      10       0
  0.0000  0.0420  0.0739  0.3866  0.5000
       5      10       5      10       0
 10   2   3   4
  0.0000  0.3866  0.5000
       5      10       0
  0.0000  0.1339  0.4957  0.5000
      10      11      10       0
 10   3   4   3
  0.0000  0.1339  0.4957  0.5000
      10      11      10       0
  0.0000  0.3866  0.5000
       5      10       0
 10   4   4   6
  0.0000  0.1853  0.4962  0.5000
       5      11       5       0
  0.0000  0.1339  0.1993  0.3350  0.4962  0.5000
      10      11       5      11       5       0
 10   5   9   2
  0.0000  0.0051  0.0501  0.1367  0.2229  0.2346  0.2941  0.3543  0.5000
      17      18      10      11       5      10      11      10       0
  0.0000  0.5000
      10       0
 10   6   4   3
  0.0000  0.1853  0.2927  0.5000
       5      11       5       0
  0.0000  0.3866  0.5000
       5      10       0
 10   7   3   4
  0.0000  0.3866  0.5000
       5      10       0
  0.0000  0.3866  0.3917  0.5000
       5      10       5       0
 10   8   4   4
  0.0000  0.0311  0.4330  0.5000
      16      11      16       0
  0.0000  0.1339  0.4957  0.5000
      10      11      10       0
 10   9   5   7
  0.0000  0.0311  0.1028  0.2253  0.5000
      16      11      10      18       0
  0.0000  0.0051  0.0501  0.1367  0.2229  0.2346  0.5000
      17      18      10      11       5      10       0
 10  10   4   6
  0.0000  0.1853  0.4962  0.5000
       5      11       5       0
  0.0000  0.0051  0.0906  0.1367  0.4962  0.5000
      17      18      10      11       5       0
 11   1   3   2
  0.0000  0.3866  0.5000
       5      10       0
  0.0000  0.5000
      10       0
 11   2   3   4
  0.0000  0.3866  0.5000
       5      10       0
  0.0000  0.0311  0.4330  0.5000
      16      11      16       0
 11   3   2   7
  0.0000  0.5000
      10       0
  0.0000  0.1880  0.2229  0.2346  0.2941  0.3543  0.5000
      10      11       5      10      11      10       0
 11   4   3   4
  0.0000  0.3866  0.5000
       5      10       0
  0.0000  0.0372  0.3866  0.5000
      10       5      10       0
 11   5   3   6
  0.0000  0.3866  0.5000
       5      10       0
  0.0000  0.0051  0.0906  0.1367  0.4962  0.5000
      17      18      10      11       5       0
 11   6   6   5
  0.0000  0.0051  0.0501  0.1367  0.1575  0.5000
      17      18      10      11      10       0
  0.0000  0.2493  0.3211  0.3866  0.5000
       5      11       5      10       0
 11   7   3   4
  0.0000  0.3866  0.5000
       5      10       0
  0.0000  0.1339  0.4957  0.5000
      10      11      10       0
 11   8   4   6
  0.0000  0.3866  0.4988  0.5000
       5      10       5       0
  0.0000  0.0051  0.0501  0.1367  0.1420  0.5000
      17      18      10      11      10       0
 11   9   6   4
  0.0000  0.0311  0.4330  0.4380  0.4957  0.5000
      16      11      16      11      10       0
  0.0000  0.0311  0.4083  0.5000
      16      11      10       0
 11  10   7   4
  0.0000  0.0562  0.1339  0.1993  0.3350  0.4962  0.5000
       5      10      11       5      11       5       0
  0.0000  0.0311  0.4330  0.5000
      16      11      16       0
 12   1   6   3
  0.0000  0.0051  0.0501  0.1367  0.1575  0.5000
      17      18      10      11      10       0
  0.0000  0.3866  0.5000
       5      10       0
 12   2   7   3
  0.0000  0.1880  0.2229  0.2346  0.2941  0.3543  0.5000
      10      11       5      10      11      10       0
  0.0000  0.3866  0.5000
       5      10       0
 12   3   3   4
  0.0000  0.3866  0.5000
       5      10       0
  0.0000  0.0372  0.3866  0.5000
      10       5      10       0
 12   4   5   7
  0.0000  0.2493  0.3211  0.3866  0.5000
       5      11       5      10       0
  0.0000  0.1880  0.2229  0.2346  0.2941  0.3543  0.5000
      10      11       5      10      11      10       0
 12   5   4   7
  0.0000  0.0311  0.4330  0.5000
      16      11      16       0
  0.0000  0.1880  0.2229  0.2346  0.2941  0.3543  0.5000
      10      11       5      10      11      10       0
 12   6   5   2
  0.0000  0.1931  0.2294  0.3866  0.5000
       5      10       5      10       0
  0.0000  0.5000
      10       0
 12   7   6   4
  0.0000  0.0051  0.0501  0.1367  0.1575  0.5000
      17      18      10      11      10       0
  0.0000  0.0311  0.4083  0.5000
      16      11      10       0
 12   8   3   7
  0.0000  0.3866  0.5000
       5      10       0
  0.0000  0.0051  0.0906  0.1367  0.3815  0.3866  0.5000
      17      18      10      11       5      10       0
 12   9   2   3
  0.0000  0.5000
      10       0
  0.0000  0.0305  0.5000
       5      10       0
 12  10   4   2
  0.0000  0.0372  0.3866  0.5000
      10       5      10       0
  0.0000  0.5000
      10       0
 13   1   6   4
  0.0000  0.0051  0.0501  0.1367  0.1575  0.5000
      17      18      10      11      10       0
  0.0000  0.0311  0.4083  0.5000
      16      11      10       0
 13   2   8   8
  0.0000  0.0051  0.0501  0.1367  0.1575  0.3176  0.4083  0.5000
      17      18      10      11      10      11      10       0
  0.0000  0.0051  0.0906  0.1171  0.2114  0.3815  0.3866  0.5000
      17      18      10       5      11       5      10       0
 13   3   2   6
  0.0000  0.5000
      10       0
  0.0000  0.2493  0.2558  0.2941  0.3543  0.5000
       5      11      10      11      10       0
 13   4   5   7
  0.0000  0.1931  0.2294  0.3866  0.5000
       5      10       5      10       0
  0.0000  0.1880  0.2229  0.2346  0.2941  0.3543  0.5000
      10      11       5      10      11      10       0
 13   5   3   6
  0.0000  0.0305  0.5000
       5      10       0
  0.0000  0.1704  0.2493  0.3211  0.3866  0.5000
      10       5      11       5      10       0
 13   6   2   9
  0.0000  0.5000
      10       0
  0.0000  0.0311  0.1034  0.1880  0.2229  0.2346  0.2941  0.3543  0.5000
      16      11      10      11       5      10      11      10       0
 13   7   7   4
  0.0000  0.1880  0.2229  0.2346  0.2941  0.3543  0.5000
      10      11       5      10      11      10       0
  0.0000  0.2763  0.3866  0.5000
      10       5      10       0
 13   8   7   4
  0.0000  0.0051  0.0906  0.1367  0.3815  0.3866  0.5000
      17      18      10      11       5      10       0
  0.0000  0.0372  0.3866  0.5000
      10       5      10       0
 13   9   7   9
  0.0000  0.1880  0.2229  0.2346  0.2941  0.4330  0.5000
      10      11       5      10      11      16       0
  0.0000  0.1880  0.2229  0.2346  0.2941  0.3543  0.4190  0.4330  0.5000
      10      11       5      10      11      10      11      16       0
 13  10   3  11
  0.0000  0.0305  0.5000
       5      10       0
  0.0000  0.0311  0.0572  0.1880  0.2229  0.2346  0.2941  0.3543  0.4149  0.4330
      16      11      10      11       5      10      11      10      11      16
  0.5000
       0
 14   1   6   7
  0.0000  0.2493  0.2558  0.2941  0.3543  0.5000
       5      11      10      11      10       0
  0.0000  0.1880  0.2229  0.2346  0.2941  0.4330  0.5000
      10      11       5      10      11      16       0
 14   2   4   7
  0.0000  0.0311  0.4083  0.5000
      16      11      10       0
  0.0000  0.0305  0.1704  0.2493  0.3211  0.3866  0.5000
       5      10       5      11       5      10       0
 14   3   7   7
  0.0000  0.1880  0.2229  0.2346  0.2941  0.3543  0.5000
      10      11       5      10      11      10       0
  0.0000  0.0534  0.2493  0.2558  0.2941  0.3543  0.5000
      10       5      11      10      11      10       0
 14   4   7   6
  0.0000  0.0051  0.0906  0.1367  0.3815  0.3866  0.5000
      17      18      10      11       5      10       0
  0.0000  0.0051  0.0501  0.1367  0.1575  0.5000
      17      18      10      11      10       0
 14   5   9  11
  0.0000  0.0311  0.1034  0.1880  0.2229  0.2346  0.2941  0.3543  0.5000
      16      11      10      11       5      10      11      10       0
  0.0000  0.0311  0.0572  0.1880  0.2229  0.2346  0.2941  0.3543  0.4149  0.4330
      16      11      10      11       5      10      11      10      11      16
  0.5000
       0
 14   6   5   3
  0.0000  0.1931  0.2294  0.3866  0.5000
       5      10       5      10       0
  0.0000  0.0305  0.5000
       5      10       0
 14   7   9   9
  0.0000  0.1880  0.2229  0.2346  0.2941  0.3643  0.4190  0.4330  0.5000
      10      11       5      10      11      10      11      16       0
  0.0000  0.1880  0.2229  0.2346  0.2941  0.3543  0.4190  0.4330  0.5000
      10      11       5      10      11      10      11      16       0
 14   8   9   7
  0.0000  0.0311  0.0572  0.1880  0.2229  0.2346  0.2941  0.3543  0.5000
      16      11      10      11       5      10      11      10       0
  0.0000  0.1880  0.2229  0.2346  0.2941  0.3543  0.5000
      10      11       5      10      11      10       0
 14   9   3   5
  0.0000  0.0305  0.5000
       5      10       0
  0.0000  0.1931  0.2294  0.3866  0.5000
       5      10       5      10       0
 14  10   7   9
  0.0000  0.0051  0.0906  0.1367  0.3815  0.3866  0.5000
      17      18      10      11       5      10       0
  0.0000  0.0311  0.1034  0.1880  0.2229  0.2346  0.2941  0.3543  0.5000
      16      11      10      11       5      10      11      10       0
 15   1   7   7
  0.0000  0.1880  0.2229  0.2346  0.2941  0.3543  0.5000
      10      11       5      10      11      10       0
  0.0000  0.0051  0.0906  0.1367  0.3815  0.3866  0.5000
      17      18      10      11       5      10       0
 15   2   9   5
  0.0000  0.0311  0.0572  0.1880  0.2229  0.2346  0.2941  0.3543  0.5000
      16      11      10      11       5      10      11      10       0
  0.0000  0.1931  0.2294  0.3866  0.5000
       5      10       5      10       0
 15   3   7   5
  0.0000  0.0051  0.0906  0.1367  0.3815  0.3866  0.5000
      17      18      10      11       5      10       0
  0.0000  0.0305  0.1617  0.4083  0.5000
       5      10      11      10       0
 15   4   5   7
  0.0000  0.1931  0.2294  0.3866  0.5000
       5      10       5      10       0
  0.0000  0.1880  0.2229  0.2346  0.2941  0.4330  0.5000
      10      11       5      10      11      16       0
 15   5   9   3
  0.0000  0.1880  0.2229  0.2346  0.2941  0.3543  0.4190  0.4330  0.5000
      10      11       5      10      11      10      11      16       0
  0.0000  0.0305  0.5000
       5      10       0
 15   6   9   5
  0.0000  0.0311  0.0572  0.1880  0.2229  0.2346  0.2941  0.3543  0.5000
      16      11      10      11       5      10      11      10       0
  0.0000  0.1931  0.2294  0.3866  0.5000
       5      10       5      10       0
 15   7   7   9
  0.0000  0.1880  0.2229  0.2346  0.2941  0.3543  0.5000
      10      11       5      10      11      10       0
  0.0000  0.0051  0.0906  0.1367  0.2229  0.2346  0.2941  0.3543  0.5000
      17      18      10      11       5      10      11      10       0
 15   8   5   9
  0.0000  0.1931  0.2294  0.3866  0.5000
       5      10       5      10       0
  0.0000  0.0534  0.0728  0.1880  0.2229  0.2346  0.2941  0.3543  0.5000
      10       5      10      11       5      10      11      10       0
 15   9   6   9
  0.0000  0.2493  0.2558  0.2941  0.3543  0.5000
       5      11      10      11      10       0
  0.0000  0.1880  0.2229  0.2346  0.2941  0.3643  0.4190  0.4330  0.5000
      10      11       5      10      11      10      11      16       0
 15  10   7   3
  0.0000  0.0305  0.1468  0.1931  0.2294  0.3866  0.5000
       5      10       5      10       5      10       0
  0.0000  0.0305  0.5000
       5      10       0
 16   1   7   9
  0.0000  0.0051  0.0906  0.1367  0.3815  0.3866  0.5000
      17      18      10      11       5      10       0
  0.0000  0.1880  0.2229  0.2346  0.2941  0.3543  0.4190  0.4330  0.5000
      10      11       5      10      11      10      11      16       0
 16   2   7   8
  0.0000  0.1931  0.2294  0.2405  0.2941  0.3543  0.5000
       5      10       5      10      11      10       0
  0.0000  0.0849  0.1880  0.2229  0.2346  0.2941  0.3543  0.5000
       5      10      11       5      10      11      10       0
 16   3  10   7
  0.0000  0.1466  0.1880  0.2229  0.2346  0.2941  0.3643  0.4190  0.4330  0.5000
       5      10      11       5      10      11      10      11      16       0


  0.0000  0.1880  0.2229  0.2346  0.2941  0.3543  0.5000
      10      11       5      10      11      10       0
 16   4   9   9
  0.0000  0.1880  0.2229  0.2346  0.2941  0.3543  0.4190  0.4330  0.5000
      10      11       5      10      11      10      11      16       0
  0.0000  0.1880  0.2229  0.2346  0.3070  0.3543  0.4190  0.4330  0.5000
      10      11       5      10      11      10      11      16       0
 16   5   9   9
  0.0000  0.0899  0.0906  0.1367  0.2229  0.2346  0.2941  0.3543  0.5000
      10      18      10      11       5      10      11      10       0
  0.0000  0.1880  0.2229  0.2346  0.2941  0.3543  0.4190  0.4330  0.5000
      10      11       5      10      11      10      11      16       0
 16   6  10  10
  0.0000  0.1880  0.2229  0.2346  0.2941  0.3643  0.4190  0.4330  0.4986  0.5000
      10      11       5      10      11      10      11      16      10       0


  0.0000  0.0311  0.0386  0.1931  0.2009  0.2229  0.2346  0.2941  0.3543  0.5000
      16      11       5      10      11       5      10      11      10       0


 16   7   9   7
  0.0000  0.0534  0.0728  0.1880  0.2229  0.2346  0.2941  0.3543  0.5000
      10       5      10      11       5      10      11      10       0
  0.0000  0.0051  0.0906  0.1367  0.3815  0.3866  0.5000
      17      18      10      11       5      10       0
 16   8   9  11
  0.0000  0.0534  0.0728  0.1880  0.2229  0.2346  0.2941  0.3543  0.5000
      10       5      10      11       5      10      11      10       0
  0.0000  0.0051  0.0906  0.1367  0.1746  0.1880  0.2229  0.2346  0.2941  0.3543
      17      18      10      11      10      11       5      10      11      10
  0.5000
       0
 16   9  11   7
  0.0000  0.0051  0.0906  0.1367  0.1418  0.1880  0.2229  0.2346  0.2941  0.3543
      17      18      10      11      10      11       5      10      11      10
  0.5000
       0
  0.0000  0.0051  0.0906  0.1367  0.3815  0.3866  0.5000
      17      18      10      11       5      10       0
 16  10   3   7
  0.0000  0.0305  0.5000
       5      10       0
  0.0000  0.0087  0.0906  0.1367  0.3815  0.3866  0.5000
       5      18      10      11       5      10       0
 17   1   7   7
  0.0000  0.0087  0.0906  0.1367  0.3815  0.3866  0.5000
       5      18      10      11       5      10       0
  0.0000  0.0051  0.0906  0.1367  0.3815  0.3866  0.5000
      17      18      10      11       5      10       0
 17   2   7  11
  0.0000  0.0051  0.0906  0.1367  0.3815  0.3866  0.5000
      17      18      10      11       5      10       0
  0.0000  0.0051  0.0906  0.1367  0.1746  0.1880  0.2229  0.2346  0.2941  0.3543
      17      18      10      11      10      11       5      10      11      10
  0.5000
       0
 17   3  11   9
  0.0000  0.0051  0.0906  0.1367  0.1746  0.1880  0.2229  0.2346  0.2941  0.3543
      17      18      10      11      10      11       5      10      11      10
  0.5000
       0
  0.0000  0.1880  0.2229  0.2346  0.2941  0.3543  0.4190  0.4330  0.5000
      10      11       5      10      11      10      11      16       0
 17   4   5   9
  0.0000  0.0305  0.2348  0.3271  0.5000
       5      10      11      10       0
  0.0000  0.1880  0.2229  0.2346  0.3070  0.3543  0.4190  0.4330  0.5000
      10      11       5      10      11      10      11      16       0
 17   5   7   9
  0.0000  0.0051  0.0906  0.1367  0.3815  0.3866  0.5000
      17      18      10      11       5      10       0
  0.0000  0.1880  0.2229  0.2346  0.2941  0.3543  0.4190  0.4330  0.5000
      10      11       5      10      11      10      11      16       0
 17   6   9   7
  0.0000  0.1880  0.2229  0.2346  0.2941  0.3543  0.4190  0.4330  0.5000
      10      11       5      10      11      10      11      16       0
  0.0000  0.0051  0.0906  0.1367  0.3815  0.3866  0.5000
      17      18      10      11       5      10       0
 17   7   9   8
  0.0000  0.0899  0.0906  0.1367  0.2229  0.2346  0.2941  0.3543  0.5000
      10      18      10      11       5      10      11      10       0
  0.0000  0.1466  0.1880  0.2229  0.2346  0.2941  0.3543  0.5000
       5      10      11       5      10      11      10       0
 17   8   7   3
  0.0000  0.1931  0.2294  0.2405  0.2941  0.3543  0.5000
       5      10       5      10      11      10       0
  0.0000  0.0305  0.5000
       5      10       0
 17   9  13   7
  0.0000  0.0051  0.0063  0.0534  0.0728  0.1367  0.1746  0.1880  0.2229  0.2346
      17      18      10       5      10      11      10      11       5      10
  0.2941  0.3543  0.5000
      11      10       0
  0.0000  0.1880  0.2229  0.2291  0.3815  0.3866  0.5000
      10      11       5      11       5      10       0
 17  10  10  11
  0.0000  0.1880  0.2229  0.2346  0.2941  0.3643  0.4190  0.4330  0.4986  0.5000
      10      11       5      10      11      10      11      16      10       0


  0.0000  0.0293  0.0906  0.1367  0.1746  0.1880  0.2229  0.2346  0.2941  0.3543
      10      18      10      11      10      11       5      10      11      10
  0.5000
       0
 18   1  10   6
  0.0000  0.1880  0.2229  0.2346  0.2941  0.3643  0.4190  0.4330  0.4986  0.5000
      10      11       5      10      11      10      11      16      10       0


  0.0000  0.0051  0.0906  0.1367  0.3543  0.5000
      17      18      10      11      10       0
 18   2   5   4
  0.0000  0.2348  0.3271  0.4937  0.5000
      10      11      10      16       0
  0.0000  0.2348  0.3271  0.5000
      10      11      10       0
 18   3  10   9
  0.0000  0.1880  0.2229  0.2346  0.2941  0.3643  0.4190  0.4330  0.4986  0.5000
      10      11       5      10      11      10      11      16      10       0


  0.0000  0.0305  0.0554  0.1931  0.2294  0.2405  0.2941  0.3543  0.5000
       5      10       5      10       5      10      11      10       0
 18   4  11   3
  0.0000  0.0051  0.0906  0.1367  0.1746  0.1880  0.2229  0.2346  0.2941  0.3543
      17      18      10      11      10      11       5      10      11      10
  0.5000
       0
  0.0000  0.0305  0.5000
       5      10       0
 18   5   7   7
  0.0000  0.1880  0.2229  0.2346  0.2941  0.3543  0.5000
      10      11       5      10      11      10       0
  0.0000  0.1880  0.2229  0.2291  0.3815  0.3866  0.5000
      10      11       5      11       5      10       0
 18   6   9   9
  0.0000  0.1880  0.2229  0.2346  0.2941  0.3543  0.4190  0.4330  0.5000
      10      11       5      10      11      10      11      16       0
  0.0000  0.1367  0.1746  0.1880  0.2229  0.2346  0.2941  0.3543  0.5000
      10      11      10      11       5      10      11      10       0
 18   7  10   8
  0.0000  0.1880  0.2229  0.2346  0.2941  0.3543  0.4190  0.4330  0.4437  0.5000
      10      11       5      10      11      10      11      16      10       0


  0.0000  0.0051  0.0906  0.1367  0.1746  0.1880  0.3543  0.5000
      17      18      10      11      10      11      10       0
 18   8  10   7
  0.0000  0.1880  0.2229  0.2346  0.2941  0.3543  0.4190  0.4330  0.4505  0.5000
      10      11       5      10      11      10      11      16      10       0


  0.0000  0.0051  0.0906  0.1367  0.3815  0.3866  0.5000
      17      18      10      11       5      10       0
 18   9   7   7
  0.0000  0.0051  0.0906  0.1367  0.3815  0.3866  0.5000
      17      18      10      11       5      10       0
  0.0000  0.0051  0.0906  0.1367  0.3815  0.3866  0.5000
      17      18      10      11       5      10       0
 18  10   7   7
  0.0000  0.0051  0.0906  0.1367  0.3815  0.3866  0.5000
      17      18      10      11       5      10       0
  0.0000  0.0480  0.0906  0.1367  0.3815  0.3866  0.5000
      10      18      10      11       5      10       0
 19   1   7   9
  0.0000  0.1880  0.2229  0.2346  0.2941  0.3543  0.5000
      10      11       5      10      11      10       0
  0.0000  0.1880  0.2229  0.2346  0.2941  0.3543  0.4190  0.4330  0.5000
      10      11       5      10      11      10      11      16       0
 19   2   8   7
  0.0000  0.0305  0.1956  0.2229  0.2346  0.2941  0.3543  0.5000
       5      10      11       5      10      11      10       0
  0.0000  0.0051  0.0906  0.1367  0.3815  0.3866  0.5000
      17      18      10      11       5      10       0
 19   3   8   9
  0.0000  0.0051  0.0906  0.1367  0.1746  0.1880  0.3543  0.5000
      17      18      10      11      10      11      10       0
  0.0000  0.1880  0.2229  0.2346  0.2941  0.3543  0.4190  0.4330  0.5000
      10      11       5      10      11      10      11      16       0
 19   4   8   8
  0.0000  0.0051  0.0906  0.1367  0.1746  0.1880  0.3543  0.5000
      17      18      10      11      10      11      10       0
  0.0000  0.0051  0.0906  0.1367  0.1746  0.1880  0.3543  0.5000
      17      18      10      11      10      11      10       0
 19   5   7  11
  0.0000  0.0480  0.0906  0.1367  0.3815  0.3866  0.5000
      10      18      10      11       5      10       0
  0.0000  0.0051  0.0906  0.1367  0.1746  0.1880  0.2229  0.2346  0.2941  0.3543
      17      18      10      11      10      11       5      10      11      10
  0.5000
       0
 19   6  10   9
  0.0000  0.1880  0.2229  0.2346  0.2941  0.3543  0.4190  0.4330  0.4505  0.5000
      10      11       5      10      11      10      11      16      10       0


  0.0000  0.1367  0.1746  0.1880  0.2229  0.2346  0.2941  0.3543  0.5000
      10      11      10      11       5      10      11      10       0
 19   7   9   7
  0.0000  0.1367  0.1746  0.1880  0.2229  0.2346  0.2941  0.3543  0.5000
      10      11      10      11       5      10      11      10       0
  0.0000  0.0051  0.0906  0.1367  0.3815  0.3866  0.5000
      17      18      10      11       5      10       0
 19   8   4  10
  0.0000  0.0051  0.0577  0.5000
      17      18      10       0
  0.0000  0.1880  0.2229  0.2346  0.2941  0.3543  0.4190  0.4330  0.4505  0.5000
      10      11       5      10      11      10      11      16      10       0


 19   9   7   7
  0.0000  0.0480  0.0906  0.1367  0.3815  0.3866  0.5000
      10      18      10      11       5      10       0
  0.0000  0.1880  0.2229  0.2291  0.3815  0.3866  0.5000
      10      11       5      11       5      10       0
 19  10  11   6
  0.0000  0.0051  0.0906  0.1367  0.1746  0.1880  0.3543  0.4190  0.4330  0.4437
      17      18      10      11      10      11      10      11      16      10
  0.5000
       0
  0.0000  0.0051  0.0906  0.1367  0.3543  0.5000
      17      18      10      11      10       0
 20   1   7   7
  0.0000  0.0480  0.0906  0.1367  0.3815  0.3866  0.5000
      10      18      10      11       5      10       0
  0.0000  0.1880  0.2229  0.2291  0.3815  0.3866  0.5000
      10      11       5      11       5      10       0
 20   2  10  10
  0.0000  0.1880  0.2229  0.2346  0.2941  0.3543  0.4190  0.4330  0.4505  0.5000
      10      11       5      10      11      10      11      16      10       0


  0.0000  0.1367  0.1746  0.1880  0.2229  0.2346  0.2413  0.3815  0.3866  0.5000
      10      11      10      11       5      10      11       5      10       0


 20   3   7  11
  0.0000  0.1880  0.2229  0.2346  0.2941  0.3543  0.5000
      10      11       5      10      11      10       0
  0.0000  0.0051  0.0906  0.1367  0.1746  0.1880  0.2229  0.2346  0.2941  0.3543
      17      18      10      11      10      11       5      10      11      10
  0.5000
       0
 20   4  11   7
  0.0000  0.0051  0.0906  0.1367  0.2229  0.2346  0.2941  0.3543  0.3563  0.3729
      17      18      10      11       5      10      11      10      11      10
  0.5000
       0
  0.0000  0.0480  0.0906  0.1367  0.3815  0.3866  0.5000
      10      18      10      11       5      10       0
 20   5   9   4
  0.0000  0.1880  0.2229  0.2346  0.2941  0.3543  0.4190  0.4330  0.5000
      10      11       5      10      11      10      11      16       0
  0.0000  0.0051  0.0577  0.5000
      17      18      10       0
 20   6  10   7
  0.0000  0.1880  0.2229  0.2346  0.2941  0.3543  0.4190  0.4330  0.4505  0.5000
      10      11       5      10      11      10      11      16      10       0


  0.0000  0.0051  0.0906  0.1367  0.3815  0.3866  0.5000
      17      18      10      11       5      10       0
 20   7   7  10
  0.0000  0.0051  0.0906  0.1367  0.3815  0.3866  0.5000
      17      18      10      11       5      10       0
  0.0000  0.1880  0.2229  0.2346  0.2941  0.3543  0.4190  0.4330  0.4505  0.5000
      10      11       5      10      11      10      11      16      10       0


 20   8   7   9
  0.0000  0.0051  0.0906  0.1367  0.3815  0.3866  0.5000
      17      18      10      11       5      10       0
  0.0000  0.1880  0.2229  0.2346  0.2941  0.3543  0.4190  0.4330  0.5000
      10      11       5      10      11      10      11      16       0
 20   9   7   9
  0.0000  0.0480  0.0906  0.1367  0.3815  0.3866  0.5000
      10      18      10      11       5      10       0
  0.0000  0.1880  0.2229  0.2346  0.2941  0.3543  0.4190  0.4330  0.5000
      10      11       5      10      11      10      11      16       0
 20  10   8   9
  0.0000  0.0051  0.0906  0.1367  0.1746  0.1880  0.3543  0.5000
      17      18      10      11      10      11      10       0
  0.0000  0.0305  0.0567  0.0906  0.1367  0.2807  0.2941  0.3543  0.5000
       5      10      18      10      11      10      11      10       0
 21   1   7   7
  0.0000  0.0051  0.0906  0.1367  0.3815  0.3866  0.5000
      17      18      10      11       5      10       0
  0.0000  0.0480  0.0906  0.1367  0.3815  0.3866  0.5000
      10      18      10      11       5      10       0
 21   2  10   9
  0.0000  0.1880  0.2229  0.2346  0.2941  0.3543  0.4190  0.4330  0.4505  0.5000
      10      11       5      10      11      10      11      16      10       0


  0.0000  0.0305  0.0567  0.0906  0.1367  0.2807  0.2941  0.3543  0.5000
       5      10      18      10      11      10      11      10       0
 21   3  11   7
  0.0000  0.0051  0.0906  0.1367  0.2229  0.2346  0.2941  0.3543  0.3563  0.3729
      17      18      10      11       5      10      11      10      11      10
  0.5000
       0
  0.0000  0.0051  0.0906  0.1367  0.3815  0.3866  0.5000
      17      18      10      11       5      10       0
 21   4   7  10
  0.0000  0.0480  0.0906  0.1367  0.3815  0.3866  0.5000
      10      18      10      11       5      10       0
  0.0000  0.1880  0.2229  0.2346  0.2941  0.3543  0.4190  0.4330  0.4505  0.5000
      10      11       5      10      11      10      11      16      10       0


 21   5   8   9
  0.0000  0.0051  0.0906  0.1367  0.1746  0.1880  0.3543  0.5000
      17      18      10      11      10      11      10       0
  0.0000  0.0480  0.0906  0.1880  0.2229  0.2291  0.3815  0.3866  0.5000
      10      18      10      11       5      11       5      10       0
 21   6  10   7
  0.0000  0.1367  0.1746  0.1880  0.2229  0.2346  0.2413  0.3815  0.3866  0.5000
      10      11      10      11       5      10      11       5      10       0


  0.0000  0.0480  0.0906  0.1367  0.3815  0.3866  0.5000
      10      18      10      11       5      10       0
 21   7  10  11
  0.0000  0.1880  0.2229  0.2346  0.2941  0.3543  0.4190  0.4330  0.4505  0.5000
      10      11       5      10      11      10      11      16      10       0


  0.0000  0.0051  0.0906  0.1367  0.1746  0.1880  0.2229  0.2346  0.2941  0.3543
      17      18      10      11      10      11       5      10      11      10
  0.5000
       0
 21   8  10   9
  0.0000  0.1367  0.1746  0.1880  0.2229  0.2346  0.2413  0.3815  0.3866  0.5000
      10      11      10      11       5      10      11       5      10       0


  0.0000  0.1880  0.2229  0.2346  0.2941  0.3543  0.4190  0.4330  0.5000
      10      11       5      10      11      10      11      16       0
 21   9   8   9
  0.0000  0.1880  0.2229  0.2346  0.2400  0.3815  0.3866  0.5000
      10      11       5      10      11       5      10       0
  0.0000  0.0305  0.0567  0.0906  0.1367  0.2807  0.2941  0.3543  0.5000
       5      10      18      10      11      10      11      10       0
 21  10  10  10
  0.0000  0.1880  0.2229  0.2346  0.2941  0.3543  0.4190  0.4330  0.4505  0.5000
      10      11       5      10      11      10      11      16      10       0


  0.0000  0.1880  0.2229  0.2346  0.2941  0.3543  0.4190  0.4330  0.4505  0.5000
      10      11       5      10      11      10      11      16      10       0


 22   1   9  11
  0.0000  0.0305  0.0567  0.0906  0.1367  0.2807  0.2941  0.3543  0.5000
       5      10      18      10      11      10      11      10       0
  0.0000  0.0051  0.0906  0.1367  0.1746  0.1880  0.2229  0.2346  0.2941  0.3543
      17      18      10      11      10      11       5      10      11      10
  0.5000
       0
 22   2   7  11
  0.0000  0.0480  0.0906  0.1367  0.3815  0.3866  0.5000
      10      18      10      11       5      10       0
  0.0000  0.0051  0.0906  0.1367  0.2229  0.2346  0.2941  0.3543  0.3563  0.3729
      17      18      10      11       5      10      11      10      11      10
  0.5000
       0
 22   3  10   8
  0.0000  0.0480  0.0906  0.1367  0.2229  0.2346  0.2413  0.3815  0.3866  0.5000
      10      18      10      11       5      10      11       5      10       0


  0.0000  0.0480  0.0906  0.1880  0.2229  0.2291  0.3543  0.5000
      10      18      10      11       5      11      10       0
 22   4   9  10
  0.0000  0.1880  0.2229  0.2346  0.2400  0.2807  0.2941  0.3543  0.5000
      10      11       5      10      11      10      11      10       0
  0.0000  0.1880  0.2229  0.2346  0.2941  0.3543  0.4190  0.4330  0.4505  0.5000
      10      11       5      10      11      10      11      16      10       0


 22   5   8   9
  0.0000  0.0051  0.0906  0.1367  0.1746  0.1880  0.3543  0.5000
      17      18      10      11      10      11      10       0
  0.0000  0.0051  0.0906  0.1880  0.2229  0.2291  0.3815  0.3866  0.5000
      17      18      10      11       5      11       5      10       0
 22   6   7   9
  0.0000  0.0480  0.0906  0.1367  0.3815  0.3866  0.5000
      10      18      10      11       5      10       0
  0.0000  0.0480  0.0906  0.1880  0.2229  0.2291  0.3815  0.3866  0.5000
      10      18      10      11       5      11       5      10       0
 22   7   7   9
  0.0000  0.0480  0.0906  0.1367  0.3815  0.3866  0.5000
      10      18      10      11       5      10       0
  0.0000  0.0480  0.0906  0.1880  0.2229  0.2291  0.3815  0.3866  0.5000
      10      18      10      11       5      11       5      10       0
 22   8   9  10
  0.0000  0.0051  0.0906  0.1367  0.1746  0.1880  0.3815  0.3866  0.5000
      17      18      10      11      10      11       5      10       0
  0.0000  0.1880  0.2229  0.2346  0.2941  0.3543  0.4190  0.4330  0.4505  0.5000
      10      11       5      10      11      10      11      16      10       0


 22   9   7  10
  0.0000  0.0051  0.0906  0.1367  0.3815  0.3866  0.5000
      17      18      10      11       5      10       0
  0.0000  0.1880  0.2229  0.2346  0.2941  0.3543  0.4190  0.4330  0.4505  0.5000
      10      11       5      10      11      10      11      16      10       0


 22  10   7  11
  0.0000  0.0051  0.0906  0.1367  0.3815  0.3866  0.5000
      17      18      10      11       5      10       0
  0.0000  0.0051  0.0906  0.1367  0.2229  0.2346  0.2941  0.3543  0.3563  0.3729
      17      18      10      11       5      10      11      10      11      10
  0.5000
       0
 23   1   9  10
  0.0000  0.0051  0.0906  0.1880  0.2229  0.2291  0.3815  0.3866  0.5000
      17      18      10      11       5      11       5      10       0
  0.0000  0.1880  0.2229  0.2346  0.2941  0.3543  0.4190  0.4330  0.4505  0.5000
      10      11       5      10      11      10      11      16      10       0


 23   2  11  10
  0.0000  0.0051  0.0906  0.1367  0.1746  0.1880  0.2229  0.2346  0.2941  0.3543
      17      18      10      11      10      11       5      10      11      10
  0.5000
       0
  0.0000  0.1880  0.2229  0.2346  0.2941  0.3543  0.4190  0.4330  0.4505  0.5000
      10      11       5      10      11      10      11      16      10       0


 23   3  11   9
  0.0000  0.0051  0.0906  0.1367  0.2229  0.2346  0.2941  0.3543  0.3563  0.3729
      17      18      10      11       5      10      11      10      11      10
  0.5000
       0
  0.0000  0.0480  0.0906  0.1880  0.2229  0.2291  0.3815  0.3866  0.5000
      10      18      10      11       5      11       5      10       0
 23   4  10  11
  0.0000  0.1880  0.2229  0.2346  0.2941  0.3543  0.4190  0.4330  0.4505  0.5000
      10      11       5      10      11      10      11      16      10       0


  0.0000  0.0051  0.0906  0.1367  0.2229  0.2346  0.2941  0.3543  0.3563  0.3729
      17      18      10      11       5      10      11      10      11      10
  0.5000
       0
 23   5  10   8
  0.0000  0.0480  0.0906  0.1367  0.2229  0.2346  0.2413  0.3815  0.3866  0.5000
      10      18      10      11       5      10      11       5      10       0


  0.0000  0.1880  0.2229  0.2346  0.2701  0.3815  0.3866  0.5000
      10      11       5      10      11       5      10       0
 23   6   7   9
  0.0000  0.0480  0.0906  0.1367  0.3815  0.3866  0.5000
      10      18      10      11       5      10       0
  0.0000  0.0480  0.0906  0.1880  0.2229  0.2291  0.3815  0.3866  0.5000
      10      18      10      11       5      11       5      10       0
 23   7  12  10
  0.0000  0.0007  0.0480  0.0906  0.1367  0.2229  0.2346  0.2941  0.3543  0.3563
      17      10      18      10      11       5      10      11      10      11
  0.3729  0.5000
      10       0
  0.0000  0.1880  0.2229  0.2346  0.2941  0.3543  0.4190  0.4330  0.4505  0.5000
      10      11       5      10      11      10      11      16      10       0


 23   8  10   8
  0.0000  0.1880  0.2229  0.2346  0.2941  0.3543  0.4190  0.4330  0.4505  0.5000
      10      11       5      10      11      10      11      16      10       0


  0.0000  0.1880  0.2229  0.2346  0.2941  0.3815  0.3866  0.5000
      10      11       5      10      11       5      10       0
 23   9   7   8
  0.0000  0.1880  0.2229  0.2346  0.2941  0.3543  0.5000
      10      11       5      10      11      10       0
  0.0000  0.0051  0.0906  0.1880  0.2229  0.2291  0.3543  0.5000
      17      18      10      11       5      11      10       0
 23  10  10   9
  0.0000  0.1880  0.2229  0.2346  0.2941  0.3543  0.4190  0.4330  0.4505  0.5000
      10      11       5      10      11      10      11      16      10       0


  0.0000  0.0051  0.0906  0.1367  0.1746  0.1880  0.3815  0.3866  0.5000
      17      18      10      11      10      11       5      10       0
 24   1  10   8
  0.0000  0.1880  0.2229  0.2346  0.2941  0.3543  0.4190  0.4330  0.4505  0.5000
      10      11       5      10      11      10      11      16      10       0


  0.0000  0.1880  0.2229  0.2346  0.2941  0.3815  0.3866  0.5000
      10      11       5      10      11       5      10       0
 24   2  10  11
  0.0000  0.1880  0.2229  0.2346  0.2941  0.3543  0.4190  0.4330  0.4505  0.5000
      10      11       5      10      11      10      11      16      10       0


  0.0000  0.0051  0.0906  0.1367  0.1746  0.1880  0.2229  0.2346  0.2941  0.3543
      17      18      10      11      10      11       5      10      11      10
  0.5000
       0
 24   3   9  10
  0.0000  0.0051  0.0906  0.1367  0.2229  0.2346  0.2641  0.3729  0.5000
      17      18      10      11       5      10      11      10       0
  0.0000  0.1880  0.2229  0.2346  0.2941  0.3543  0.4190  0.4330  0.4505  0.5000
      10      11       5      10      11      10      11      16      10       0


 24   4   5  10
  0.0000  0.1880  0.3815  0.3866  0.5000
      10      11       5      10       0
  0.0000  0.1880  0.2229  0.2346  0.2941  0.3543  0.4190  0.4330  0.4505  0.5000
      10      11       5      10      11      10      11      16      10       0


 24   5  10  10
  0.0000  0.1880  0.2229  0.2346  0.2941  0.3543  0.4190  0.4330  0.4505  0.5000
      10      11       5      10      11      10      11      16      10       0


  0.0000  0.1880  0.2229  0.2346  0.2941  0.3543  0.4190  0.4330  0.4505  0.5000
      10      11       5      10      11      10      11      16      10       0


 24   6  10  10
  0.0000  0.1880  0.2229  0.2346  0.2941  0.3543  0.4190  0.4330  0.4505  0.5000
      10      11       5      10      11      10      11      16      10       0


  0.0000  0.1880  0.2229  0.2346  0.2941  0.3543  0.4190  0.4330  0.4505  0.5000
      10      11       5      10      11      10      11      16      10       0


 24   7  10  11
  0.0000  0.1880  0.2229  0.2346  0.2941  0.3543  0.4190  0.4330  0.4505  0.5000
      10      11       5      10      11      10      11      16      10       0


  0.0000  0.0480  0.0906  0.1846  0.2229  0.2346  0.2941  0.3543  0.3563  0.3729
      10      18      10      11       5      10      11      10      11      10
  0.5000
       0
 24   8  10  12
  0.0000  0.1880  0.2229  0.2346  0.2941  0.3543  0.4190  0.4330  0.4505  0.5000
      10      11       5      10      11      10      11      16      10       0


  0.0000  0.0007  0.0480  0.0906  0.1367  0.2229  0.2346  0.2941  0.3543  0.3563
      17      10      18      10      11       5      10      11      10      11
  0.3729  0.5000
      10       0
 24   9  11  11
  0.0000  0.0051  0.0906  0.1367  0.2229  0.2346  0.2941  0.3543  0.3563  0.3729
      17      18      10      11       5      10      11      10      11      10
  0.5000
       0
  0.0000  0.0051  0.0906  0.1367  0.2229  0.2346  0.2941  0.3543  0.3563  0.3729
      17      18      10      11       5      10      11      10      11      10
  0.5000
       0
 24  10   5  10
  0.0000  0.1880  0.3815  0.3866  0.5000
      10      11       5      10       0
  0.0000  0.1880  0.2229  0.2346  0.2941  0.3543  0.4190  0.4330  0.4505  0.5000
      10      11       5      10      11      10      11      16      10       0


 25   1  10   5
  0.0000  0.1880  0.2229  0.2346  0.2941  0.3543  0.4190  0.4330  0.4505  0.5000
      10      11       5      10      11      10      11      16      10       0


  0.0000  0.1880  0.3815  0.3866  0.5000
      10      11       5      10       0
 25   2  12  10
  0.0000  0.0007  0.0480  0.0906  0.1367  0.2229  0.2346  0.2941  0.3543  0.3563
      17      10      18      10      11       5      10      11      10      11
  0.3729  0.5000
      10       0
  0.0000  0.1846  0.2229  0.2346  0.2941  0.3543  0.4190  0.4330  0.4505  0.5000
      10      11       5      10      11      10      11      16      10       0


 25   3  10  10
  0.0000  0.1880  0.2229  0.2346  0.2941  0.3543  0.4190  0.4330  0.4505  0.5000
      10      11       5      10      11      10      11      16      10       0


  0.0000  0.1880  0.2229  0.2346  0.2941  0.3543  0.4190  0.4330  0.4505  0.5000
      10      11       5      10      11      10      11      16      10       0


 25   4  10   9
  0.0000  0.1880  0.2229  0.2346  0.2941  0.3543  0.4190  0.4330  0.4505  0.5000
      10      11       5      10      11      10      11      16      10       0


  0.0000  0.1367  0.2229  0.2346  0.2941  0.3543  0.3563  0.3729  0.5000
      10      11       5      10      11      10      11      10       0
 25   5  10   5
  0.0000  0.1880  0.2229  0.2346  0.2941  0.3543  0.4190  0.4330  0.4505  0.5000
      10      11       5      10      11      10      11      16      10       0


  0.0000  0.1880  0.3815  0.3866  0.5000
      10      11       5      10       0
 25   6  10  10
  0.0000  0.1880  0.2229  0.2346  0.2941  0.3543  0.4190  0.4330  0.4505  0.5000
      10      11       5      10      11      10      11      16      10       0


  0.0000  0.1880  0.2229  0.2346  0.2941  0.3543  0.4190  0.4330  0.4505  0.5000
      10      11       5      10      11      10      11      16      10       0


 25   7   5   5
  0.0000  0.1880  0.3815  0.3866  0.5000
      10      11       5      10       0
  0.0000  0.1880  0.3815  0.3866  0.5000
      10      11       5      10       0
 25   8   9  10
  0.0000  0.0051  0.0906  0.1367  0.2229  0.2346  0.2641  0.3729  0.5000
      17      18      10      11       5      10      11      10       0
  0.0000  0.1880  0.2229  0.2346  0.2941  0.3543  0.3682  0.3815  0.3866  0.5000
      10      11       5      10      11      10      11       5      10       0


 25   9  10  11
  0.0000  0.1880  0.2229  0.2346  0.2941  0.3543  0.4190  0.4330  0.4505  0.5000
      10      11       5      10      11      10      11      16      10       0


  0.0000  0.0051  0.0906  0.1367  0.1746  0.1880  0.2229  0.2346  0.2941  0.3543
      17      18      10      11      10      11       5      10      11      10
  0.5000
       0
 25  10  10   7
  0.0000  0.1880  0.2229  0.2346  0.2941  0.3543  0.4190  0.4330  0.4505  0.5000
      10      11       5      10      11      10      11      16      10       0


  0.0000  0.1880  0.3645  0.4190  0.4330  0.4505  0.5000
      10      11      10      11      16      10       0
 26   1   9  12
  0.0000  0.0051  0.0906  0.1367  0.2229  0.2346  0.2641  0.3729  0.5000
      17      18      10      11       5      10      11      10       0
  0.0000  0.0007  0.0480  0.0906  0.1367  0.2229  0.2346  0.2941  0.3543  0.3563
      17      10      18      10      11       5      10      11      10      11
  0.3729  0.5000
      10       0
 26   2   5   9
  0.0000  0.1880  0.3815  0.3866  0.5000
      10      11       5      10       0
  0.0000  0.0051  0.0906  0.1367  0.2229  0.2346  0.2641  0.3729  0.5000
      17      18      10      11       5      10      11      10       0
 26   3  10   9
  0.0000  0.1880  0.2229  0.2346  0.2941  0.3543  0.4190  0.4330  0.4505  0.5000
      10      11       5      10      11      10      11      16      10       0


  0.0000  0.1846  0.2229  0.2346  0.2941  0.3543  0.3563  0.3729  0.5000
      10      11       5      10      11      10      11      10       0
 26   4  10   7
  0.0000  0.1880  0.2229  0.2346  0.2941  0.3543  0.4190  0.4330  0.4505  0.5000
      10      11       5      10      11      10      11      16      10       0


  0.0000  0.1880  0.3645  0.4190  0.4330  0.4505  0.5000
      10      11      10      11      16      10       0
 26   5  10  10
  0.0000  0.1880  0.2229  0.2346  0.2941  0.3543  0.4190  0.4330  0.4505  0.5000
      10      11       5      10      11      10      11      16      10       0


  0.0000  0.1880  0.2229  0.2346  0.2941  0.3543  0.4190  0.4330  0.4505  0.5000
      10      11       5      10      11      10      11      16      10       0


 26   6  12   5
  0.0000  0.0051  0.0302  0.1880  0.2229  0.2346  0.2941  0.3543  0.3682  0.3815
      17      18      10      11       5      10      11      10      11       5
  0.3866  0.5000
      10       0
  0.0000  0.1880  0.3815  0.3866  0.5000
      10      11       5      10       0
 26   7  11   9
  0.0000  0.0051  0.0906  0.1367  0.1746  0.1880  0.2229  0.2346  0.2941  0.3543
      17      18      10      11      10      11       5      10      11      10
  0.5000
       0
  0.0000  0.0051  0.0906  0.1367  0.2229  0.2346  0.2641  0.3729  0.5000
      17      18      10      11       5      10      11      10       0
 26   8   9   9
  0.0000  0.1367  0.2229  0.2346  0.2941  0.3543  0.3563  0.3729  0.5000
      10      11       5      10      11      10      11      10       0
  0.0000  0.0051  0.0906  0.1367  0.2229  0.2346  0.2641  0.3729  0.5000
      17      18      10      11       5      10      11      10       0
 26   9  10  10
  0.0000  0.1880  0.2229  0.2346  0.2941  0.3543  0.4190  0.4330  0.4505  0.5000
      10      11       5      10      11      10      11      16      10       0


  0.0000  0.1880  0.2229  0.2346  0.2941  0.3543  0.4190  0.4330  0.4505  0.5000
      10      11       5      10      11      10      11      16      10       0


 26  10  10   5
  0.0000  0.1880  0.2229  0.2346  0.2941  0.3543  0.4190  0.4330  0.4505  0.5000
      10      11       5      10      11      10      11      16      10       0


  0.0000  0.1880  0.3815  0.3866  0.5000
      10      11       5      10       0
 27   1   5   9
  0.0000  0.1880  0.3815  0.3866  0.5000
      10      11       5      10       0
  0.0000  0.1846  0.2229  0.2346  0.2941  0.3543  0.3563  0.3729  0.5000
      10      11       5      10      11      10      11      10       0
 27   2  10   9
  0.0000  0.1880  0.2229  0.2346  0.2941  0.3543  0.4190  0.4330  0.4505  0.5000
      10      11       5      10      11      10      11      16      10       0


  0.0000  0.0051  0.0906  0.1367  0.2229  0.2346  0.2641  0.3729  0.5000
      17      18      10      11       5      10      11      10       0
 27   3  10   8
  0.0000  0.1880  0.2229  0.2346  0.2941  0.3543  0.4190  0.4330  0.4505  0.5000
      10      11       5      10      11      10      11      16      10       0


  0.0000  0.1880  0.2229  0.2346  0.2941  0.3815  0.3866  0.5000
      10      11       5      10      11       5      10       0
 27   4  10   7
  0.0000  0.1880  0.2229  0.2346  0.2941  0.3543  0.4190  0.4330  0.4505  0.5000
      10      11       5      10      11      10      11      16      10       0


  0.0000  0.1880  0.3645  0.4190  0.4330  0.4505  0.5000
      10      11      10      11      16      10       0
 27   5   7   7
  0.0000  0.1880  0.3645  0.4190  0.4330  0.4505  0.5000
      10      11      10      11      16      10       0
  0.0000  0.1880  0.3645  0.4190  0.4330  0.4505  0.5000
      10      11      10      11      16      10       0
 27   6   9  10
  0.0000  0.0051  0.0906  0.1367  0.2229  0.2346  0.2641  0.3729  0.5000
      17      18      10      11       5      10      11      10       0
  0.0000  0.1880  0.2229  0.2346  0.2941  0.3543  0.4190  0.4330  0.4505  0.5000
      10      11       5      10      11      10      11      16      10       0


 27   7  10   9
  0.0000  0.1880  0.2229  0.2346  0.2941  0.3543  0.4190  0.4330  0.4505  0.5000
      10      11       5      10      11      10      11      16      10       0


  0.0000  0.0051  0.0906  0.1367  0.2229  0.2346  0.2641  0.3729  0.5000
      17      18      10      11       5      10      11      10       0
 27   8  10  11
  0.0000  0.1880  0.2229  0.2346  0.2941  0.3543  0.4190  0.4330  0.4505  0.5000
      10      11       5      10      11      10      11      16      10       0


  0.0000  0.0051  0.0906  0.1367  0.2229  0.2346  0.2941  0.3543  0.3563  0.3729
      17      18      10      11       5      10      11      10      11      10
  0.5000
       0
 27   9  10  10
  0.0000  0.1880  0.2229  0.2346  0.2941  0.3543  0.4190  0.4330  0.4505  0.5000
      10      11       5      10      11      10      11      16      10       0


  0.0000  0.1880  0.2229  0.2346  0.2941  0.3543  0.4190  0.4330  0.4505  0.5000
      10      11       5      10      11      10      11      16      10       0


 27  10   9  10
  0.0000  0.0051  0.0906  0.1367  0.2229  0.2346  0.2641  0.3729  0.5000
      17      18      10      11       5      10      11      10       0
  0.0000  0.1880  0.2229  0.2346  0.2941  0.3543  0.4190  0.4330  0.4505  0.5000
      10      11       5      10      11      10      11      16      10       0


 28   1  10   7
  0.0000  0.1880  0.2229  0.2346  0.2941  0.3543  0.4190  0.4330  0.4505  0.5000
      10      11       5      10      11      10      11      16      10       0


  0.0000  0.1880  0.3645  0.4190  0.4330  0.4505  0.5000
      10      11      10      11      16      10       0
 28   2   7  10
  0.0000  0.1880  0.3645  0.4190  0.4330  0.4505  0.5000
      10      11      10      11      16      10       0
  0.0000  0.1880  0.2229  0.2346  0.2941  0.3543  0.4190  0.4330  0.4505  0.5000
      10      11       5      10      11      10      11      16      10       0


 28   3  10  10
  0.0000  0.1880  0.2229  0.2346  0.2941  0.3543  0.4190  0.4330  0.4505  0.5000
      10      11       5      10      11      10      11      16      10       0


  0.0000  0.1880  0.2229  0.2346  0.2941  0.3645  0.4190  0.4330  0.4505  0.5000
      10      11       5      10      11      10      11      16      10       0


 28   4   9   7
  0.0000  0.0051  0.0906  0.1367  0.2229  0.2346  0.2641  0.3729  0.5000
      17      18      10      11       5      10      11      10       0
  0.0000  0.1880  0.3645  0.4190  0.4330  0.4505  0.5000
      10      11      10      11      16      10       0
 28   5  10  10
  0.0000  0.1880  0.2229  0.2346  0.2941  0.3543  0.4190  0.4330  0.4505  0.5000
      10      11       5      10      11      10      11      16      10       0


  0.0000  0.1880  0.2229  0.2346  0.2941  0.3543  0.4190  0.4330  0.4505  0.5000
      10      11       5      10      11      10      11      16      10       0


 28   6   9   7
  0.0000  0.0051  0.0906  0.1367  0.2229  0.2346  0.2641  0.3729  0.5000
      17      18      10      11       5      10      11      10       0
  0.0000  0.1880  0.3645  0.4190  0.4330  0.4505  0.5000
      10      11      10      11      16      10       0
 28   7   9  10
  0.0000  0.0896  0.0906  0.1367  0.2229  0.2346  0.2641  0.3729  0.5000
      10      18      10      11       5      10      11      10       0
  0.0000  0.1880  0.2229  0.2346  0.2941  0.3543  0.4190  0.4330  0.4505  0.5000
      10      11       5      10      11      10      11      16      10       0


 28   8  10  10
  0.0000  0.1880  0.2229  0.2346  0.2941  0.3543  0.4190  0.4330  0.4505  0.5000
      10      11       5      10      11      10      11      16      10       0


  0.0000  0.1880  0.2229  0.2346  0.2941  0.3543  0.4190  0.4330  0.4505  0.5000
      10      11       5      10      11      10      11      16      10       0


 28   9   9   9
  0.0000  0.0051  0.0906  0.1367  0.2229  0.2346  0.2641  0.3729  0.5000
      17      18      10      11       5      10      11      10       0
  0.0000  0.0051  0.0906  0.1367  0.2229  0.2346  0.2641  0.3729  0.5000
      17      18      10      11       5      10      11      10       0
 28  10   7  10
  0.0000  0.1880  0.3645  0.4190  0.4330  0.4505  0.5000
      10      11      10      11      16      10       0
  0.0000  0.1880  0.2229  0.2346  0.2941  0.3543  0.4190  0.4330  0.4505  0.5000
      10      11       5      10      11      10      11      16      10       0


 29   1  10  10
  0.0000  0.1880  0.2229  0.2346  0.2941  0.3645  0.4190  0.4330  0.4505  0.5000
      10      11       5      10      11      10      11      16      10       0


  0.0000  0.1880  0.2229  0.2346  0.2941  0.3645  0.4190  0.4330  0.4505  0.5000
      10      11       5      10      11      10      11      16      10       0


 29   2   7   9
  0.0000  0.1880  0.3645  0.4190  0.4330  0.4505  0.5000
      10      11      10      11      16      10       0
  0.0000  0.0896  0.0906  0.1367  0.2229  0.2346  0.2641  0.3729  0.5000
      10      18      10      11       5      10      11      10       0
 29   3   7  10
  0.0000  0.1880  0.3645  0.4190  0.4330  0.4505  0.5000
      10      11      10      11      16      10       0
  0.0000  0.1880  0.2229  0.2346  0.2941  0.3543  0.4190  0.4330  0.4505  0.5000
      10      11       5      10      11      10      11      16      10       0


 29   4  10   9
  0.0000  0.1880  0.2229  0.2346  0.2941  0.3543  0.4190  0.4330  0.4505  0.5000
      10      11       5      10      11      10      11      16      10       0


  0.0000  0.0896  0.0906  0.1367  0.2229  0.2346  0.2641  0.3729  0.5000
      10      18      10      11       5      10      11      10       0
 29   5  10  10
  0.0000  0.1880  0.2229  0.2346  0.2941  0.3543  0.4190  0.4330  0.4505  0.5000
      10      11       5      10      11      10      11      16      10       0


  0.0000  0.1880  0.2229  0.2346  0.2941  0.3543  0.4190  0.4330  0.4505  0.5000
      10      11       5      10      11      10      11      16      10       0


 29   6   9  10
  0.0000  0.0815  0.0906  0.1367  0.2229  0.2346  0.2641  0.3729  0.5000
      10      18      10      11       5      10      11      10       0
  0.0000  0.1880  0.2229  0.2346  0.2941  0.3543  0.4190  0.4330  0.4505  0.5000
      10      11       5      10      11      10      11      16      10       0


 29   7  10   9
  0.0000  0.1880  0.2229  0.2346  0.2941  0.3543  0.4190  0.4330  0.4505  0.5000
      10      11       5      10      11      10      11      16      10       0


  0.0000  0.0051  0.0906  0.1367  0.2229  0.2346  0.2641  0.3729  0.5000
      17      18      10      11       5      10      11      10       0
 29   8   9   9
  0.0000  0.0051  0.0906  0.1367  0.2229  0.2346  0.2641  0.3729  0.5000
      17      18      10      11       5      10      11      10       0
  0.0000  0.0051  0.0906  0.1367  0.2229  0.2346  0.2641  0.3729  0.5000
      17      18      10      11       5      10      11      10       0
 29   9   7  10
  0.0000  0.1880  0.3645  0.4190  0.4330  0.4505  0.5000
      10      11      10      11      16      10       0
  0.0000  0.1880  0.2229  0.2346  0.2941  0.3543  0.4190  0.4330  0.4505  0.5000
      10      11       5      10      11      10      11      16      10       0


 29  10   7  10
  0.0000  0.1880  0.3645  0.4190  0.4330  0.4505  0.5000
      10      11      10      11      16      10       0
  0.0000  0.1880  0.2229  0.2346  0.2941  0.3543  0.4190  0.4330  0.4505  0.5000
      10      11       5      10      11      10      11      16      10       0


 30   1   9  10
  0.0000  0.0051  0.0906  0.1367  0.2229  0.2346  0.2641  0.3729  0.5000
      17      18      10      11       5      10      11      10       0
  0.0000  0.1880  0.2229  0.2346  0.2941  0.3543  0.4190  0.4330  0.4505  0.5000
      10      11       5      10      11      10      11      16      10       0


 30   2   7  10
  0.0000  0.1880  0.3645  0.4190  0.4330  0.4505  0.5000
      10      11      10      11      16      10       0
  0.0000  0.1880  0.2229  0.2346  0.2941  0.3543  0.4190  0.4330  0.4505  0.5000
      10      11       5      10      11      10      11      16      10       0


 30   3   7   9
  0.0000  0.1880  0.2229  0.2346  0.2641  0.3729  0.5000
      10      11       5      10      11      10       0
  0.0000  0.0896  0.0906  0.1367  0.2229  0.2346  0.2641  0.3729  0.5000
      10      18      10      11       5      10      11      10       0
 30   4   9  10
  0.0000  0.0896  0.0906  0.1367  0.2229  0.2346  0.2641  0.3729  0.5000
      10      18      10      11       5      10      11      10       0
  0.0000  0.1880  0.2229  0.2346  0.2941  0.3645  0.4190  0.4330  0.4505  0.5000
      10      11       5      10      11      10      11      16      10       0


 30   5  10  10
  0.0000  0.1880  0.2229  0.2346  0.2941  0.3543  0.4190  0.4330  0.4505  0.5000
      10      11       5      10      11      10      11      16      10       0


  0.0000  0.1880  0.2229  0.2346  0.2941  0.3543  0.4190  0.4330  0.4505  0.5000
      10      11       5      10      11      10      11      16      10       0


 30   6  10   7
  0.0000  0.1880  0.2229  0.2346  0.2941  0.3543  0.4190  0.4330  0.4505  0.5000
      10      11       5      10      11      10      11      16      10       0


  0.0000  0.1880  0.3645  0.4190  0.4330  0.4505  0.5000
      10      11      10      11      16      10       0
 30   7  10   7
  0.0000  0.1880  0.2229  0.2346  0.2941  0.3543  0.4190  0.4330  0.4505  0.5000
      10      11       5      10      11      10      11      16      10       0


  0.0000  0.1880  0.3645  0.4190  0.4330  0.4505  0.5000
      10      11      10      11      16      10       0
 30   8  12   7
  0.0000  0.0896  0.0906  0.1880  0.2229  0.2346  0.2941  0.3543  0.4190  0.4330
      10      18      10      11       5      10      11      10      11      16
  0.4505  0.5000
      10       0
  0.0000  0.1880  0.3645  0.4190  0.4330  0.4505  0.5000
      10      11      10      11      16      10       0
 30   9   7   9
  0.0000  0.1880  0.3645  0.4190  0.4330  0.4505  0.5000
      10      11      10      11      16      10       0
  0.0000  0.0896  0.0906  0.1367  0.2229  0.2346  0.2641  0.3729  0.5000
      10      18      10      11       5      10      11      10       0
 30  10  10  10
  0.0000  0.1880  0.2229  0.2346  0.2941  0.3645  0.4190  0.4330  0.4505  0.5000
      10      11       5      10      11      10      11      16      10       0


  0.0000  0.1880  0.2229  0.2346  0.2941  0.3543  0.4190  0.4330  0.4505  0.5000
      10      11       5      10      11      10      11      16      10       0


 31   1  10   7
  0.0000  0.1880  0.2229  0.2346  0.2941  0.3543  0.4190  0.4330  0.4505  0.5000
      10      11       5      10      11      10      11      16      10       0


  0.0000  0.1880  0.3645  0.4190  0.4330  0.4505  0.5000
      10      11      10      11      16      10       0
 31   2   7   7
  0.0000  0.1880  0.3645  0.4190  0.4330  0.4505  0.5000
      10      11      10      11      16      10       0
  0.0000  0.1880  0.2229  0.2346  0.2641  0.3729  0.5000
      10      11       5      10      11      10       0
 31   3  10  10
  0.0000  0.1880  0.2229  0.2346  0.2941  0.3543  0.4190  0.4330  0.4505  0.5000
      10      11       5      10      11      10      11      16      10       0


  0.0000  0.1880  0.2229  0.2346  0.2941  0.3543  0.4190  0.4330  0.4505  0.5000
      10      11       5      10      11      10      11      16      10       0


 31   4   9  10
  0.0000  0.0896  0.0906  0.1367  0.2229  0.2346  0.2641  0.3729  0.5000
      10      18      10      11       5      10      11      10       0
  0.0000  0.1880  0.2229  0.2346  0.2941  0.3543  0.4190  0.4330  0.4505  0.5000
      10      11       5      10      11      10      11      16      10       0


 31   5  10  10
  0.0000  0.1880  0.2229  0.2346  0.2941  0.3645  0.4190  0.4330  0.4336  0.5000
      10      11       5      10      11      10      11      16      10       0


  0.0000  0.1880  0.2229  0.2346  0.2941  0.3543  0.4190  0.4330  0.4505  0.5000
      10      11       5      10      11      10      11      16      10       0


 31   6  10   7
  0.0000  0.1880  0.2229  0.2346  0.2941  0.3543  0.4190  0.4330  0.4505  0.5000
      10      11       5      10      11      10      11      16      10       0


  0.0000  0.1880  0.3645  0.4190  0.4330  0.4505  0.5000
      10      11      10      11      16      10       0
 31   7   9   9
  0.0000  0.0896  0.0906  0.1367  0.2229  0.2346  0.2641  0.3729  0.5000
      10      18      10      11       5      10      11      10       0
  0.0000  0.0896  0.0906  0.1367  0.2229  0.2346  0.2641  0.3729  0.5000
      10      18      10      11       5      10      11      10       0
 31   8   7  10
  0.0000  0.1880  0.3645  0.4190  0.4330  0.4505  0.5000
      10      11      10      11      16      10       0
  0.0000  0.1880  0.2229  0.2346  0.2941  0.3645  0.4190  0.4330  0.4505  0.5000
      10      11       5      10      11      10      11      16      10       0


 31   9   7   7
  0.0000  0.1880  0.3645  0.4190  0.4330  0.4505  0.5000
      10      11      10      11      16      10       0
  0.0000  0.1880  0.3645  0.4190  0.4330  0.4505  0.5000
      10      11      10      11      16      10       0
 31  10  10   9
  0.0000  0.1880  0.2229  0.2346  0.2941  0.3543  0.4190  0.4330  0.4505  0.5000
      10      11       5      10      11      10      11      16      10       0


  0.0000  0.0896  0.0906  0.1367  0.2229  0.2346  0.2641  0.3729  0.5000
      10      18      10      11       5      10      11      10       0
 32   1   9   9
  0.0000  0.0896  0.0906  0.1367  0.2229  0.2346  0.2641  0.3729  0.5000
      10      18      10      11       5      10      11      10       0
  0.0000  0.0896  0.0906  0.1367  0.2229  0.2346  0.2641  0.3729  0.5000
      10      18      10      11       5      10      11      10       0
 32   2   9  10
  0.0000  0.0896  0.0906  0.1367  0.2229  0.2346  0.2641  0.3729  0.5000
      10      18      10      11       5      10      11      10       0
  0.0000  0.1880  0.2229  0.2346  0.2941  0.3543  0.4190  0.4330  0.4505  0.5000
      10      11       5      10      11      10      11      16      10       0


 32   3   7   9
  0.0000  0.1880  0.3645  0.4190  0.4330  0.4505  0.5000
      10      11      10      11      16      10       0
  0.0000  0.0896  0.0906  0.1367  0.2229  0.2346  0.2641  0.3729  0.5000
      10      18      10      11       5      10      11      10       0
 32   4   7   7
  0.0000  0.1880  0.3645  0.4190  0.4330  0.4505  0.5000
      10      11      10      11      16      10       0
  0.0000  0.1880  0.3645  0.4190  0.4330  0.4505  0.5000
      10      11      10      11      16      10       0
 32   5  10   9
  0.0000  0.1880  0.2229  0.2346  0.2941  0.3645  0.4190  0.4330  0.4336  0.5000
      10      11       5      10      11      10      11      16      10       0


  0.0000  0.0896  0.0906  0.1367  0.2229  0.2346  0.2641  0.3729  0.5000
      10      18      10      11       5      10      11      10       0
 32   6   9   7
  0.0000  0.0896  0.0906  0.1367  0.2229  0.2346  0.2641  0.3729  0.5000
      10      18      10      11       5      10      11      10       0
  0.0000  0.1880  0.3645  0.4190  0.4330  0.4505  0.5000
      10      11      10      11      16      10       0
 32   7   7  10
  0.0000  0.1880  0.3645  0.4190  0.4330  0.4505  0.5000
      10      11      10      11      16      10       0
  0.0000  0.1880  0.2229  0.2346  0.2941  0.3645  0.4190  0.4330  0.4505  0.5000
      10      11       5      10      11      10      11      16      10       0


 32   8   9  10
  0.0000  0.0896  0.0906  0.1367  0.2229  0.2346  0.2641  0.3729  0.5000
      10      18      10      11       5      10      11      10       0
  0.0000  0.1880  0.2229  0.2346  0.2941  0.3645  0.4190  0.4330  0.4505  0.5000
      10      11       5      10      11      10      11      16      10       0


 32   9   7  14
  0.0000  0.1880  0.3645  0.4190  0.4330  0.4505  0.5000
      10      11      10      11      16      10       0
  0.0000  0.0896  0.0906  0.1367  0.1430  0.1880  0.2229  0.2346  0.2941  0.3543
      10      18      10      11      10      11       5      10      11      10
  0.4190  0.4330  0.4505  0.5000
      11      16      10       0
 32  10  10  10
  0.0000  0.1880  0.2229  0.2346  0.2941  0.3543  0.4190  0.4330  0.4505  0.5000
      10      11       5      10      11      10      11      16      10       0


  0.0000  0.1880  0.2229  0.2346  0.2941  0.3543  0.4190  0.4330  0.4505  0.5000
      10      11       5      10      11      10      11      16      10       0


 33   1   7   9
  0.0000  0.1880  0.2229  0.2346  0.2754  0.3729  0.5000
      10      11       5      10      11      10       0
  0.0000  0.0896  0.0906  0.1367  0.2229  0.2346  0.2641  0.3729  0.5000
      10      18      10      11       5      10      11      10       0
 33   2   7  11
  0.0000  0.1880  0.3645  0.4190  0.4330  0.4505  0.5000
      10      11      10      11      16      10       0
  0.0000  0.0896  0.0906  0.1367  0.1688  0.1880  0.3645  0.4190  0.4330  0.4505
      10      18      10      11      10      11      10      11      16      10
  0.5000
       0
 33   3   9   9
  0.0000  0.0896  0.0906  0.1367  0.2229  0.2346  0.2641  0.3729  0.5000
      10      18      10      11       5      10      11      10       0
  0.0000  0.0896  0.0906  0.1367  0.2229  0.2346  0.2641  0.3729  0.5000
      10      18      10      11       5      10      11      10       0
 33   4  11  10
  0.0000  0.0896  0.0906  0.1367  0.1430  0.1880  0.3645  0.4190  0.4330  0.4505
      10      18      10      11      10      11      10      11      16      10
  0.5000
       0
  0.0000  0.1880  0.2229  0.2346  0.2941  0.3645  0.4190  0.4330  0.4336  0.5000
      10      11       5      10      11      10      11      16      10       0


 33   5  10  10
  0.0000  0.1880  0.2229  0.2346  0.2941  0.3543  0.4190  0.4330  0.4505  0.5000
      10      11       5      10      11      10      11      16      10       0


  0.0000  0.1880  0.2229  0.2346  0.2941  0.3543  0.4190  0.4330  0.4505  0.5000
      10      11       5      10      11      10      11      16      10       0


 33   6   9   9
  0.0000  0.0896  0.0906  0.1367  0.2229  0.2346  0.2641  0.3729  0.5000
      10      18      10      11       5      10      11      10       0
  0.0000  0.0896  0.0906  0.1367  0.2229  0.2346  0.2641  0.3729  0.5000
      10      18      10      11       5      10      11      10       0
 33   7   7  10
  0.0000  0.1880  0.3645  0.4190  0.4330  0.4505  0.5000
      10      11      10      11      16      10       0
  0.0000  0.1880  0.2229  0.2346  0.2941  0.3543  0.4190  0.4330  0.4505  0.5000
      10      11       5      10      11      10      11      16      10       0


 33   8   7   7
  0.0000  0.1880  0.2229  0.2346  0.2641  0.3729  0.5000
      10      11       5      10      11      10       0
  0.0000  0.1367  0.2229  0.2346  0.2641  0.3729  0.5000
      10      11       5      10      11      10       0
 33   9   9  12
  0.0000  0.0896  0.0906  0.1367  0.2229  0.2346  0.2641  0.3729  0.5000
      10      18      10      11       5      10      11      10       0
  0.0000  0.0896  0.0906  0.1367  0.2229  0.2346  0.2941  0.3543  0.4190  0.4330
      10      18      10      11       5      10      11      10      11      16
  0.4390  0.5000
      10       0
 33  10  10   9
  0.0000  0.1880  0.2229  0.2346  0.2941  0.3645  0.4190  0.4330  0.4505  0.5000
      10      11       5      10      11      10      11      16      10       0


  0.0000  0.0896  0.0906  0.1367  0.2229  0.2346  0.2641  0.3729  0.5000
      10      18      10      11       5      10      11      10       0
 34   1   9  10
  0.0000  0.0896  0.0906  0.1367  0.2229  0.2346  0.2641  0.3729  0.5000
      10      18      10      11       5      10      11      10       0
  0.0000  0.1880  0.2229  0.2346  0.2941  0.3645  0.4190  0.4330  0.4505  0.5000
      10      11       5      10      11      10      11      16      10       0


 34   2   9   7
  0.0000  0.0896  0.0906  0.1367  0.2229  0.2346  0.2641  0.3729  0.5000
      10      18      10      11       5      10      11      10       0
  0.0000  0.1880  0.3645  0.4190  0.4330  0.4505  0.5000
      10      11      10      11      16      10       0
 34   3   9   7
  0.0000  0.0896  0.0906  0.1367  0.2229  0.2346  0.2641  0.3729  0.5000
      10      18      10      11       5      10      11      10       0
  0.0000  0.1880  0.2229  0.2346  0.2641  0.3729  0.5000
      10      11       5      10      11      10       0
 34   4   9   7
  0.0000  0.0896  0.0906  0.1367  0.2229  0.2346  0.2641  0.3729  0.5000
      10      18      10      11       5      10      11      10       0
  0.0000  0.1880  0.2229  0.2346  0.2641  0.3729  0.5000
      10      11       5      10      11      10       0
 34   5   9   9
  0.0000  0.0896  0.0906  0.1367  0.2229  0.2346  0.2641  0.3729  0.5000
      10      18      10      11       5      10      11      10       0
  0.0000  0.0896  0.0906  0.1367  0.2229  0.2346  0.2641  0.3729  0.5000
      10      18      10      11       5      10      11      10       0
 34   6   7   7
  0.0000  0.1880  0.3645  0.4190  0.4330  0.4505  0.5000
      10      11      10      11      16      10       0
  0.0000  0.1880  0.2229  0.2346  0.2941  0.3645  0.5000
      10      11       5      10      11      10       0
 34   7  10  10
  0.0000  0.1880  0.2229  0.2346  0.2941  0.3543  0.4190  0.4330  0.4505  0.5000
      10      11       5      10      11      10      11      16      10       0


  0.0000  0.1880  0.2229  0.2346  0.2941  0.3645  0.4190  0.4330  0.4505  0.5000
      10      11       5      10      11      10      11      16      10       0


 34   8  10   7
  0.0000  0.1880  0.2229  0.2346  0.2941  0.3543  0.4190  0.4330  0.4505  0.5000
      10      11       5      10      11      10      11      16      10       0


  0.0000  0.1880  0.3645  0.4190  0.4330  0.4505  0.5000
      10      11      10      11      16      10       0
 34   9   7   9
  0.0000  0.1367  0.2229  0.2346  0.2641  0.3729  0.5000
      10      11       5      10      11      10       0
  0.0000  0.0896  0.0906  0.1367  0.2229  0.2346  0.2641  0.3729  0.5000
      10      18      10      11       5      10      11      10       0
 34  10   7   7
  0.0000  0.1880  0.2229  0.2346  0.2641  0.3729  0.5000
      10      11       5      10      11      10       0
  0.0000  0.1880  0.3645  0.4190  0.4330  0.4505  0.5000
      10      11      10      11      16      10       0
 35   1   9   7
  0.0000  0.0896  0.0906  0.1367  0.2229  0.2346  0.2641  0.3729  0.5000
      10      18      10      11       5      10      11      10       0
  0.0000  0.1880  0.2229  0.2346  0.2641  0.3729  0.5000
      10      11       5      10      11      10       0
 35   2  10   9
  0.0000  0.1880  0.2229  0.2346  0.2941  0.3543  0.4190  0.4330  0.4505  0.5000
      10      11       5      10      11      10      11      16      10       0


  0.0000  0.0896  0.0906  0.1367  0.2229  0.2346  0.2641  0.3729  0.5000
      10      18      10      11       5      10      11      10       0
 35   3  10   7
  0.0000  0.1880  0.2229  0.2346  0.2941  0.3645  0.4190  0.4330  0.4505  0.5000
      10      11       5      10      11      10      11      16      10       0


  0.0000  0.1880  0.2229  0.2346  0.2641  0.3729  0.5000
      10      11       5      10      11      10       0
 35   4   9   7
  0.0000  0.0896  0.0906  0.1367  0.2229  0.2346  0.2641  0.3729  0.5000
      10      18      10      11       5      10      11      10       0
  0.0000  0.1880  0.2229  0.2346  0.2941  0.3645  0.5000
      10      11       5      10      11      10       0
 35   5   9   7
  0.0000  0.0896  0.0906  0.1367  0.2229  0.2346  0.2641  0.3729  0.5000
      10      18      10      11       5      10      11      10       0
  0.0000  0.1880  0.2229  0.2346  0.2941  0.3645  0.5000
      10      11       5      10      11      10       0
 35   6  10  10
  0.0000  0.1880  0.2229  0.2346  0.2941  0.3543  0.4190  0.4330  0.4505  0.5000
      10      11       5      10      11      10      11      16      10       0


  0.0000  0.1880  0.2229  0.2346  0.2941  0.3645  0.4190  0.4330  0.4505  0.5000
      10      11       5      10      11      10      11      16      10       0


 35   7   9   7
  0.0000  0.0896  0.0906  0.1367  0.2229  0.2346  0.2641  0.3729  0.5000
      10      18      10      11       5      10      11      10       0
  0.0000  0.1411  0.2229  0.2346  0.2641  0.3729  0.5000
      10      11       5      10      11      10       0
 35   8   7   9
  0.0000  0.1880  0.3645  0.4190  0.4330  0.4505  0.5000
      10      11      10      11      16      10       0
  0.0000  0.0896  0.0906  0.1367  0.2229  0.2346  0.2641  0.3729  0.5000
      10      18      10      11       5      10      11      10       0
 35   9  10   7
  0.0000  0.1880  0.2229  0.2346  0.2941  0.3543  0.4190  0.4330  0.4505  0.5000
      10      11       5      10      11      10      11      16      10       0


  0.0000  0.1367  0.2229  0.2346  0.2641  0.3729  0.5000
      10      11       5      10      11      10       0
 35  10   7   7
  0.0000  0.1880  0.2229  0.2346  0.2641  0.3729  0.5000
      10      11       5      10      11      10       0
  0.0000  0.1367  0.2229  0.2346  0.2641  0.3729  0.5000
      10      11       5      10      11      10       0
 36   1  10   7
  0.0000  0.1880  0.2229  0.2346  0.2941  0.3645  0.4190  0.4330  0.4505  0.5000
      10      11       5      10      11      10      11      16      10       0


  0.0000  0.1880  0.2229  0.2346  0.2641  0.3729  0.5000
      10      11       5      10      11      10       0
 36   2  10  10
  0.0000  0.1880  0.2229  0.2346  0.2941  0.3645  0.4190  0.4330  0.4505  0.5000
      10      11       5      10      11      10      11      16      10       0


  0.0000  0.1880  0.2229  0.2346  0.2941  0.3645  0.4190  0.4330  0.4505  0.5000
      10      11       5      10      11      10      11      16      10       0


 36   3   9   7
  0.0000  0.0896  0.0906  0.1367  0.2229  0.2346  0.2641  0.3729  0.5000
      10      18      10      11       5      10      11      10       0
  0.0000  0.1367  0.2229  0.2346  0.2641  0.3729  0.5000
      10      11       5      10      11      10       0
 36   4   7   9
  0.0000  0.1880  0.2229  0.2346  0.2941  0.3645  0.5000
      10      11       5      10      11      10       0
  0.0000  0.0896  0.0906  0.1367  0.2229  0.2346  0.2641  0.3729  0.5000
      10      18      10      11       5      10      11      10       0
 36   5  10   7
  0.0000  0.1880  0.2229  0.2346  0.2941  0.3543  0.4190  0.4330  0.4505  0.5000
      10      11       5      10      11      10      11      16      10       0


  0.0000  0.1880  0.3645  0.4190  0.4330  0.4505  0.5000
      10      11      10      11      16      10       0
 36   6   9   9
  0.0000  0.0896  0.0906  0.1367  0.2229  0.2346  0.2641  0.3729  0.5000
      10      18      10      11       5      10      11      10       0
  0.0000  0.1880  0.2229  0.2346  0.2641  0.3729  0.4442  0.4505  0.5000
      10      11       5      10      11      10      16      10       0
 36   7   9   7
  0.0000  0.0896  0.0906  0.1367  0.2229  0.2346  0.2641  0.3729  0.5000
      10      18      10      11       5      10      11      10       0
  0.0000  0.1880  0.2229  0.2346  0.2641  0.3729  0.5000
      10      11       5      10      11      10       0
 36   8  10   7
  0.0000  0.1880  0.2229  0.2346  0.2941  0.3645  0.4190  0.4330  0.4505  0.5000
      10      11       5      10      11      10      11      16      10       0


  0.0000  0.1367  0.2229  0.2346  0.2641  0.3729  0.5000
      10      11       5      10      11      10       0
 36   9   9   9
  0.0000  0.0896  0.0906  0.1367  0.2229  0.2346  0.2641  0.3729  0.5000
      10      18      10      11       5      10      11      10       0
  0.0000  0.0896  0.0906  0.1367  0.2229  0.2346  0.2641  0.3729  0.5000
      10      18      10      11       5      10      11      10       0
 36  10   9   7
  0.0000  0.0896  0.0906  0.1367  0.2229  0.2346  0.2641  0.3729  0.5000
      10      18      10      11       5      10      11      10       0
  0.0000  0.1880  0.2229  0.2346  0.2941  0.3645  0.5000
      10      11       5      10      11      10       0
 37   1  10   7
  0.0000  0.1880  0.2229  0.2346  0.2941  0.3645  0.4190  0.4330  0.4505  0.5000
      10      11       5      10      11      10      11      16      10       0


  0.0000  0.1880  0.2229  0.2346  0.2941  0.3645  0.5000
      10      11       5      10      11      10       0
 37   2   7   7
  0.0000  0.1367  0.2229  0.2346  0.2641  0.3729  0.5000
      10      11       5      10      11      10       0
  0.0000  0.1880  0.2229  0.2346  0.2641  0.3729  0.5000
      10      11       5      10      11      10       0
 37   3   9   9
  0.0000  0.0896  0.0906  0.1367  0.2229  0.2346  0.2641  0.3729  0.5000
      10      18      10      11       5      10      11      10       0
  0.0000  0.0896  0.0906  0.1367  0.2229  0.2346  0.2641  0.3729  0.5000
      10      18      10      11       5      10      11      10       0
 37   4   9   9
  0.0000  0.0896  0.0906  0.1367  0.2229  0.2346  0.2641  0.3729  0.5000
      10      18      10      11       5      10      11      10       0
  0.0000  0.0896  0.0906  0.1367  0.2229  0.2346  0.2641  0.3729  0.5000
      10      18      10      11       5      10      11      10       0
 37   5   7  10
  0.0000  0.1367  0.2229  0.2346  0.2641  0.3729  0.5000
      10      11       5      10      11      10       0
  0.0000  0.1880  0.2229  0.2346  0.2941  0.3645  0.4190  0.4330  0.4505  0.5000
      10      11       5      10      11      10      11      16      10       0


 37   6   9   7
  0.0000  0.1586  0.2229  0.2346  0.2641  0.3729  0.4442  0.4505  0.5000
      10      11       5      10      11      10      16      10       0
  0.0000  0.1880  0.2229  0.2346  0.2941  0.3645  0.5000
      10      11       5      10      11      10       0
 37   7   7   9
  0.0000  0.1880  0.2229  0.2346  0.2641  0.3729  0.5000
      10      11       5      10      11      10       0
  0.0000  0.0896  0.0906  0.1367  0.2229  0.2346  0.2641  0.3729  0.5000
      10      18      10      11       5      10      11      10       0
 37   8   7  10
  0.0000  0.1880  0.2229  0.2346  0.2941  0.3645  0.5000
      10      11       5      10      11      10       0
  0.0000  0.1880  0.2229  0.2346  0.2941  0.3543  0.4190  0.4330  0.4505  0.5000
      10      11       5      10      11      10      11      16      10       0


 37   9   7   9
  0.0000  0.1880  0.3645  0.4190  0.4330  0.4505  0.5000
      10      11      10      11      16      10       0
  0.0000  0.0896  0.0906  0.1367  0.2229  0.2346  0.2641  0.3729  0.5000
      10      18      10      11       5      10      11      10       0
 37  10   9   9
  0.0000  0.1880  0.2229  0.2346  0.2641  0.3729  0.4442  0.4505  0.5000
      10      11       5      10      11      10      16      10       0
  0.0000  0.0896  0.0906  0.1367  0.2229  0.2346  0.2641  0.3729  0.5000
      10      18      10      11       5      10      11      10       0
 38   1   7   7
  0.0000  0.1367  0.2229  0.2346  0.2641  0.3729  0.5000
      10      11       5      10      11      10       0
  0.0000  0.1586  0.2229  0.2346  0.2641  0.3729  0.5000
      10      11       5      10      11      10       0
 38   2  10  10
  0.0000  0.1880  0.2229  0.2346  0.2941  0.3645  0.4190  0.4330  0.4505  0.5000
      10      11       5      10      11      10      11      16      10       0


  0.0000  0.1880  0.2229  0.2346  0.2941  0.3645  0.4190  0.4330  0.4505  0.5000
      10      11       5      10      11      10      11      16      10       0


 38   3   7   9
  0.0000  0.1367  0.2229  0.2346  0.2641  0.3729  0.5000
      10      11       5      10      11      10       0
  0.0000  0.0896  0.0906  0.1367  0.2229  0.2346  0.2641  0.3729  0.5000
      10      18      10      11       5      10      11      10       0
 38   4   7   9
  0.0000  0.1367  0.2229  0.2346  0.2641  0.3729  0.5000
      10      11       5      10      11      10       0
  0.0000  0.0896  0.0906  0.1367  0.2229  0.2346  0.2641  0.3729  0.5000
      10      18      10      11       5      10      11      10       0
 38   5   7  10
  0.0000  0.1880  0.3645  0.4190  0.4330  0.4505  0.5000
      10      11      10      11      16      10       0
  0.0000  0.1880  0.2229  0.2346  0.2941  0.3645  0.4190  0.4330  0.4505  0.5000
      10      11       5      10      11      10      11      16      10       0


 38   6   7   7
  0.0000  0.1367  0.2229  0.2346  0.2641  0.3729  0.5000
      10      11       5      10      11      10       0
  0.0000  0.1880  0.2229  0.2346  0.2941  0.3645  0.5000
      10      11       5      10      11      10       0
 38   7   9   7
  0.0000  0.0896  0.0906  0.1367  0.2229  0.2346  0.2641  0.3729  0.5000
      10      18      10      11       5      10      11      10       0
  0.0000  0.1880  0.2229  0.2346  0.2641  0.3729  0.5000
      10      11       5      10      11      10       0
 38   8   7  11
  0.0000  0.1880  0.2229  0.2346  0.2641  0.3729  0.5000
      10      11       5      10      11      10       0
  0.0000  0.0896  0.0906  0.1367  0.2229  0.2346  0.2641  0.3729  0.4442  0.4505
      10      18      10      11       5      10      11      10      16      10
  0.5000
       0
 38   9   9   9
  0.0000  0.0896  0.0906  0.1367  0.2229  0.2346  0.2641  0.3729  0.5000
      10      18      10      11       5      10      11      10       0
  0.0000  0.0896  0.0906  0.1367  0.2229  0.2346  0.2641  0.3729  0.5000
      10      18      10      11       5      10      11      10       0
 38  10  10   9
  0.0000  0.1880  0.2229  0.2346  0.2941  0.3645  0.4190  0.4330  0.4505  0.5000
      10      11       5      10      11      10      11      16      10       0


  0.0000  0.0896  0.0906  0.1367  0.2229  0.2346  0.2641  0.3729  0.5000
      10      18      10      11       5      10      11      10       0
 39   1  11  10
  0.0000  0.0896  0.0906  0.1880  0.2229  0.2346  0.2641  0.3729  0.4442  0.4505
      10      18      10      11       5      10      11      10      16      10
  0.5000
       0
  0.0000  0.1880  0.2229  0.2346  0.2941  0.3645  0.4190  0.4330  0.4505  0.5000
      10      11       5      10      11      10      11      16      10       0


 39   2  10  10
  0.0000  0.1880  0.2229  0.2346  0.2941  0.3645  0.4190  0.4330  0.4505  0.5000
      10      11       5      10      11      10      11      16      10       0


  0.0000  0.1880  0.2229  0.2346  0.2941  0.3645  0.4190  0.4330  0.4505  0.5000
      10      11       5      10      11      10      11      16      10       0


 39   3   7   7
  0.0000  0.1880  0.2229  0.2346  0.2853  0.3729  0.5000
      10      11       5      10      11      10       0
  0.0000  0.1880  0.2229  0.2346  0.2641  0.3729  0.5000
      10      11       5      10      11      10       0
 39   4  10  10
  0.0000  0.1880  0.2229  0.2346  0.2941  0.3645  0.4190  0.4330  0.4505  0.5000
      10      11       5      10      11      10      11      16      10       0


  0.0000  0.1880  0.2229  0.2346  0.2941  0.3645  0.4190  0.4330  0.4505  0.5000
      10      11       5      10      11      10      11      16      10       0


 39   5   9   7
  0.0000  0.0896  0.0906  0.1367  0.2229  0.2346  0.2641  0.3729  0.5000
      10      18      10      11       5      10      11      10       0
  0.0000  0.1367  0.2229  0.2346  0.2641  0.3729  0.5000
      10      11       5      10      11      10       0
 39   6  10   7
  0.0000  0.1880  0.2229  0.2346  0.2941  0.3645  0.4190  0.4330  0.4505  0.5000
      10      11       5      10      11      10      11      16      10       0


  0.0000  0.1880  0.2229  0.2346  0.2941  0.3645  0.5000
      10      11       5      10      11      10       0
 39   7   7  10
  0.0000  0.1367  0.2229  0.2346  0.2641  0.3729  0.5000
      10      11       5      10      11      10       0
  0.0000  0.1880  0.2229  0.2346  0.2941  0.3645  0.4190  0.4330  0.4505  0.5000
      10      11       5      10      11      10      11      16      10       0


 39   8   9   7
  0.0000  0.0896  0.0906  0.1367  0.2229  0.2346  0.2641  0.3729  0.5000
      10      18      10      11       5      10      11      10       0
  0.0000  0.1880  0.2229  0.2346  0.2641  0.3729  0.5000
      10      11       5      10      11      10       0
 39   9   7  12
  0.0000  0.1880  0.2229  0.2346  0.2641  0.3729  0.5000
      10      11       5      10      11      10       0
  0.0000  0.0896  0.0906  0.1880  0.2229  0.2346  0.2941  0.3645  0.4190  0.4330
      10      18      10      11       5      10      11      10      11      16
  0.4505  0.5000
      10       0
 39  10   9  11
  0.0000  0.0896  0.0906  0.1367  0.2229  0.2346  0.2641  0.3729  0.5000
      10      18      10      11       5      10      11      10       0
  0.0000  0.0896  0.0906  0.1367  0.2229  0.2346  0.2641  0.3729  0.4442  0.4505
      10      18      10      11       5      10      11      10      16      10
  0.5000
       0
 40   1  10   9
  0.0000  0.1880  0.2229  0.2346  0.2941  0.3645  0.4190  0.4330  0.4505  0.5000
      10      11       5      10      11      10      11      16      10       0


  0.0000  0.0896  0.0906  0.1367  0.2229  0.2346  0.2641  0.3729  0.5000
      10      18      10      11       5      10      11      10       0
 40   2   9  10
  0.0000  0.0896  0.0906  0.1367  0.2229  0.2346  0.2641  0.3729  0.5000
      10      18      10      11       5      10      11      10       0
  0.0000  0.1880  0.2229  0.2346  0.2941  0.3645  0.4190  0.4330  0.4505  0.5000
      10      11       5      10      11      10      11      16      10       0


 40   3  10   7
  0.0000  0.1880  0.2229  0.2346  0.2941  0.3645  0.4190  0.4330  0.4505  0.5000
      10      11       5      10      11      10      11      16      10       0


  0.0000  0.1367  0.2229  0.2346  0.2641  0.3729  0.5000
      10      11       5      10      11      10       0
 40   4   9  10
  0.0000  0.0896  0.0906  0.1367  0.2229  0.2346  0.2641  0.3729  0.5000
      10      18      10      11       5      10      11      10       0
  0.0000  0.1880  0.2229  0.2346  0.2941  0.3645  0.4190  0.4330  0.4505  0.5000
      10      11       5      10      11      10      11      16      10       0


 40   5   7  10
  0.0000  0.1367  0.2229  0.2346  0.2641  0.3729  0.5000
      10      11       5      10      11      10       0
  0.0000  0.1880  0.2229  0.2346  0.2641  0.3645  0.4190  0.4330  0.4505  0.5000
      10      11       5      10      11      10      11      16      10       0


 40   6  10  10
  0.0000  0.1880  0.2229  0.2346  0.2941  0.3645  0.4190  0.4330  0.4505  0.5000
      10      11       5      10      11      10      11      16      10       0


  0.0000  0.1880  0.2229  0.2346  0.2941  0.3645  0.4190  0.4330  0.4505  0.5000
      10      11       5      10      11      10      11      16      10       0


 40   7  10  10
  0.0000  0.1880  0.2229  0.2346  0.2941  0.3645  0.4190  0.4330  0.4505  0.5000
      10      11       5      10      11      10      11      16      10       0


  0.0000  0.1880  0.2229  0.2346  0.2941  0.3645  0.4190  0.4330  0.4505  0.5000
      10      11       5      10      11      10      11      16      10       0


 40   8   7   7
  0.0000  0.1880  0.2229  0.2346  0.2853  0.3729  0.5000
      10      11       5      10      11      10       0
  0.0000  0.1367  0.2229  0.2346  0.2641  0.3729  0.5000
      10      11       5      10      11      10       0
 40   9   7   9
  0.0000  0.1880  0.2229  0.2346  0.2941  0.3645  0.5000
      10      11       5      10      11      10       0
  0.0000  0.0896  0.0906  0.1367  0.2229  0.2346  0.2641  0.3729  0.5000
      10      18      10      11       5      10      11      10       0
 40  10  10   7
  0.0000  0.1880  0.2229  0.2346  0.2941  0.3645  0.4190  0.4330  0.4505  0.5000
      10      11       5      10      11      10      11      16      10       0


  0.0000  0.1367  0.2229  0.2346  0.2641  0.3729  0.5000
      10      11       5      10      11      10       0
