 ... generation ...    0
   1   0   0   2   2   2   2
 -0.5000  0.5000
       1    ****
 -0.5000  0.5000
       2    ****
   2   0   0   2   2   2   2
 -0.5000  0.5000
       3    ****
 -0.5000  0.5000
       4    ****
   3   0   0   2   2   2   2
 -0.5000  0.5000
       5    ****
 -0.5000  0.5000
       6    ****
   4   0   0   2   2   2   2
 -0.5000  0.5000
       7    ****
 -0.5000  0.5000
       8    ****
 ... generation ...    1
   1   1   4   5   3   2   2
 -0.5000 -0.3286  0.0219  0.3764  0.5000
       2       1       2       1    ****
 -0.5000  0.3130  0.5000
       7       8    ****
   2   1   3   4   5   2   2
 -0.5000 -0.0326  0.3562  0.5000
       1       2       1    ****
 -0.5000 -0.4618 -0.1175  0.4152  0.5000
       6       5       6       5    ****
   3   3   3   3   4   2   2
 -0.5000  0.3916  0.5000
       5       6    ****
 -0.5000  0.3701  0.3771  0.5000
       5       6       5    ****
   4   3   2   4   3   2   2
 -0.5000 -0.1044  0.1559  0.5000
       6       5       6    ****
 -0.5000  0.1166  0.5000
       4       3    ****
 ... generation ...    2
   1   2   2   5   4   2   2
 -0.5000 -0.4618 -0.1175  0.4152  0.5000
       6       5       6       5    ****
 -0.5000 -0.0326  0.3562  0.5000
       1       2       1    ****
   2   1   3   4   5   2   2
 -0.5000  0.3130  0.4973  0.5000
       7       8       1    ****
 -0.5000  0.3701  0.3771  0.4099  0.5000
       5       6       5       6    ****
   3   1   1   9   4   2   2
 -0.5000 -0.3286  0.0219  0.0274  0.3130  0.3761  0.3764  0.4755  0.5000
       2       1       2       7       8       2       1       8    ****
 -0.5000  0.2792  0.3764  0.5000
       7       2       1    ****
   4   4   1   5   5   2   2
 -0.5000 -0.1044  0.1559  0.2492  0.5000
       6       5       6       3    ****
 -0.5000 -0.3286  0.0219  0.3764  0.5000
       2       1       2       1    ****
 ... generation ...    3
   1   1   3   9   6   2   2
 -0.5000 -0.4618 -0.4113 -0.2988 -0.2319 -0.0326  0.2680  0.4152  0.5000
       6       5       1       5       1       2       6       5    ****
 -0.5000 -0.3286 -0.1838  0.2792  0.3764  0.5000
       2       1       7       2       1    ****
   2   2   2   6   5   2   2
 -0.5000  0.2504  0.3701  0.3771  0.4099  0.5000
       7       5       6       5       6    ****
 -0.5000  0.3701  0.3771  0.4099  0.5000
       5       6       5       6    ****
   3   2   1   9   5   2   2
 -0.5000 -0.4379 -0.1643 -0.0871  0.1634  0.1986  0.3130  0.4367  0.5000
       5       7       5       7       5       7       8       6    ****
 -0.5000 -0.4618 -0.1175  0.4152  0.5000
       6       5       6       5    ****
   4   3   1   9   6   2   2
 -0.5000 -0.3286  0.0219  0.0274  0.3130  0.3761  0.3764  0.4755  0.5000
       2       1       2       7       8       2       1       8    ****
 -0.5000 -0.4618 -0.1661 -0.0326  0.3562  0.5000
       6       5       1       2       1    ****
 ... generation ...    4
   1   4   2   7   9   2   2
 -0.5000 -0.3286 -0.2097 -0.1661 -0.0326  0.3562  0.5000
       2       1       5       1       2       1    ****
 -0.5000 -0.4138 -0.3441 -0.2357  0.0892  0.3701  0.3771  0.4099  0.5000
       5       7       5       7       5       6       5       6    ****
   2   3   3   9   6   2   2
 -0.5000 -0.4379 -0.2639 -0.1175  0.1834  0.1986  0.3130  0.4367  0.5000
       5       7       5       6       5       7       8       6    ****
 -0.5000 -0.4618 -0.1175  0.3303  0.4367  0.5000
       6       5       6       8       6    ****
   3   4   4   6   9   2   2
 -0.5000 -0.4618 -0.1661 -0.0326  0.3562  0.5000
       6       5       1       2       1    ****
 -0.5000 -0.3286  0.0219  0.0274  0.3130  0.3761  0.3764  0.4755  0.5000
       2       1       2       7       8       2       1       8    ****
   4   3   1   6  13   2   2
 -0.5000 -0.4618 -0.1175  0.3583  0.4367  0.5000
       6       5       6       8       6    ****
 -0.5000 -0.4618 -0.4113 -0.3947 -0.3340 -0.2988 -0.2811 -0.1838  0.1714  0.2680
       6       5       1       2       1       5       1       7       2       6
  0.3337  0.3764  0.5000
       2       1    ****
 ... generation ...    5
   1   1   4  11   9   2   2
 -0.5000 -0.4530 -0.3286 -0.2097 -0.1661 -0.0326  0.3210  0.3701  0.3771  0.4099
       5       2       1       5       1       2       5       6       5       6
  0.5000
    ****
 -0.5000 -0.4618 -0.1175 -0.0218  0.1714  0.2680  0.3337  0.3764  0.5000
       6       5       6       7       2       6       2       1    ****
   2   4   4   6   8   2   2
 -0.5000 -0.4618 -0.1175  0.3583  0.4367  0.5000
       6       5       6       8       6    ****
 -0.5000 -0.4618 -0.2483 -0.1838  0.0863  0.3583  0.4367  0.5000
       6       5       1       7       6       8       6    ****
   3   4   3   6  10   2   2
 -0.5000 -0.4618 -0.1175  0.3583  0.4367  0.5000
       6       5       6       8       6    ****
 -0.5000 -0.4618 -0.1661 -0.0326  0.0720  0.3130  0.3761  0.3764  0.4755  0.5000
       6       5       1       2       7       8       2       1       8    ****
   4   2   2   9   9   2   2
 -0.5000 -0.4379 -0.2639 -0.1175  0.1834  0.1986  0.3130  0.4367  0.5000
       5       7       5       6       5       7       8       6    ****
 -0.5000 -0.4379 -0.2639 -0.1175  0.1834  0.1986  0.3130  0.4367  0.5000
       5       7       5       6       5       7       8       6    ****
 ... generation ...    6
   1   2   2   8   8   2   2
 -0.5000 -0.4618 -0.2483 -0.1838  0.0863  0.3583  0.4367  0.5000
       6       5       1       7       6       8       6    ****
 -0.5000 -0.4618 -0.2483 -0.1838  0.0863  0.3583  0.4367  0.5000
       6       5       1       7       6       8       6    ****
   2   3   1  10  11   2   2
 -0.5000 -0.4618 -0.1661 -0.0326  0.0720  0.3130  0.3482  0.3583  0.4367  0.5000
       6       5       1       2       7       8       6       8       6    ****
 -0.5000 -0.4618 -0.2814 -0.2097 -0.1661 -0.0326  0.3210  0.3701  0.3771  0.4099
       6       5       1       5       1       2       5       6       5       6
  0.5000
    ****
   3   4   3   9  12   2   2
 -0.5000 -0.4379 -0.2639 -0.1175  0.1834  0.1986  0.3130  0.4367  0.5000
       5       7       5       6       5       7       8       6    ****
 -0.5000 -0.4618 -0.1661 -0.1217 -0.1175  0.0478  0.0720  0.3130  0.3761  0.3764
       6       5       1       5       6       2       7       8       2       1
  0.4755  0.5000
       8    ****
   4   4   4   9   9   2   2
 -0.5000 -0.4379 -0.2639 -0.1175  0.1834  0.1986  0.3130  0.4367  0.5000
       5       7       5       6       5       7       8       6    ****
 -0.5000 -0.4379 -0.2639 -0.1175  0.1834  0.1986  0.3130  0.4367  0.5000
       5       7       5       6       5       7       8       6    ****
 ... generation ...    7
   1   3   3  13  12   2   2
 -0.5000 -0.4379 -0.2639 -0.1661 -0.1217 -0.1175  0.0478  0.0720  0.3130  0.3761
       5       7       5       1       5       6       2       7       8       2
  0.3764  0.4755  0.5000
       1       8    ****
 -0.5000 -0.4618 -0.1661 -0.1217 -0.1175  0.0478  0.0720  0.3130  0.3761  0.3764
       6       5       1       5       6       2       7       8       2       1
  0.4755  0.5000
       8    ****
   2   3   3  10  12   2   2
 -0.5000 -0.4618 -0.1661 -0.1217 -0.1175  0.0478  0.0720  0.3130  0.4367  0.5000
       6       5       1       5       6       2       7       8       6    ****
 -0.5000 -0.4618 -0.1661 -0.1217 -0.1175  0.0478  0.0720  0.3130  0.3761  0.3764
       6       5       1       5       6       2       7       8       2       1
  0.4755  0.5000
       8    ****
   3   3   3   9  13   2   2
 -0.5000 -0.4379 -0.2639 -0.1175  0.1834  0.1986  0.3130  0.4367  0.5000
       5       7       5       6       5       7       8       6    ****
 -0.5000 -0.4379 -0.2811 -0.1661 -0.1217 -0.1175  0.0478  0.0720  0.3130  0.3761
       5       7       5       1       5       6       2       7       8       2
  0.3764  0.4755  0.5000
       1       8    ****
   4   1   1   8   8   2   2
 -0.5000 -0.4618 -0.2483 -0.1838  0.0863  0.3583  0.4367  0.5000
       6       5       1       7       6       8       6    ****
 -0.5000 -0.4618 -0.2483 -0.1838  0.0863  0.3583  0.4367  0.5000
       6       5       1       7       6       8       6    ****
 ... generation ...    8
   1   4   3   8   9   2   2
 -0.5000 -0.4618 -0.2483 -0.1838  0.0863  0.3583  0.4367  0.5000
       6       5       1       7       6       8       6    ****
 -0.5000 -0.4379 -0.2639 -0.1175  0.1834  0.1986  0.3130  0.4367  0.5000
       5       7       5       6       5       7       8       6    ****
   2   3   2   9  10   2   2
 -0.5000 -0.4379 -0.2639 -0.1175  0.1834  0.1986  0.3130  0.4367  0.5000
       5       7       5       6       5       7       8       6    ****
 -0.5000 -0.4618 -0.1661 -0.1217 -0.1175  0.0478  0.0720  0.3130  0.4367  0.5000
       6       5       1       5       6       2       7       8       6    ****
   3   2   4  12   8   2   2
 -0.5000 -0.4618 -0.1661 -0.1217 -0.1175  0.0478  0.0720  0.3130  0.3761  0.3764
       6       5       1       5       6       2       7       8       2       1
  0.4755  0.5000
       8    ****
 -0.5000 -0.4618 -0.2483 -0.1838  0.0863  0.3583  0.4367  0.5000
       6       5       1       7       6       8       6    ****
   4   2   4  12   8   2   2
 -0.5000 -0.4618 -0.1661 -0.1217 -0.1175  0.0478  0.0720  0.3130  0.3761  0.3764
       6       5       1       5       6       2       7       8       2       1
  0.4755  0.5000
       8    ****
 -0.5000 -0.4618 -0.2483 -0.1838  0.0863  0.3583  0.4367  0.5000
       6       5       1       7       6       8       6    ****
 ... generation ...    9
   1   1   3   9  12   2   2
 -0.5000 -0.4379 -0.2639 -0.2483 -0.1838  0.0863  0.3583  0.4367  0.5000
       5       7       5       1       7       6       8       6    ****
 -0.5000 -0.4618 -0.2483 -0.1838  0.0380  0.0478  0.0720  0.3130  0.3761  0.3764
       6       5       1       7       6       2       7       8       2       1
  0.4755  0.5000
       8    ****
   2   1   1   8   8   2   2
 -0.5000 -0.4618 -0.2483 -0.1838  0.0863  0.3471  0.4367  0.5000
       6       5       1       7       6       8       6    ****
 -0.5000 -0.4618 -0.2483 -0.1838  0.0863  0.3583  0.4367  0.5000
       6       5       1       7       6       8       6    ****
   3   3   3  12  11   2   2
 -0.5000 -0.4618 -0.1661 -0.1217 -0.1175  0.0478  0.0720  0.2907  0.3583  0.4157
       6       5       1       5       6       2       7       6       8       1
  0.4755  0.5000
       8    ****
 -0.5000 -0.4618 -0.1661 -0.1217 -0.1175  0.0478  0.0558  0.0863  0.3583  0.4367
       6       5       1       5       6       2       7       6       8       6
  0.5000
    ****
   4   3   3   8   8   2   2
 -0.5000 -0.4618 -0.2483 -0.1838  0.0863  0.3583  0.4367  0.5000
       6       5       1       7       6       8       6    ****
 -0.5000 -0.4618 -0.2483 -0.1838  0.0863  0.3583  0.4367  0.5000
       6       5       1       7       6       8       6    ****
 ... generation ...   10
   1   1   3  12  12   2   2
 -0.5000 -0.4618 -0.2483 -0.1838  0.0380  0.0478  0.0720  0.3130  0.3761  0.3764
       6       5       1       7       6       2       7       8       2       1
  0.4755  0.5000
       8    ****
 -0.5000 -0.4618 -0.1661 -0.1217 -0.1175  0.0478  0.0720  0.2907  0.3583  0.4157
       6       5       1       5       6       2       7       6       8       1
  0.4755  0.5000
       8    ****
   2   3   4  11   8   2   2
 -0.5000 -0.4618 -0.1661 -0.1217 -0.1175  0.0478  0.0558  0.0863  0.3583  0.4367
       6       5       1       5       6       2       7       6       8       6
  0.5000
    ****
 -0.5000 -0.4618 -0.2483 -0.1838  0.0863  0.3583  0.4367  0.5000
       6       5       1       7       6       8       6    ****
   3   4   2   8   8   2   2
 -0.5000 -0.4618 -0.2483 -0.1838  0.0863  0.3583  0.4367  0.5000
       6       5       1       7       6       8       6    ****
 -0.5000 -0.4618 -0.2483 -0.1838  0.0863  0.3583  0.4367  0.5000
       6       5       1       7       6       8       6    ****
   4   1   1  13  12   2   2
 -0.5000 -0.4618 -0.4078 -0.2639 -0.2483 -0.1838  0.0863  0.1779  0.3130  0.3761
       6       5       7       5       1       7       6       7       8       2
  0.3764  0.4601  0.5000
       1       6    ****
 -0.5000 -0.4618 -0.2483 -0.1838  0.0380  0.0478  0.0720  0.3130  0.3761  0.3764
       6       5       1       7       6       2       7       8       2       1
  0.4755  0.5000
       8    ****
