 ... generation ...    0
   1   0   0   2   2   2   2
 -0.5000  0.5000
       1    ****
  0.0000  0.0000  0.0000  0.0000  0.0000  0.0000  0.0000  0.0000  0.0000  0.0000  0.0000  0.0000  0.0000  0.0000  0.0000
 -0.5000  0.5000
       2    ****
  0.0000  0.0000  0.0000  0.0000  0.0000  0.0000  0.0000  0.0000  0.0000  0.0000  0.0000  0.0000  0.0000  0.0000  0.0000
 -0.5000  0.5000
       0    ****
  0.0000  0.0000  0.0000  0.0000  0.0000  0.0000  0.0000  0.0000  0.0000  0.0000  0.0000  0.0000  0.0000  0.0000  0.0000
 -0.5000  0.5000
       0    ****
  0.0000  0.0000  0.0000  0.0000  0.0000  0.0000  0.0000  0.0000  0.0000  0.0000  0.0000  0.0000  0.0000  0.0000  0.0000
   2   0   0   2   2   2   2
 -0.5000  0.5000
       3    ****
  0.0000  0.0000  0.0000  0.0000  0.0000  0.0000  0.0000  0.0000  0.0000  0.0000  0.0000  0.0000  0.0000  0.0000  0.0000
 -0.5000  0.5000
       4    ****
  0.0000  0.0000  0.0000  0.0000  0.0000  0.0000  0.0000  0.0000  0.0000  0.0000  0.0000  0.0000  0.0000  0.0000  0.0000
 -0.5000  0.5000
       0    ****
  0.0000  0.0000  0.0000  0.0000  0.0000  0.0000  0.0000  0.0000  0.0000  0.0000  0.0000  0.0000  0.0000  0.0000  0.0000
 -0.5000  0.5000
       0    ****
  0.0000  0.0000  0.0000  0.0000  0.0000  0.0000  0.0000  0.0000  0.0000  0.0000  0.0000  0.0000  0.0000  0.0000  0.0000
   3   0   0   2   2   2   2
 -0.5000  0.5000
       5    ****
  0.0000  0.0000  0.0000  0.0000  0.0000  0.0000  0.0000  0.0000  0.0000  0.0000  0.0000  0.0000  0.0000  0.0000  0.0000
 -0.5000  0.5000
       6    ****
  0.0000  0.0000  0.0000  0.0000  0.0000  0.0000  0.0000  0.0000  0.0000  0.0000  0.0000  0.0000  0.0000  0.0000  0.0000
 -0.5000  0.5000
       0    ****
  0.0000  0.0000  0.0000  0.0000  0.0000  0.0000  0.0000  0.0000  0.0000  0.0000  0.0000  0.0000  0.0000  0.0000  0.0000
 -0.5000  0.5000
       0    ****
  0.0000  0.0000  0.0000  0.0000  0.0000  0.0000  0.0000  0.0000  0.0000  0.0000  0.0000  0.0000  0.0000  0.0000  0.0000
   4   0   0   2   2   2   2
 -0.5000  0.5000
       7    ****
  0.0000  0.0000  0.0000  0.0000  0.0000  0.0000  0.0000  0.0000  0.0000  0.0000  0.0000  0.0000  0.0000  0.0000  0.0000
 -0.5000  0.5000
       8    ****
  0.0000  0.0000  0.0000  0.0000  0.0000  0.0000  0.0000  0.0000  0.0000  0.0000  0.0000  0.0000  0.0000  0.0000  0.0000
 -0.5000  0.5000
       0    ****
  0.0000  0.0000  0.0000  0.0000  0.0000  0.0000  0.0000  0.0000  0.0000  0.0000  0.0000  0.0000  0.0000  0.0000  0.0000
 -0.5000  0.5000
       0    ****
  0.0000  0.0000  0.0000  0.0000  0.0000  0.0000  0.0000  0.0000  0.0000  0.0000  0.0000  0.0000  0.0000  0.0000  0.0000


  0.0000  0.0000  0.0000  0.0000  0.0000  0.0000  0.0000  0.0000  0.0000  0.0000  0.0000  0.0000  0.0000  0.0000  0.0000
  0.0000  0.0000  0.0000  0.0000  0.0000  0.0000  0.0000  0.0000  0.0000  0.0000  0.0000  0.0000  0.0000  0.0000  0.0000
  0.0000  0.0000  0.0000  0.0000  0.0000  0.0000  0.0000  0.0000  0.0000  0.0000  0.0000  0.0000  0.0000  0.0000  0.0000
  0.0000  0.0000  0.0000  0.0000  0.0000  0.0000  0.0000  0.0000  0.0000  0.0000  0.0000  0.0000  0.0000  0.0000  0.0000
  0.0000  0.0000  0.0000  0.0000  0.0000  0.0000  0.0000  0.0000  0.0000  0.0000  0.0000  0.0000  0.0000  0.0000  0.0000
  0.0000  0.0000  0.0000  0.0000  0.0000  0.0000  0.0000  0.0000  0.0000  0.0000  0.0000  0.0000  0.0000  0.0000  0.0000
  0.0000  0.0000  0.0000  0.0000  0.0000  0.0000  0.0000  0.0000  0.0000


  0.0000  0.0000  0.0000  0.0000  0.0000  0.0000  0.0000  0.0000  0.0000  0.0000  0.0000  0.0000  0.0000  0.0000  0.0000
  0.0000  0.0000  0.0000  0.0000  0.0000  0.0000  0.0000  0.0000  0.0000  0.0000  0.0000  0.0000  0.0000  0.0000  0.0000
 ... generation ...    1
   1   2   4   3   2   2   2
 -0.5000 -0.2752  0.5000
       3       4    ****
  0.0000  0.0000  0.0000  0.0000  0.0000  0.0000  0.0000  0.0000  0.0000  0.0000  0.0000  0.0000  0.0000  0.0000  0.0000
 -0.5000  0.5000
       8    ****
  0.9930  0.0000 -0.1114 -0.0000  0.0333  0.0000 -0.0154 -0.0000  0.0088  0.0000 -0.0057 -0.0000  0.0039 -0.0000 -0.0029
 -0.5000  0.5000
       0    ****
  0.0000  0.0000  0.0000  0.0000  0.0000  0.0000  0.0000  0.0000  0.0000  0.0000  0.0000  0.0000  0.0000  0.0000  0.0000
 -0.5000  0.5000
       1    ****
  0.9930  0.0000 -0.1114 -0.0000  0.0333  0.0000 -0.0154 -0.0000  0.0088  0.0000 -0.0057 -0.0000  0.0039 -0.0000 -0.0029
   2   4   3   3   2   3   2
 -0.5000  0.1999  0.5000
       8       7    ****
  0.7173  0.3605  0.1390 -0.0822  0.0751 -0.0769 -0.0534 -0.0233 -0.0481  0.0443 -0.0019  0.0302  0.0377 -0.0094  0.0171
 -0.5000  0.5000
       5    ****
  0.0000  0.0000  0.0000  0.0000  0.0000  0.0000  0.0000  0.0000  0.0000  0.0000  0.0000  0.0000  0.0000  0.0000  0.0000
 -0.5000  0.1999  0.5000
       1      -1    ****
  0.4416  0.7210  0.3895 -0.1644  0.1169 -0.1538 -0.0914 -0.0467 -0.1050  0.0887  0.0019  0.0603  0.0714 -0.0189  0.0371
 -0.5000  0.5000
       0    ****
  0.0000  0.0000  0.0000  0.0000  0.0000  0.0000  0.0000  0.0000  0.0000  0.0000  0.0000  0.0000  0.0000  0.0000  0.0000
   3   4   4   4   5   4   5
 -0.5000 -0.3715  0.2188  0.5000
       8       7       8    ****
  0.3615 -0.1810 -0.4213 -0.0460  0.1070  0.1651 -0.0050 -0.0325  0.0452 -0.0706  0.0020  0.0279 -0.0674  0.0005  0.0238
 -0.5000  0.1892  0.3576  0.4954  0.5000
       8       7       8       7    ****
  0.8209  0.1967 -0.0407  0.0850  0.2053 -0.1545 -0.0794 -0.0333 -0.0741  0.0739  0.0299 -0.0075 -0.0046  0.0270  0.0337
 -0.5000 -0.3715  0.2188  0.5000
       1      -1       1    ****
 -0.2700 -0.3620 -0.7311 -0.0920  0.1806  0.3302  0.0054 -0.0650  0.0816 -0.1413  0.0096  0.0558 -0.1388  0.0010  0.0505
 -0.5000  0.1892  0.3576  0.4954  0.5000
       1      -1       1      -1    ****
  0.6489  0.3935  0.0299  0.1701  0.3772 -0.3090 -0.1433 -0.0666 -0.1569  0.1477  0.0655 -0.0150 -0.0131  0.0540  0.0704
   4   1   1   3   2   2   2
 -0.5000  0.3647  0.5000
       2       1    ****
  0.0000  0.0000  0.0000  0.0000  0.0000  0.0000  0.0000  0.0000  0.0000  0.0000  0.0000  0.0000  0.0000  0.0000  0.0000
 -0.5000  0.5000
       1    ****
  0.0000  0.0000  0.0000  0.0000  0.0000  0.0000  0.0000  0.0000  0.0000  0.0000  0.0000  0.0000  0.0000  0.0000  0.0000
 -0.5000  0.5000
       0    ****
  0.0000  0.0000  0.0000  0.0000  0.0000  0.0000  0.0000  0.0000  0.0000  0.0000  0.0000  0.0000  0.0000  0.0000  0.0000
 -0.5000  0.5000
       0    ****
  0.0000  0.0000  0.0000  0.0000  0.0000  0.0000  0.0000  0.0000  0.0000  0.0000  0.0000  0.0000  0.0000  0.0000  0.0000


  0.5000  0.3750  0.3750  0.3750  0.0000  0.0000  0.0000  0.0000  0.0000  0.0000  0.0000  0.0000  0.0000  0.0000  0.0000
  0.0000  0.0000  0.0000  0.0000  0.0000  0.0000  0.0000  0.0000  0.0000  0.0000  0.0000  0.0000  0.0000  0.0000  0.0000
  0.0000  0.0000  0.0000  0.0000  0.0000  0.0000  0.0000  0.0000  0.0000  0.0000  0.0000  0.0000  0.0000  0.0000  0.0000
  0.0000  0.0000  0.0000  0.0000  0.0000  0.0000  0.0000  0.0000  0.0000  0.0000  0.0000  0.0000  0.0000  0.0000  0.0000
  0.0000  0.0000  0.0000  0.0000  0.0000  0.0000  0.0000  0.0000  0.0000  0.0000  0.0000  0.0000  0.0000  0.0000  0.0000
  0.0000  0.0000  0.0000  0.0000  0.0000  0.0000  0.0000  0.0000  0.0000  0.0000  0.0000  0.0000  0.0000  0.0000  0.0000
  0.0000  0.0000  0.0000  0.0000  0.0000  0.0000  0.0000  0.0000  0.0000


  0.3616  0.0470 -0.0543 -0.0054  0.0526 -0.0083 -0.0191 -0.0111 -0.0085  0.0059  0.0030  0.0063 -0.0038  0.0023  0.0090
 -0.0033  0.0044 -0.0062 -0.0110 -0.0007 -0.0004  0.0086  0.0022 -0.0003  0.0022 -0.0018  0.0051 -0.0044 -0.0068 -0.0008
 ... generation ...    2
   1   1   4   3   3   3   2
 -0.5000  0.4116  0.5000
       8       4    ****
  0.9225  0.1094  0.0072 -0.1156 -0.0738  0.0954  0.0661 -0.0664 -0.0420  0.0354  0.0152 -0.0077  0.0075 -0.0127 -0.0224
 -0.5000  0.3647  0.5000
       2       1    ****
  0.0000  0.0000  0.0000  0.0000  0.0000  0.0000  0.0000  0.0000  0.0000  0.0000  0.0000  0.0000  0.0000  0.0000  0.0000
 -0.5000  0.4116  0.5000
       1      -1    ****
  0.8520  0.2188  0.1258 -0.2312 -0.1809  0.1907  0.1476 -0.1328 -0.0928  0.0708  0.0361 -0.0154  0.0111 -0.0254 -0.0418
 -0.5000  0.5000
       0    ****
  0.0000  0.0000  0.0000  0.0000  0.0000  0.0000  0.0000  0.0000  0.0000  0.0000  0.0000  0.0000  0.0000  0.0000  0.0000
   2   1   1   5   3   5   3
 -0.5000 -0.3679 -0.3437  0.3238  0.5000
       8       3       8       4    ****
  0.8205  0.1909  0.1279 -0.1575 -0.0718  0.0688 -0.0457  0.0003  0.0877 -0.0237 -0.0421  0.0146 -0.0309 -0.0016  0.0629
 -0.5000  0.2235  0.5000
       8       4    ****
  0.7423  0.3373  0.1429 -0.1108  0.0450 -0.0692 -0.0741  0.0096 -0.0284  0.0530  0.0282  0.0019  0.0329 -0.0315 -0.0147
 -0.5000 -0.3679 -0.3437  0.3238  0.5000
       1      -1       1      -1    ****
  0.6480  0.3818  0.3673 -0.3151 -0.1770  0.1376 -0.0759  0.0006  0.1665 -0.0475 -0.0785  0.0291 -0.0658 -0.0031  0.1288
 -0.5000  0.2235  0.5000
       1      -1    ****
  0.4915  0.6747  0.3972 -0.2216  0.0566 -0.1383 -0.1328  0.0192 -0.0657  0.1060  0.0621  0.0037  0.0618 -0.0631 -0.0266
   3   1   4   2   2   2   2
 -0.5000  0.5000
       8    ****
  0.9930  0.0000 -0.1114 -0.0000  0.0333  0.0000 -0.0154 -0.0000  0.0088  0.0000 -0.0057 -0.0000  0.0039 -0.0000 -0.0029
 -0.5000  0.5000
       1    ****
  0.0000  0.0000  0.0000  0.0000  0.0000  0.0000  0.0000  0.0000  0.0000  0.0000  0.0000  0.0000  0.0000  0.0000  0.0000
 -0.5000  0.5000
       1    ****
  0.9930  0.0000 -0.1114 -0.0000  0.0333  0.0000 -0.0154 -0.0000  0.0088  0.0000 -0.0057 -0.0000  0.0039 -0.0000 -0.0029
 -0.5000  0.5000
       0    ****
  0.0000  0.0000  0.0000  0.0000  0.0000  0.0000  0.0000  0.0000  0.0000  0.0000  0.0000  0.0000  0.0000  0.0000  0.0000
   4   4   3   3   4   2   7
 -0.5000 -0.4041  0.5000
       2       1    ****
  0.0000  0.0000  0.0000  0.0000  0.0000  0.0000  0.0000  0.0000  0.0000  0.0000  0.0000  0.0000  0.0000  0.0000  0.0000
 -0.5000 -0.3715  0.2188  0.5000
       8       7       8    ****
  0.3615 -0.1810 -0.4213 -0.0460  0.1070  0.1651 -0.0050 -0.0325  0.0452 -0.0706  0.0020  0.0279 -0.0674  0.0005  0.0238
 -0.5000  0.5000
       0    ****
  0.0000  0.0000  0.0000  0.0000  0.0000  0.0000  0.0000  0.0000  0.0000  0.0000  0.0000  0.0000  0.0000  0.0000  0.0000
 -0.5000 -0.3715  0.1892  0.2188  0.3576  0.4954  0.5000
       0      -1       0       1       0       1    ****
 -0.4595 -0.3778 -0.3805 -0.1311 -0.0983  0.3196  0.0743  0.0008  0.1192 -0.1445 -0.0279  0.0354 -0.0628 -0.0265 -0.0099


  0.6250  0.5000  0.5000  0.3750  0.0000  0.0000  0.0000  0.0000  0.0000  0.0000  0.0000  0.0000  0.0000  0.0000  0.0000
  0.0000  0.0000  0.0000  0.0000  0.0000  0.0000  0.0000  0.0000  0.0000  0.0000  0.0000  0.0000  0.0000  0.0000  0.0000
  0.0000  0.0000  0.0000  0.0000  0.0000  0.0000  0.0000  0.0000  0.0000  0.0000  0.0000  0.0000  0.0000  0.0000  0.0000
  0.0000  0.0000  0.0000  0.0000  0.0000  0.0000  0.0000  0.0000  0.0000  0.0000  0.0000  0.0000  0.0000  0.0000  0.0000
  0.0000  0.0000  0.0000  0.0000  0.0000  0.0000  0.0000  0.0000  0.0000  0.0000  0.0000  0.0000  0.0000  0.0000  0.0000
  0.0000  0.0000  0.0000  0.0000  0.0000  0.0000  0.0000  0.0000  0.0000  0.0000  0.0000  0.0000  0.0000  0.0000  0.0000
  0.0000  0.0000  0.0000  0.0000  0.0000  0.0000  0.0000  0.0000  0.0000


  0.8416  0.1041 -0.0861 -0.0591  0.0576  0.0242 -0.0284 -0.0223  0.0004  0.0052  0.0028  0.0109 -0.0105 -0.0034  0.0148
  0.0012  0.0050 -0.0074 -0.0191 -0.0019  0.0115  0.0107 -0.0052 -0.0034 -0.0002  0.0002  0.0136 -0.0025 -0.0137 -0.0046
 ... generation ...    3
   1   3   1   3   3   3   3
 -0.5000 -0.3069  0.5000
       1       8    ****
  0.8265 -0.2429  0.1156  0.1682 -0.0619 -0.0270 -0.0388 -0.0494  0.0599  0.0343 -0.0141  0.0165 -0.0288 -0.0362  0.0248
 -0.5000  0.4116  0.5000
       8       4    ****
  0.9225  0.1094  0.0072 -0.1156 -0.0738  0.0954  0.0661 -0.0664 -0.0420  0.0354  0.0152 -0.0077  0.0075 -0.0127 -0.0224
 -0.5000 -0.3069  0.5000
      -1       1    ****
  0.6600 -0.4859  0.3427  0.3363 -0.1571 -0.0541 -0.0622 -0.0988  0.1110  0.0686 -0.0225  0.0331 -0.0615 -0.0724  0.0524
 -0.5000  0.4116  0.5000
       1       0    ****
  0.9225  0.1094  0.0072 -0.1156 -0.0738  0.0954  0.0661 -0.0664 -0.0420  0.0354  0.0152 -0.0077  0.0075 -0.0127 -0.0224
   2   2   2   5   3   6   6
 -0.5000 -0.3679 -0.3437  0.3238  0.5000
       8       3       8       4    ****
  0.8205  0.1909  0.1279 -0.1575 -0.0718  0.0688 -0.0457  0.0003  0.0877 -0.0237 -0.0421  0.0146 -0.0309 -0.0016  0.0629
 -0.5000  0.2235  0.5000
       8       4    ****
  0.7423  0.3373  0.1429 -0.1108  0.0450 -0.0692 -0.0741  0.0096 -0.0284  0.0530  0.0282  0.0019  0.0329 -0.0315 -0.0147
 -0.5000 -0.3679 -0.3437  0.2235  0.3238  0.5000
       0      -1       0       1       0    ****
  0.0782 -0.1464 -0.0150 -0.0467 -0.1168  0.1379  0.0284 -0.0093  0.1161 -0.0767 -0.0703  0.0127 -0.0638  0.0300  0.0777
 -0.5000 -0.3679 -0.3437  0.2235  0.3238  0.5000
       0       1       0      -1       0    ****
 -0.0782  0.1464  0.0150  0.0467  0.1168 -0.1379 -0.0284  0.0093 -0.1161  0.0767  0.0703 -0.0127  0.0638 -0.0300 -0.0777
   3   1   1   4   5   3   5
 -0.5000  0.3647  0.4646  0.5000
       2       1       4    ****
  0.0000  0.0000  0.0000  0.0000  0.0000  0.0000  0.0000  0.0000  0.0000  0.0000  0.0000  0.0000  0.0000  0.0000  0.0000
 -0.5000 -0.4654 -0.1598  0.4116  0.5000
       8       2       8       4    ****
  0.6301 -0.2442  0.1931 -0.1354  0.0535  0.2048  0.0343 -0.0477 -0.0458  0.0833 -0.0655 -0.0747  0.0340 -0.0123 -0.0323
 -0.5000  0.4116  0.5000
      -1       0    ****
 -0.9225 -0.1094 -0.0072  0.1156  0.0738 -0.0954 -0.0661  0.0664  0.0420 -0.0354 -0.0152  0.0077 -0.0075  0.0127  0.0224
 -0.5000 -0.4654 -0.1598  0.4116  0.5000
       1      -1       1       0    ****
  0.3377 -0.5978  0.3790 -0.1552  0.1807  0.3143  0.0025 -0.0291 -0.0495  0.1312 -0.1462 -0.1418  0.0606 -0.0118 -0.0422
   4   2   1   3   3   6   3
 -0.5000  0.3238  0.5000
       8       4    ****
  0.8428  0.2220  0.1028 -0.1692 -0.0762  0.0495 -0.0160  0.0340  0.0570 -0.0449 -0.0346  0.0070 -0.0100  0.0283  0.0303
 -0.5000  0.3647  0.5000
       2       1    ****
  0.0000  0.0000  0.0000  0.0000  0.0000  0.0000  0.0000  0.0000  0.0000  0.0000  0.0000  0.0000  0.0000  0.0000  0.0000
 -0.5000 -0.3679 -0.3437  0.2235  0.3238  0.5000
       0       1       0       1       0    ****
  0.1229 -0.0843 -0.0652 -0.0700 -0.1256  0.0995  0.0878  0.0581  0.0549 -0.1191 -0.0553 -0.0025 -0.0219  0.0897  0.0124
 -0.5000  0.4116  0.5000
      -1       0    ****
 -0.9225 -0.1094 -0.0072  0.1156  0.0738 -0.0954 -0.0661  0.0664  0.0420 -0.0354 -0.0152  0.0077 -0.0075  0.0127  0.0224


  0.5000  0.7500  0.7500  0.3750  0.0000  0.0000  0.0000  0.0000  0.0000  0.0000  0.0000  0.0000  0.0000  0.0000  0.0000
  0.0000  0.0000  0.0000  0.0000  0.0000  0.0000  0.0000  0.0000  0.0000  0.0000  0.0000  0.0000  0.0000  0.0000  0.0000
  0.0000  0.0000  0.0000  0.0000  0.0000  0.0000  0.0000  0.0000  0.0000  0.0000  0.0000  0.0000  0.0000  0.0000  0.0000
  0.0000  0.0000  0.0000  0.0000  0.0000  0.0000  0.0000  0.0000  0.0000  0.0000  0.0000  0.0000  0.0000  0.0000  0.0000
  0.0000  0.0000  0.0000  0.0000  0.0000  0.0000  0.0000  0.0000  0.0000  0.0000  0.0000  0.0000  0.0000  0.0000  0.0000
  0.0000  0.0000  0.0000  0.0000  0.0000  0.0000  0.0000  0.0000  0.0000  0.0000  0.0000  0.0000  0.0000  0.0000  0.0000
  0.0000  0.0000  0.0000  0.0000  0.0000  0.0000  0.0000  0.0000  0.0000


  1.4397  0.1507  0.0001 -0.1242  0.0344  0.0645 -0.0377 -0.0372  0.0114  0.0224 -0.0113  0.0056 -0.0099 -0.0117  0.0209
 -0.0016  0.0107 -0.0034 -0.0345  0.0052  0.0298  0.0093 -0.0139 -0.0095 -0.0082  0.0044  0.0224 -0.0069 -0.0162 -0.0021
 ... generation ...    4
   1   1   2   4   5   4   6
 -0.5000 -0.3069  0.4116  0.5000
       1       8       4    ****
  0.7560 -0.1335  0.2342  0.0526 -0.1690  0.0683  0.0427 -0.1158  0.0091  0.0697  0.0068  0.0088 -0.0252 -0.0489  0.0053
 -0.5000 -0.3679 -0.3437  0.2235  0.5000
       8       3       8       4    ****
  0.7199  0.3063  0.1680 -0.0992  0.0494 -0.0499 -0.1038 -0.0241  0.0022  0.0742  0.0207  0.0094  0.0119 -0.0614  0.0179
 -0.5000 -0.3069  0.4116  0.5000
      -1       0      -1    ****
 -0.2370 -0.1335  0.3456  0.0526 -0.2023  0.0683  0.0581 -0.1158  0.0003  0.0697  0.0125  0.0088 -0.0291 -0.0489  0.0082
 -0.5000 -0.3679 -0.3437  0.2235  0.3238  0.5000
       0      -1       0      -1       0    ****
 -0.1229  0.0843  0.0652  0.0700  0.1256 -0.0995 -0.0878 -0.0581 -0.0549  0.1191  0.0553  0.0025  0.0219 -0.0897 -0.0124
   2   4   1   4   3   3   4
 -0.5000  0.3238  0.4099  0.5000
       8       4       1    ****
  0.8428  0.2220  0.1028 -0.1692 -0.0762  0.0495 -0.0160  0.0340  0.0570 -0.0449 -0.0346  0.0070 -0.0100  0.0283  0.0303
 -0.5000 -0.3069  0.5000
       1       8    ****
  0.8265 -0.2429  0.1156  0.1682 -0.0619 -0.0270 -0.0388 -0.0494  0.0599  0.0343 -0.0141  0.0165 -0.0288 -0.0362  0.0248
 -0.5000  0.3238  0.5000
       1       0    ****
  0.8428  0.2220  0.1028 -0.1692 -0.0762  0.0495 -0.0160  0.0340  0.0570 -0.0449 -0.0346  0.0070 -0.0100  0.0283  0.0303
 -0.5000 -0.3069  0.4116  0.5000
      -1       0       1    ****
 -0.0960 -0.3524  0.1084  0.2838  0.0119 -0.1224 -0.1049  0.0170  0.1019 -0.0011 -0.0293  0.0243 -0.0363 -0.0235  0.0471
   3   4   3   5   4   5   5
 -0.5000  0.2288  0.3044  0.3647  0.5000
       2       8       2       1    ****
  0.0763 -0.0859 -0.0258 -0.0510 -0.0972  0.0895  0.0351  0.0343  0.0816 -0.0839 -0.0439 -0.0141 -0.0587  0.0688  0.0438
 -0.5000  0.3647  0.4646  0.5000
       2       1       4    ****
  0.0000  0.0000  0.0000  0.0000  0.0000  0.0000  0.0000  0.0000  0.0000  0.0000  0.0000  0.0000  0.0000  0.0000  0.0000
 -0.5000  0.2288  0.3044  0.3238  0.5000
      -1       1      -1       0    ****
 -0.6902 -0.3939 -0.1543  0.0671 -0.1182  0.1294  0.0862  0.0346  0.1061 -0.1229 -0.0532 -0.0352 -0.1073  0.1092  0.0572
 -0.5000 -0.4654 -0.1598  0.4116  0.5000
      -1       0      -1       0    ****
 -0.6301  0.2442 -0.1931  0.1354 -0.0535 -0.2048 -0.0343  0.0477  0.0458 -0.0833  0.0655  0.0747 -0.0340  0.0123  0.0323
   4   4   3   3   4   3   5
 -0.5000  0.3647  0.5000
       2       1    ****
  0.0000  0.0000  0.0000  0.0000  0.0000  0.0000  0.0000  0.0000  0.0000  0.0000  0.0000  0.0000  0.0000  0.0000  0.0000
 -0.5000 -0.1598  0.4116  0.5000
       2       8       4    ****
  0.6038 -0.2857  0.2395 -0.0876  0.0056  0.1574  0.0809 -0.0022 -0.0900  0.0405 -0.0243 -0.0353 -0.0035 -0.0478  0.0011
 -0.5000  0.3238  0.5000
      -1       0    ****
 -0.8428 -0.2220 -0.1028  0.1692  0.0762 -0.0495  0.0160 -0.0340 -0.0570  0.0449  0.0346 -0.0070  0.0100 -0.0283 -0.0303
 -0.5000 -0.4654 -0.1598  0.4116  0.5000
      -1       0       1       0    ****
  0.5775 -0.3271  0.2860 -0.0398 -0.0424  0.1099  0.1276  0.0434 -0.1343 -0.0023  0.0168  0.0041 -0.0410 -0.0833  0.0345


  0.2500  0.6250  0.6250  0.3750  0.0000  0.0000  0.0000  0.0000  0.0000  0.0000  0.0000  0.0000  0.0000  0.0000  0.0000
  0.0000  0.0000  0.0000  0.0000  0.0000  0.0000  0.0000  0.0000  0.0000  0.0000  0.0000  0.0000  0.0000  0.0000  0.0000
  0.0000  0.0000  0.0000  0.0000  0.0000  0.0000  0.0000  0.0000  0.0000  0.0000  0.0000  0.0000  0.0000  0.0000  0.0000
  0.0000  0.0000  0.0000  0.0000  0.0000  0.0000  0.0000  0.0000  0.0000  0.0000  0.0000  0.0000  0.0000  0.0000  0.0000
  0.0000  0.0000  0.0000  0.0000  0.0000  0.0000  0.0000  0.0000  0.0000  0.0000  0.0000  0.0000  0.0000  0.0000  0.0000
  0.0000  0.0000  0.0000  0.0000  0.0000  0.0000  0.0000  0.0000  0.0000  0.0000  0.0000  0.0000  0.0000  0.0000  0.0000
  0.0000  0.0000  0.0000  0.0000  0.0000  0.0000  0.0000  0.0000  0.0000


  1.9178  0.1232  0.1044 -0.1475 -0.0093  0.1005 -0.0376 -0.0526  0.0264  0.0336 -0.0225  0.0046 -0.0242 -0.0238  0.0363
  0.0043  0.0196 -0.0066 -0.0526  0.0110  0.0420  0.0104 -0.0154 -0.0119 -0.0179  0.0035  0.0297 -0.0108 -0.0166  0.0019
 ... generation ...    5
   1   3   1   5   5   4   7
 -0.5000  0.2288  0.3044  0.3647  0.5000
       2       8       2       1    ****
  0.0763 -0.0859 -0.0258 -0.0510 -0.0972  0.0895  0.0351  0.0343  0.0816 -0.0839 -0.0439 -0.0141 -0.0587  0.0688  0.0438
 -0.5000 -0.3679 -0.3437  0.4116  0.5000
       8       3       8       4    ****
  0.9002  0.0783  0.0323 -0.1040 -0.0693  0.1146  0.0364 -0.1001 -0.0114  0.0566  0.0077 -0.0001 -0.0134 -0.0426  0.0102
 -0.5000  0.2288  0.3044  0.5000
       0       1       0    ****
  0.0763 -0.0859 -0.0258 -0.0510 -0.0972  0.0895  0.0351  0.0343  0.0816 -0.0839 -0.0439 -0.0141 -0.0587  0.0688  0.0438
 -0.5000 -0.3679 -0.3437 -0.3069  0.2235  0.4116  0.5000
       1       0       1       0       1       0    ****
  0.3245 -0.0161 -0.3376 -0.1613 -0.0191  0.2108  0.1339 -0.0603 -0.0341 -0.0307 -0.0121 -0.0185 -0.0136  0.0251 -0.0027
   2   1   4   5   5   8   5
 -0.5000 -0.3716 -0.3069  0.4116  0.5000
       8       1       8       4    ****
  0.8617  0.0275  0.0670 -0.0988 -0.0441  0.1618 -0.0179 -0.1454  0.0120  0.0522  0.0374  0.0452 -0.0604 -0.0776  0.0237
 -0.5000 -0.1598 -0.0808  0.3647  0.5000
       2       8       2       1    ****
  0.0870  0.0477  0.0721  0.0988  0.0023  0.0973 -0.0666  0.0445 -0.0932 -0.0244 -0.0673 -0.0684 -0.0122 -0.0674  0.0351
 -0.5000 -0.3716 -0.3679 -0.3437 -0.3069  0.2235  0.4116  0.5000
       1      -1       0      -1       0       1       0    ****
  0.2474 -0.1178 -0.2682 -0.1509  0.0315  0.3051  0.0253 -0.1508  0.0127 -0.0395  0.0473  0.0720 -0.1076 -0.0448  0.0243
 -0.5000 -0.1598 -0.0808  0.4116  0.5000
       0       1      -1       0    ****
 -0.4299  0.3810 -0.0953  0.2851 -0.0009  0.0373 -0.2142  0.0913 -0.0964 -0.0893 -0.1103 -0.1014 -0.0209 -0.0870  0.0692
   3   1   1   4   4   7   8
 -0.5000 -0.3069  0.2235  0.5000
       1       8       4    ****
  0.5757  0.0944  0.3699  0.0574 -0.0503 -0.0962 -0.0975 -0.0398  0.0227  0.0873  0.0198  0.0184  0.0002 -0.0677  0.0129
 -0.5000 -0.3069  0.3631  0.5000
       1       8       4    ****
  0.7131 -0.0710  0.2922  0.0115 -0.1871  0.0615  0.0128 -0.0676  0.0688  0.0067 -0.0514  0.0549  0.0035 -0.0575  0.0169
 -0.5000 -0.3679 -0.3437 -0.3069  0.2235  0.4116  0.5000
      -1       0      -1       0      -1       0    ****
 -0.3245  0.0161  0.3376  0.1613  0.0191 -0.2108 -0.1339  0.0603  0.0341  0.0307  0.0121  0.0185  0.0136 -0.0251  0.0027
 -0.5000 -0.3679 -0.3437 -0.3069  0.2235  0.3631  0.4116  0.5000
      -1       0      -1       0       1      -1       0    ****
 -0.0497 -0.3147  0.1822  0.0697 -0.2545  0.1047  0.0867  0.0048  0.1264 -0.1306 -0.1303  0.0915  0.0203 -0.0046  0.0106
   4   4   4   4   7   4   7
 -0.5000 -0.1598  0.4116  0.5000
       2       8       4    ****
  0.6038 -0.2857  0.2395 -0.0876  0.0056  0.1574  0.0809 -0.0022 -0.0900  0.0405 -0.0243 -0.0353 -0.0035 -0.0478  0.0011
 -0.5000 -0.1598 -0.0173  0.2461  0.2732  0.3647  0.5000
       2       8       2       8       2       1    ****
  0.1857  0.0335  0.1455  0.1182  0.0352  0.1893 -0.0080  0.1363 -0.0314  0.0193 -0.0778 -0.0114 -0.0655  0.0267  0.0154
 -0.5000 -0.1598  0.4116  0.5000
       0       1       0    ****
  0.6038 -0.2857  0.2395 -0.0876  0.0056  0.1574  0.0809 -0.0022 -0.0900  0.0405 -0.0243 -0.0353 -0.0035 -0.0478  0.0011
 -0.5000 -0.1598 -0.0173  0.2461  0.2732  0.4116  0.5000
       0       1      -1       1      -1       0    ****
 -0.2323  0.3527  0.0515  0.3239  0.0648  0.2212 -0.0969  0.2747  0.0273 -0.0020 -0.1313  0.0125 -0.1276  0.1011  0.0298


  0.2500  0.8750  0.6250  0.3750  0.0000  0.0000  0.0000  0.0000  0.0000  0.0000  0.0000  0.0000  0.0000  0.0000  0.0000
  0.0000  0.0000  0.0000  0.0000  0.0000  0.0000  0.0000  0.0000  0.0000  0.0000  0.0000  0.0000  0.0000  0.0000  0.0000
  0.0000  0.0000  0.0000  0.0000  0.0000  0.0000  0.0000  0.0000  0.0000  0.0000  0.0000  0.0000  0.0000  0.0000  0.0000
  0.0000  0.0000  0.0000  0.0000  0.0000  0.0000  0.0000  0.0000  0.0000  0.0000  0.0000  0.0000  0.0000  0.0000  0.0000
  0.0000  0.0000  0.0000  0.0000  0.0000  0.0000  0.0000  0.0000  0.0000  0.0000  0.0000  0.0000  0.0000  0.0000  0.0000
  0.0000  0.0000  0.0000  0.0000  0.0000  0.0000  0.0000  0.0000  0.0000  0.0000  0.0000  0.0000  0.0000  0.0000  0.0000
  0.0000  0.0000  0.0000  0.0000  0.0000  0.0000  0.0000  0.0000  0.0000


  2.4183  0.1030  0.2535 -0.1544 -0.0599  0.1974 -0.0407 -0.0701  0.0213  0.0529 -0.0475  0.0033 -0.0504 -0.0569  0.0562
  0.0171  0.0442 -0.0053 -0.0741  0.0153  0.0485  0.0245 -0.0193 -0.0106 -0.0290 -0.0085  0.0327 -0.0128 -0.0195  0.0148
 ... generation ...    6
   1   1   2   8   6   8   8
 -0.5000 -0.3679 -0.3437 -0.1010  0.2288  0.3044  0.3647  0.5000
       8       3       8       2       8       2       1    ****
  0.4372  0.3163 -0.1832  0.0096 -0.1808  0.1160 -0.0715 -0.0445  0.0857 -0.1071 -0.0522 -0.0469 -0.0542  0.0218  0.1059
 -0.5000 -0.1598 -0.0808  0.1618  0.4116  0.5000
       2       8       2       8       4    ****
  0.3329 -0.2364 -0.0429  0.0140 -0.1827  0.2563  0.0030  0.0412 -0.0942  0.0131 -0.0079 -0.1056 -0.0005 -0.1143 -0.0099
 -0.5000 -0.3679 -0.3437 -0.1010  0.2288  0.3044  0.4116  0.5000
       1       0       1      -1       0      -1       0    ****
 -0.1021  0.6402 -0.3729  0.1741 -0.1950  0.0279 -0.2145 -0.0232  0.1013 -0.1869 -0.0682 -0.0796 -0.0363  0.0174  0.1578
 -0.5000 -0.3716 -0.3069 -0.1598 -0.0808  0.1618  0.4116  0.5000
      -1       0      -1       0      -1       1       0    ****
 -0.2828 -0.5478 -0.2250  0.0281 -0.3237  0.2535  0.0904  0.1831 -0.1073 -0.0015  0.0140 -0.1880  0.0716 -0.0836 -0.0786
   2   4   3   7   4   6   4
 -0.5000 -0.1598 -0.0173  0.2461  0.2732  0.3647  0.5000
       2       8       2       8       2       1    ****
  0.1857  0.0335  0.1455  0.1182  0.0352  0.1893 -0.0080  0.1363 -0.0314  0.0193 -0.0778 -0.0114 -0.0655  0.0267  0.0154
 -0.5000 -0.3069  0.2235  0.5000
       1       8       4    ****
  0.5757  0.0944  0.3699  0.0574 -0.0503 -0.0962 -0.0975 -0.0398  0.0227  0.0873  0.0198  0.0184  0.0002 -0.0677  0.0129
 -0.5000 -0.0173  0.2461  0.2732  0.4116  0.5000
       0      -1       0      -1       0    ****
 -0.4180  0.3192 -0.0940  0.2058  0.0296  0.0319 -0.0889  0.1385  0.0587 -0.0212 -0.0535  0.0239 -0.0621  0.0744  0.0143
 -0.5000  0.2235  0.3631  0.5000
       0      -1       0    ****
 -0.1374  0.1654  0.0777  0.0458  0.1368 -0.1578 -0.1103  0.0278 -0.0461  0.0807  0.0712 -0.0365 -0.0034 -0.0102 -0.0039
   3   2   1   9   5  10   7
 -0.5000 -0.3716 -0.3069 -0.2752 -0.1598  0.0600  0.2368  0.4116  0.5000
       8       1       8       2       8       2       8       4    ****
  0.5488  0.0399 -0.0644 -0.0127  0.1600  0.3283  0.1924 -0.0418  0.0054  0.0110 -0.0343 -0.0310 -0.0269 -0.0952  0.1018
 -0.5000 -0.3679 -0.3437  0.4116  0.5000
       8       3       8       4    ****
  0.9002  0.0783  0.0323 -0.1040 -0.0693  0.1146  0.0364 -0.1001 -0.0114  0.0566  0.0077 -0.0001 -0.0134 -0.0426  0.0102
 -0.5000 -0.3716 -0.3069 -0.2752 -0.1598 -0.0808  0.0600  0.2368  0.4116  0.5000
       1       0       1      -1       0       1      -1       1       0    ****
  0.1490  0.0047 -0.2679 -0.0253  0.3618  0.3975  0.4692  0.0173  0.0920 -0.0058 -0.0387 -0.0387  0.0189 -0.0454  0.1447
 -0.5000 -0.3679 -0.3437  0.2288  0.3044  0.4116  0.5000
       1       0       1       0       1       0    ****
  0.8239  0.1643  0.0581 -0.0530  0.0279  0.0251  0.0013 -0.1344 -0.0930  0.1405  0.0516  0.0140  0.0452 -0.1114 -0.0335
   4   1   3   6   4   8   4
 -0.5000 -0.4553 -0.3679 -0.3437  0.4116  0.5000
       2       8       3       8       4    ****
  0.8659  0.0245  0.0924 -0.0425 -0.1304  0.0548  0.0943 -0.0446 -0.0642  0.0069  0.0542  0.0428 -0.0527 -0.0780  0.0418
 -0.5000 -0.3069  0.2235  0.5000
       1       8       4    ****
  0.5757  0.0944  0.3699  0.0574 -0.0503 -0.0962 -0.0975 -0.0398  0.0227  0.0873  0.0198  0.0184  0.0002 -0.0677  0.0129
 -0.5000 -0.4553 -0.3679 -0.3437  0.2288  0.3044  0.4116  0.5000
      -1       1       0       1       0       1       0    ****
  0.7553  0.0565  0.1783  0.0700 -0.0943 -0.0944  0.1170 -0.0234 -0.1986  0.0410  0.1445  0.0998 -0.0333 -0.1822  0.0295
 -0.5000  0.2235  0.3631  0.5000
       0      -1       0    ****
 -0.1374  0.1654  0.0777  0.0458  0.1368 -0.1578 -0.1103  0.0278 -0.0461  0.0807  0.0712 -0.0365 -0.0034 -0.0102 -0.0039


  0.5000  1.0000  0.5000  0.5000  0.0000  0.0000  0.0000  0.0000  0.0000  0.0000  0.0000  0.0000  0.0000  0.0000  0.0000
  0.0000  0.0000  0.0000  0.0000  0.0000  0.0000  0.0000  0.0000  0.0000  0.0000  0.0000  0.0000  0.0000  0.0000  0.0000
  0.0000  0.0000  0.0000  0.0000  0.0000  0.0000  0.0000  0.0000  0.0000  0.0000  0.0000  0.0000  0.0000  0.0000  0.0000
  0.0000  0.0000  0.0000  0.0000  0.0000  0.0000  0.0000  0.0000  0.0000  0.0000  0.0000  0.0000  0.0000  0.0000  0.0000
  0.0000  0.0000  0.0000  0.0000  0.0000  0.0000  0.0000  0.0000  0.0000  0.0000  0.0000  0.0000  0.0000  0.0000  0.0000
  0.0000  0.0000  0.0000  0.0000  0.0000  0.0000  0.0000  0.0000  0.0000  0.0000  0.0000  0.0000  0.0000  0.0000  0.0000
  0.0000  0.0000  0.0000  0.0000  0.0000  0.0000  0.0000  0.0000  0.0000


  2.9710  0.1587  0.3435 -0.1423 -0.1185  0.3057 -0.0343 -0.0867  0.0132  0.0747 -0.0563 -0.0112 -0.0771 -0.1091  0.0926
  0.0408  0.0622 -0.0149 -0.1044  0.0241  0.0690  0.0482 -0.0296 -0.0167 -0.0474 -0.0245  0.0369 -0.0134 -0.0345  0.0298
 ... generation ...    7
   1   1   1   6   6  11  12
 -0.5000 -0.1598 -0.0808  0.1618  0.4116  0.5000
       2       8       2       8       4    ****
  0.3329 -0.2364 -0.0429  0.0140 -0.1827  0.2563  0.0030  0.0412 -0.0942  0.0131 -0.0079 -0.1056 -0.0005 -0.1143 -0.0099
 -0.5000 -0.1717 -0.1010  0.1618  0.4116  0.5000
       2       8       2       8       4    ****
  0.3234 -0.2361 -0.0584  0.0088 -0.2026  0.2363 -0.0093  0.0072 -0.0838 -0.0185  0.0273 -0.1139  0.0429 -0.0910  0.0167
 -0.5000 -0.3679 -0.3437 -0.1598 -0.1010 -0.0808  0.1618  0.2288  0.3044  0.4116  0.5000
      -1       0      -1       0       1       0       1       0       1       0    ****
 -0.1042 -0.5526  0.1403  0.0045 -0.0020  0.1403  0.0744  0.0857 -0.1800  0.1202  0.0442 -0.0587  0.0537 -0.1361 -0.1158
 -0.5000 -0.3679 -0.3437 -0.1717 -0.1598 -0.1010 -0.0808  0.1618  0.2288  0.3044  0.4116  0.5000
      -1       0      -1       1       0      -1       0       1       0       1       0    ****
 -0.1233 -0.5522  0.1094 -0.0060 -0.0417  0.1003  0.0500  0.0177 -0.1592  0.0569  0.1148 -0.0752  0.1404 -0.0895 -0.0626
   2   4   1   6   6   8  11
 -0.5000 -0.4553 -0.3679 -0.3437  0.4116  0.5000
       2       8       3       8       4    ****
  0.8659  0.0245  0.0924 -0.0425 -0.1304  0.0548  0.0943 -0.0446 -0.0642  0.0069  0.0542  0.0428 -0.0527 -0.0780  0.0418
 -0.5000 -0.1598 -0.0808  0.1618  0.4116  0.5000
       2       8       2       8       4    ****
  0.3329 -0.2364 -0.0429  0.0140 -0.1827  0.2563  0.0030  0.0412 -0.0942  0.0131 -0.0079 -0.1056 -0.0005 -0.1143 -0.0099
 -0.5000 -0.4553 -0.3679 -0.3437 -0.3069  0.2235  0.4116  0.5000
       0       1       0       1       0       1       0    ****
  0.2902 -0.0699 -0.2775 -0.0998 -0.0802  0.1511  0.1918 -0.0048 -0.0869 -0.0805  0.0343  0.0244 -0.0528 -0.0103  0.0288
 -0.5000 -0.3679 -0.3437 -0.1598 -0.1010 -0.0808  0.1618  0.2288  0.3044  0.4116  0.5000
      -1       0      -1       0       1       0       1       0       1       0    ****
 -0.1042 -0.5526  0.1403  0.0045 -0.0020  0.1403  0.0744  0.0857 -0.1800  0.1202  0.0442 -0.0587  0.0537 -0.1361 -0.1158
   3   2   3   7   7   9  10
 -0.5000 -0.3829 -0.1598 -0.0173  0.1513  0.2235  0.5000
       1       2       8       2       8       4    ****
  0.2354 -0.0003  0.1806  0.0445 -0.0006  0.1432 -0.1019  0.1948 -0.0648  0.1217  0.0101 -0.0129  0.0191 -0.0748 -0.0255
 -0.5000 -0.3716 -0.3069 -0.2752 -0.1598  0.4116  0.5000
       8       1       8       2       8       4    ****
  0.7408 -0.0868  0.0546 -0.2268  0.0944  0.2070  0.0528 -0.0244 -0.0665  0.0625 -0.0353 -0.0252 -0.0384 -0.1017  0.0594
 -0.5000 -0.3069 -0.1598 -0.0173  0.1513  0.2235  0.2461  0.2732  0.5000
       0      -1       0      -1       1       0      -1       0    ****
 -0.2907 -0.1284 -0.1542 -0.0865  0.0139  0.1933 -0.0984  0.2932 -0.1209  0.1369  0.0782 -0.0328  0.1035 -0.1085 -0.0793
 -0.5000 -0.3716 -0.3679 -0.3437 -0.3069 -0.2752 -0.1598  0.0600  0.2368  0.5000
       0      -1       0      -1       0      -1       0       1       0    ****
  0.0326 -0.2918  0.1414 -0.3369  0.0980 -0.0290 -0.1231  0.0931 -0.1270  0.0574 -0.0440 -0.0194 -0.0366 -0.0657  0.0067
   4   3   3   5   5  10  10
 -0.5000 -0.3679 -0.3437  0.4116  0.5000
       8       3       8       4    ****
  0.9002  0.0783  0.0323 -0.1040 -0.0693  0.1146  0.0364 -0.1001 -0.0114  0.0566  0.0077 -0.0001 -0.0134 -0.0426  0.0102
 -0.5000 -0.3679 -0.3437  0.4116  0.5000
       8       3       8       4    ****
  0.9002  0.0783  0.0323 -0.1040 -0.0693  0.1146  0.0364 -0.1001 -0.0114  0.0566  0.0077 -0.0001 -0.0134 -0.0426  0.0102
 -0.5000 -0.3716 -0.3679 -0.3437 -0.3069 -0.2752 -0.1598  0.0600  0.2368  0.5000
       0       1       0       1       0       1       0       1       0    ****
  0.3514  0.0384  0.0967 -0.0913 -0.2294 -0.2137 -0.1559 -0.0583 -0.0168  0.0456  0.0420  0.0308  0.0135  0.0526 -0.0915
 -0.5000 -0.3716 -0.3679 -0.3437 -0.3069 -0.2752 -0.1598  0.0600  0.2368  0.5000
       0       1       0       1       0       1       0       1       0    ****
  0.3514  0.0384  0.0967 -0.0913 -0.2294 -0.2137 -0.1559 -0.0583 -0.0168  0.0456  0.0420  0.0308  0.0135  0.0526 -0.0915


  0.5000  1.0000  0.5000  0.8750  0.0000  0.0000  0.0000  0.0000  0.0000  0.0000  0.0000  0.0000  0.0000  0.0000  0.0000
  0.0000  0.0000  0.0000  0.0000  0.0000  0.0000  0.0000  0.0000  0.0000  0.0000  0.0000  0.0000  0.0000  0.0000  0.0000
  0.0000  0.0000  0.0000  0.0000  0.0000  0.0000  0.0000  0.0000  0.0000  0.0000  0.0000  0.0000  0.0000  0.0000  0.0000
  0.0000  0.0000  0.0000  0.0000  0.0000  0.0000  0.0000  0.0000  0.0000  0.0000  0.0000  0.0000  0.0000  0.0000  0.0000
  0.0000  0.0000  0.0000  0.0000  0.0000  0.0000  0.0000  0.0000  0.0000  0.0000  0.0000  0.0000  0.0000  0.0000  0.0000
  0.0000  0.0000  0.0000  0.0000  0.0000  0.0000  0.0000  0.0000  0.0000  0.0000  0.0000  0.0000  0.0000  0.0000  0.0000
  0.0000  0.0000  0.0000  0.0000  0.0000  0.0000  0.0000  0.0000  0.0000


  3.5500  0.0818  0.3745 -0.1917 -0.2114  0.4786 -0.0199 -0.0848 -0.0482  0.1137 -0.0493 -0.0513 -0.0842 -0.1915  0.1042
  0.0688  0.0798 -0.0159 -0.1288  0.0597  0.1013  0.0682 -0.0453 -0.0295 -0.0609 -0.0355  0.0540 -0.0217 -0.0586  0.0461
 ... generation ...    8
   1   1   1   6   6   6   6
 -0.5000 -0.1598 -0.0808  0.1618  0.4116  0.5000
       2       8       2       8       4    ****
  0.3329 -0.2364 -0.0429  0.0140 -0.1827  0.2563  0.0030  0.0412 -0.0942  0.0131 -0.0079 -0.1056 -0.0005 -0.1143 -0.0099
 -0.5000 -0.1717 -0.1010  0.1618  0.4116  0.5000
       2       8       2       8       4    ****
  0.3234 -0.2361 -0.0584  0.0088 -0.2026  0.2363 -0.0093  0.0072 -0.0838 -0.0185  0.0273 -0.1139  0.0429 -0.0910  0.0167
 -0.5000 -0.1717 -0.1598 -0.1010 -0.0808  0.5000
       0      -1       0       1       0    ****
  0.0095 -0.0002  0.0154  0.0052  0.0199  0.0200  0.0122  0.0340 -0.0104  0.0317 -0.0353  0.0083 -0.0434 -0.0233 -0.0266
 -0.5000 -0.1717 -0.1598 -0.1010 -0.0808  0.5000
       0       1       0      -1       0    ****
 -0.0095  0.0002 -0.0154 -0.0052 -0.0199 -0.0200 -0.0122 -0.0340  0.0104 -0.0317  0.0353 -0.0083  0.0434  0.0233  0.0266
   2   4   1   5   6   2   6
 -0.5000 -0.3679 -0.3437  0.4116  0.5000
       8       3       8       4    ****
  0.9002  0.0783  0.0323 -0.1040 -0.0693  0.1146  0.0364 -0.1001 -0.0114  0.0566  0.0077 -0.0001 -0.0134 -0.0426  0.0102
 -0.5000 -0.1717 -0.1010  0.1618  0.4116  0.5000
       2       8       2       8       4    ****
  0.3234 -0.2361 -0.0584  0.0088 -0.2026  0.2363 -0.0093  0.0072 -0.0838 -0.0185  0.0273 -0.1139  0.0429 -0.0910  0.0167
 -0.5000  0.5000
       0    ****
  0.0000  0.0000  0.0000  0.0000  0.0000  0.0000  0.0000  0.0000  0.0000  0.0000  0.0000  0.0000  0.0000  0.0000  0.0000
 -0.5000 -0.1717 -0.1598 -0.1010 -0.0808  0.5000
       0       1       0      -1       0    ****
 -0.0095  0.0002 -0.0154 -0.0052 -0.0199 -0.0200 -0.0122 -0.0340  0.0104 -0.0317  0.0353 -0.0083  0.0434  0.0233  0.0266
   3   2   2   6   8   8   9
 -0.5000 -0.1598 -0.0808  0.1618  0.4116  0.5000
       2       8       2       8       4    ****
  0.3329 -0.2364 -0.0429  0.0140 -0.1827  0.2563  0.0030  0.0412 -0.0942  0.0131 -0.0079 -0.1056 -0.0005 -0.1143 -0.0099
 -0.5000 -0.4553 -0.3679 -0.3437  0.1046  0.1618  0.4116  0.5000
       2       8       3       8       2       8       4    ****
  0.8031  0.0624  0.0451  0.0331 -0.1192  0.1207  0.1573 -0.0305  0.0077 -0.0365  0.0884 -0.0251 -0.0737 -0.1249 -0.0142
 -0.5000 -0.4553 -0.3679 -0.3437 -0.1598 -0.0808  0.1618  0.5000
       0      -1       0      -1       0      -1       0    ****
 -0.5330 -0.2608 -0.1354  0.0565 -0.0523  0.2015 -0.0913  0.0857 -0.0301  0.0063 -0.0621 -0.1484  0.0522 -0.0363 -0.0516
 -0.5000 -0.4553 -0.3679 -0.3437 -0.1598 -0.0808  0.1046  0.1618  0.5000
       0       1       0       1       0       1      -1       0    ****
  0.4074  0.3368  0.0407  0.0947  0.0748 -0.0697  0.2175 -0.0577  0.1738 -0.0929  0.1306  0.0127 -0.0942 -0.0574 -0.0603
   4   3   1   7   6   9   6
 -0.5000 -0.3829 -0.1598 -0.0173  0.1513  0.2235  0.5000
       1       2       8       2       8       4    ****
  0.2354 -0.0003  0.1806  0.0445 -0.0006  0.1432 -0.1019  0.1948 -0.0648  0.1217  0.0101 -0.0129  0.0191 -0.0748 -0.0255
 -0.5000 -0.1598 -0.0808  0.1618  0.4116  0.5000
       2       8       2       8       4    ****
  0.3329 -0.2364 -0.0429  0.0140 -0.1827  0.2563  0.0030  0.0412 -0.0942  0.0131 -0.0079 -0.1056 -0.0005 -0.1143 -0.0099
 -0.5000 -0.3716 -0.3069 -0.2752 -0.0173  0.1513  0.2235  0.4116  0.5000
      -1       0      -1       0      -1       0      -1       0    ****
 -0.5054  0.0865  0.1260  0.2713 -0.0950 -0.0638 -0.1548  0.2192  0.0017  0.0593  0.0454  0.0123  0.0575  0.0270 -0.0848
 -0.5000 -0.1717 -0.1598 -0.1010 -0.0808  0.5000
       0      -1       0       1       0    ****
  0.0095 -0.0002  0.0154  0.0052  0.0199  0.0200  0.0122  0.0340 -0.0104  0.0317 -0.0353  0.0083 -0.0434 -0.0233 -0.0266


  0.2500  1.0000  0.1250  0.8750  0.0000  0.0000  0.0000  0.0000  0.0000  0.0000  0.0000  0.0000  0.0000  0.0000  0.0000
  0.0000  0.0000  0.0000  0.0000  0.0000  0.0000  0.0000  0.0000  0.0000  0.0000  0.0000  0.0000  0.0000  0.0000  0.0000
  0.0000  0.0000  0.0000  0.0000  0.0000  0.0000  0.0000  0.0000  0.0000  0.0000  0.0000  0.0000  0.0000  0.0000  0.0000
  0.0000  0.0000  0.0000  0.0000  0.0000  0.0000  0.0000  0.0000  0.0000  0.0000  0.0000  0.0000  0.0000  0.0000  0.0000
  0.0000  0.0000  0.0000  0.0000  0.0000  0.0000  0.0000  0.0000  0.0000  0.0000  0.0000  0.0000  0.0000  0.0000  0.0000
  0.0000  0.0000  0.0000  0.0000  0.0000  0.0000  0.0000  0.0000  0.0000  0.0000  0.0000  0.0000  0.0000  0.0000  0.0000
  0.0000  0.0000  0.0000  0.0000  0.0000  0.0000  0.0000  0.0000  0.0000


  3.9981 -0.0483  0.3760 -0.1876 -0.3542  0.6811 -0.0097 -0.0596 -0.1130  0.1317 -0.0322 -0.1241 -0.0822 -0.2874  0.1010
  0.0845  0.0969 -0.0051 -0.1455  0.1225  0.1293  0.0882 -0.0495 -0.0463 -0.0663 -0.0476  0.0632 -0.0366 -0.0879  0.0653
 ... generation ...    9
   1   4   3   6   6   8   8
 -0.5000 -0.1598 -0.0808  0.1618  0.4116  0.5000
       2       8       2       8       4    ****
  0.3329 -0.2364 -0.0429  0.0140 -0.1827  0.2563  0.0030  0.0412 -0.0942  0.0131 -0.0079 -0.1056 -0.0005 -0.1143 -0.0099
 -0.5000 -0.1598 -0.0808  0.1618  0.4116  0.5000
       2       8       2       8       4    ****
  0.3329 -0.2364 -0.0429  0.0140 -0.1827  0.2563  0.0030  0.0412 -0.0942  0.0131 -0.0079 -0.1056 -0.0005 -0.1143 -0.0099
 -0.5000 -0.0808 -0.0173  0.1513  0.1618  0.2235  0.4116  0.5000
       0      -1       0      -1       0       1       0    ****
  0.0975 -0.2361 -0.2236 -0.0304 -0.1821  0.1131  0.1049 -0.1537 -0.0295 -0.1086 -0.0181 -0.0927 -0.0196 -0.0395  0.0156
 -0.5000 -0.4553 -0.3679 -0.3437 -0.1598 -0.0808  0.1046  0.5000
       0      -1       0      -1       0      -1       0    ****
 -0.4702 -0.2988 -0.0880 -0.0191 -0.0636  0.1356 -0.1544  0.0717 -0.1019  0.0496 -0.0964 -0.0805  0.0732  0.0106  0.0043
   2   4   1   7   6   8   6
 -0.5000 -0.4679 -0.1598 -0.0808  0.1513  0.2235  0.5000
       1       2       8       2       8       4    ****
  0.1641 -0.0165  0.0996  0.0043 -0.0703  0.0830 -0.1518  0.1220 -0.0908  0.0450  0.0084 -0.0849  0.0386 -0.1350  0.0098
 -0.5000 -0.1598 -0.0808  0.1618  0.4116  0.5000
       2       8       2       8       4    ****
  0.3329 -0.2364 -0.0429  0.0140 -0.1827  0.2563  0.0030  0.0412 -0.0942  0.0131 -0.0079 -0.1056 -0.0005 -0.1143 -0.0099
 -0.5000 -0.0808 -0.0173  0.1513  0.1618  0.2235  0.4116  0.5000
       0      -1       0       1       0      -1       0    ****
 -0.2402  0.2037  0.0615 -0.0500  0.0427 -0.2336 -0.2046  0.0079 -0.0225 -0.0449  0.0146 -0.0513  0.0587 -0.0809  0.0549
 -0.5000 -0.1717 -0.1598 -0.1010 -0.0808  0.5000
       0      -1       0       1       0    ****
  0.0095 -0.0002  0.0154  0.0052  0.0199  0.0200  0.0122  0.0340 -0.0104  0.0317 -0.0353  0.0083 -0.0434 -0.0233 -0.0266
   3   2   3   5  10   7   9
 -0.5000 -0.3679 -0.3437  0.4116  0.5000
       8       3       8       4    ****
  0.9002  0.0783  0.0323 -0.1040 -0.0693  0.1146  0.0364 -0.1001 -0.0114  0.0566  0.0077 -0.0001 -0.0134 -0.0426  0.0102
 -0.5000 -0.4553 -0.3679 -0.3437 -0.1762 -0.1598 -0.0808  0.1618  0.4116  0.5000
       2       8       3       8       2       8       2       8       4    ****
  0.5772  0.0603 -0.1992  0.0364 -0.3059  0.1435  0.0393  0.0115 -0.0581  0.0025  0.0578 -0.0173 -0.0726 -0.1573  0.0209
 -0.5000 -0.3679 -0.3437 -0.1717 -0.1010  0.1618  0.5000
       1       0       1       0       1       0    ****
  0.5768  0.3145  0.0907 -0.1128  0.1333 -0.1217  0.0457 -0.1073  0.0724  0.0751 -0.0196  0.1137 -0.0563  0.0484 -0.0065
 -0.5000 -0.4553 -0.3679 -0.3437 -0.1762 -0.1598 -0.0808  0.1046  0.5000
       0       1       0       1      -1       0      -1       0    ****
  0.0184  0.2946 -0.4005  0.0256 -0.3099 -0.0900 -0.0816  0.0123 -0.0296  0.0283  0.0352  0.0960 -0.0709 -0.0755  0.0658
   4   4   1   6   6   8   6
 -0.5000 -0.1598 -0.0808  0.1618  0.4116  0.5000
       2       8       2       8       4    ****
  0.3329 -0.2364 -0.0429  0.0140 -0.1827  0.2563  0.0030  0.0412 -0.0942  0.0131 -0.0079 -0.1056 -0.0005 -0.1143 -0.0099
 -0.5000 -0.1598 -0.0808  0.1618  0.4116  0.5000
       2       8       2       8       4    ****
  0.3329 -0.2364 -0.0429  0.0140 -0.1827  0.2563  0.0030  0.0412 -0.0942  0.0131 -0.0079 -0.1056 -0.0005 -0.1143 -0.0099
 -0.5000 -0.0808 -0.0173  0.1513  0.1618  0.2235  0.4116  0.5000
       0      -1       0      -1       0       1       0    ****
  0.0975 -0.2361 -0.2236 -0.0304 -0.1821  0.1131  0.1049 -0.1537 -0.0295 -0.1086 -0.0181 -0.0927 -0.0196 -0.0395  0.0156
 -0.5000 -0.1717 -0.1598 -0.1010 -0.0808  0.5000
       0      -1       0       1       0    ****
  0.0095 -0.0002  0.0154  0.0052  0.0199  0.0200  0.0122  0.0340 -0.0104  0.0317 -0.0353  0.0083 -0.0434 -0.0233 -0.0266


  0.2500  1.0000  0.1250  0.8750  0.0000  0.0000  0.0000  0.0000  0.0000  0.0000  0.0000  0.0000  0.0000  0.0000  0.0000
  0.0000  0.0000  0.0000  0.0000  0.0000  0.0000  0.0000  0.0000  0.0000  0.0000  0.0000  0.0000  0.0000  0.0000  0.0000
  0.0000  0.0000  0.0000  0.0000  0.0000  0.0000  0.0000  0.0000  0.0000  0.0000  0.0000  0.0000  0.0000  0.0000  0.0000
  0.0000  0.0000  0.0000  0.0000  0.0000  0.0000  0.0000  0.0000  0.0000  0.0000  0.0000  0.0000  0.0000  0.0000  0.0000
  0.0000  0.0000  0.0000  0.0000  0.0000  0.0000  0.0000  0.0000  0.0000  0.0000  0.0000  0.0000  0.0000  0.0000  0.0000
  0.0000  0.0000  0.0000  0.0000  0.0000  0.0000  0.0000  0.0000  0.0000  0.0000  0.0000  0.0000  0.0000  0.0000  0.0000
  0.0000  0.0000  0.0000  0.0000  0.0000  0.0000  0.0000  0.0000  0.0000


  4.4113 -0.1807  0.3408 -0.1867 -0.5241  0.8839 -0.0173 -0.0297 -0.1920  0.1530 -0.0279 -0.2029 -0.0884 -0.4007  0.1000
  0.0778  0.1279 -0.0115 -0.1425  0.1801  0.1733  0.1130 -0.0471 -0.0549 -0.0722 -0.0535  0.0707 -0.0469 -0.1161  0.0906
 ... generation ...   10
   1   3   4   6   6   7   2
 -0.5000 -0.4553 -0.3679 -0.3437  0.4116  0.5000
       2       8       3       8       4    ****
  0.8659  0.0245  0.0924 -0.0425 -0.1304  0.0548  0.0943 -0.0446 -0.0642  0.0069  0.0542  0.0428 -0.0527 -0.0780  0.0418
 -0.5000 -0.1598 -0.0808  0.1618  0.4116  0.5000
       2       8       2       8       4    ****
  0.3329 -0.2364 -0.0429  0.0140 -0.1827  0.2563  0.0030  0.0412 -0.0942  0.0131 -0.0079 -0.1056 -0.0005 -0.1143 -0.0099
 -0.5000 -0.4553 -0.1762 -0.1598 -0.0808  0.1618  0.5000
      -1       0       1       0       1       0    ****
  0.2544 -0.0897  0.3517 -0.0174  0.1144 -0.1484  0.1128 -0.0005 -0.0589 -0.0454  0.0428  0.1031 -0.0193  0.0439  0.0524
 -0.5000  0.5000
       0    ****
  0.0000  0.0000  0.0000  0.0000  0.0000  0.0000  0.0000  0.0000  0.0000  0.0000  0.0000  0.0000  0.0000  0.0000  0.0000
   2   4   1   6   6   2   2
 -0.5000 -0.1598 -0.0808  0.1618  0.4116  0.5000
       2       8       2       8       4    ****
  0.3329 -0.2364 -0.0429  0.0140 -0.1827  0.2563  0.0030  0.0412 -0.0942  0.0131 -0.0079 -0.1056 -0.0005 -0.1143 -0.0099
 -0.5000 -0.1598 -0.0808  0.1618  0.4116  0.5000
       2       8       2       8       4    ****
  0.3329 -0.2364 -0.0429  0.0140 -0.1827  0.2563  0.0030  0.0412 -0.0942  0.0131 -0.0079 -0.1056 -0.0005 -0.1143 -0.0099
 -0.5000  0.5000
       0    ****
  0.0000  0.0000  0.0000  0.0000  0.0000  0.0000  0.0000  0.0000  0.0000  0.0000  0.0000  0.0000  0.0000  0.0000  0.0000
 -0.5000  0.5000
       0    ****
  0.0000  0.0000  0.0000  0.0000  0.0000  0.0000  0.0000  0.0000  0.0000  0.0000  0.0000  0.0000  0.0000  0.0000  0.0000
   3   3   4  10   6   7   2
 -0.5000 -0.4553 -0.3679 -0.3437 -0.1762 -0.1598 -0.0808  0.1618  0.4116  0.5000
       2       8       3       8       2       8       2       8       4    ****
  0.5772  0.0603 -0.1992  0.0364 -0.3059  0.1435  0.0393  0.0115 -0.0581  0.0025  0.0578 -0.0173 -0.0726 -0.1573  0.0209
 -0.5000 -0.1598 -0.0808  0.1618  0.4116  0.5000
       2       8       2       8       4    ****
  0.3329 -0.2364 -0.0429  0.0140 -0.1827  0.2563  0.0030  0.0412 -0.0942  0.0131 -0.0079 -0.1056 -0.0005 -0.1143 -0.0099
 -0.5000 -0.4553 -0.1762 -0.1598 -0.0808  0.1618  0.5000
      -1       0      -1       0      -1       0    ****
 -0.3229 -0.0180 -0.2315  0.1404 -0.2365  0.0289  0.0029  0.1116 -0.0467 -0.0541  0.0501 -0.0172 -0.0591 -0.1147  0.0107
 -0.5000  0.5000
       0    ****
  0.0000  0.0000  0.0000  0.0000  0.0000  0.0000  0.0000  0.0000  0.0000  0.0000  0.0000  0.0000  0.0000  0.0000  0.0000
   4   4   4   6   6   2   2
 -0.5000 -0.1598 -0.0808  0.1618  0.4116  0.5000
       2       8       2       8       4    ****
  0.3329 -0.2364 -0.0429  0.0140 -0.1827  0.2563  0.0030  0.0412 -0.0942  0.0131 -0.0079 -0.1056 -0.0005 -0.1143 -0.0099
 -0.5000 -0.1598 -0.0808  0.1618  0.4116  0.5000
       2       8       2       8       4    ****
  0.3329 -0.2364 -0.0429  0.0140 -0.1827  0.2563  0.0030  0.0412 -0.0942  0.0131 -0.0079 -0.1056 -0.0005 -0.1143 -0.0099
 -0.5000  0.5000
       0    ****
  0.0000  0.0000  0.0000  0.0000  0.0000  0.0000  0.0000  0.0000  0.0000  0.0000  0.0000  0.0000  0.0000  0.0000  0.0000
 -0.5000  0.5000
       0    ****
  0.0000  0.0000  0.0000  0.0000  0.0000  0.0000  0.0000  0.0000  0.0000  0.0000  0.0000  0.0000  0.0000  0.0000  0.0000


  0.2500  1.0000  0.1250  1.0000  0.0000  0.0000  0.0000  0.0000  0.0000  0.0000  0.0000  0.0000  0.0000  0.0000  0.0000
  0.0000  0.0000  0.0000  0.0000  0.0000  0.0000  0.0000  0.0000  0.0000  0.0000  0.0000  0.0000  0.0000  0.0000  0.0000
  0.0000  0.0000  0.0000  0.0000  0.0000  0.0000  0.0000  0.0000  0.0000  0.0000  0.0000  0.0000  0.0000  0.0000  0.0000
  0.0000  0.0000  0.0000  0.0000  0.0000  0.0000  0.0000  0.0000  0.0000  0.0000  0.0000  0.0000  0.0000  0.0000  0.0000
  0.0000  0.0000  0.0000  0.0000  0.0000  0.0000  0.0000  0.0000  0.0000  0.0000  0.0000  0.0000  0.0000  0.0000  0.0000
  0.0000  0.0000  0.0000  0.0000  0.0000  0.0000  0.0000  0.0000  0.0000  0.0000  0.0000  0.0000  0.0000  0.0000  0.0000
  0.0000  0.0000  0.0000  0.0000  0.0000  0.0000  0.0000  0.0000  0.0000


  4.8414 -0.3474  0.2952 -0.1769 -0.7157  1.1010  0.0016 -0.0030 -0.2780  0.1640 -0.0199 -0.2789 -0.1044 -0.5158  0.1004
  0.0808  0.1628 -0.0247 -0.1393  0.2397  0.2170  0.1361 -0.0452 -0.0633 -0.0778 -0.0584  0.0784 -0.0611 -0.1470  0.1209
