
 ... generation ...    0
 -0.4950  0.1250  0.1243
 -0.4850  0.1250  0.1254
 -0.4750  0.1250  0.1256
 -0.4650  0.1250  0.1252
 -0.4550  0.1250  0.1248
 -0.4450  0.1250  0.1247
 -0.4350  0.1250  0.1248
 -0.4250  0.1250  0.1251
 -0.4150  0.1250  0.1252
 -0.4050  0.1250  0.1252
 -0.3950  0.1250  0.1250
 -0.3850  0.1250  0.1249
 -0.3750  0.1250  0.1249
 -0.3650  0.1250  0.1249
 -0.3550  0.1250  0.1251
 -0.3450  0.1250  0.1251
 -0.3350  0.1250  0.1251
 -0.3250  0.1250  0.1250
 -0.3150  0.1250  0.1249
 -0.3050  0.1250  0.1249
 -0.2950  0.1250  0.1250
 -0.2850  0.1250  0.1251
 -0.2750  0.1250  0.1251
 -0.2650  0.1250  0.1251
 -0.2550  0.1250  0.1250
 -0.2450  0.1250  0.1249
 -0.2350  0.1250  0.1249
 -0.2250  0.1250  0.1250
 -0.2150  0.1250  0.1251
 -0.2050  0.1250  0.1251
 -0.1950  0.1250  0.1250
 -0.1850  0.1250  0.1250
 -0.1750  0.1250  0.1249
 -0.1650  0.1250  0.1249
 -0.1550  0.1250  0.1250
 -0.1450  0.1250  0.1251
 -0.1350  0.1250  0.1251
 -0.1250  0.1250  0.1250
 -0.1150  0.1250  0.1250
 -0.1050  0.1250  0.1249
 -0.0950  0.1250  0.1250
 -0.0850  0.1250  0.1250
 -0.0750  0.1250  0.1251
 -0.0650  0.1250  0.1251
 -0.0550  0.1250  0.1250
 -0.0450  0.1250  0.1250
 -0.0350  0.1250  0.1249
 -0.0250  0.1250  0.1250
 -0.0150  0.1250  0.1250
 -0.0050  0.1250  0.1251
  0.0050  0.1250  0.1251
  0.0150  0.1250  0.1250
  0.0250  0.1250  0.1250
  0.0350  0.1250  0.1249
  0.0450  0.1250  0.1250
  0.0550  0.1250  0.1250
  0.0650  0.1250  0.1251
  0.0750  0.1250  0.1251
  0.0850  0.1250  0.1250
  0.0950  0.1250  0.1250
  0.1050  0.1250  0.1249
  0.1150  0.1250  0.1250
  0.1250  0.1250  0.1250
  0.1350  0.1250  0.1251
  0.1450  0.1250  0.1251
  0.1550  0.1250  0.1250
  0.1650  0.1250  0.1249
  0.1750  0.1250  0.1249
  0.1850  0.1250  0.1250
  0.1950  0.1250  0.1250
  0.2050  0.1250  0.1251
  0.2150  0.1250  0.1251
  0.2250  0.1250  0.1250
  0.2350  0.1250  0.1249
  0.2450  0.1250  0.1249
  0.2550  0.1250  0.1250
  0.2650  0.1250  0.1251
  0.2750  0.1250  0.1251
  0.2850  0.1250  0.1251
  0.2950  0.1250  0.1250
  0.3050  0.1250  0.1249
  0.3150  0.1250  0.1249
  0.3250  0.1250  0.1250
  0.3350  0.1250  0.1251
  0.3450  0.1250  0.1251
  0.3550  0.1250  0.1251
  0.3650  0.1250  0.1249
  0.3750  0.1250  0.1249
  0.3850  0.1250  0.1249
  0.3950  0.1250  0.1250
  0.4050  0.1250  0.1252
  0.4150  0.1250  0.1252
  0.4250  0.1250  0.1251
  0.4350  0.1250  0.1248
  0.4450  0.1250  0.1247
  0.4550  0.1250  0.1248
  0.4650  0.1250  0.1252
  0.4750  0.1250  0.1256
  0.4850  0.1250  0.1254
  0.4950  0.1250  0.1243

 ... generation ...    1
 -0.4950  0.1250  0.1186
 -0.4850  0.1250  0.1242
 -0.4750  0.1250  0.1299
 -0.4650  0.1250  0.1318
 -0.4550  0.1250  0.1284
 -0.4450  0.1250  0.1220
 -0.4350  0.1250  0.1174
 -0.4250  0.1250  0.1187
 -0.4150  0.1250  0.1259
 -0.4050  0.1250  0.1343
 -0.3950  0.1250  0.1366
 -0.3850  0.1250  0.1270
 -0.3750  0.1250  0.1038
 -0.3650  0.1250  0.0707
 -0.3550  0.0000  0.0350
 -0.3450  0.0000  0.0048
 -0.3350  0.0000 -0.0135
 -0.3250  0.0000 -0.0163
 -0.3150  0.0000 -0.0030
 -0.3050  0.0000  0.0237
 -0.2950  0.0000  0.0584
 -0.2850  0.1250  0.0936
 -0.2750  0.1250  0.1213
 -0.2650  0.1250  0.1359
 -0.2550  0.1250  0.1369
 -0.2450  0.1250  0.1287
 -0.2350  0.1250  0.1193
 -0.2250  0.1250  0.1155
 -0.2150  0.1250  0.1193
 -0.2050  0.1250  0.1275
 -0.1950  0.1250  0.1336
 -0.1850  0.1250  0.1329
 -0.1750  0.1250  0.1257
 -0.1650  0.1250  0.1172
 -0.1550  0.1250  0.1143
 -0.1450  0.1250  0.1202
 -0.1350  0.1250  0.1317
 -0.1250  0.1250  0.1403
 -0.1150  0.1250  0.1370
 -0.1050  0.1250  0.1175
 -0.0950  0.1250  0.0851
 -0.0850  0.0000  0.0488
 -0.0750  0.0000  0.0186
 -0.0650  0.0000  0.0005
 -0.0550  0.0000 -0.0057
 -0.0450  0.0000 -0.0047
 -0.0350  0.0000 -0.0018
 -0.0250  0.0000 -0.0003
 -0.0150  0.0000  0.0000
 -0.0050  0.0000  0.0007
  0.0050  0.0000  0.0024
  0.0150  0.0000  0.0038
  0.0250  0.0000  0.0024
  0.0350  0.0000 -0.0024
  0.0450  0.0000 -0.0081
  0.0550  0.0000 -0.0092
  0.0650  0.0000 -0.0003
  0.0750  0.0000  0.0213
  0.0850  0.0000  0.0527
  0.0950  0.1250  0.0869
  0.1050  0.1250  0.1155
  0.1150  0.1250  0.1326
  0.1250  0.1250  0.1371
  0.1350  0.1250  0.1323
  0.1450  0.1250  0.1244
  0.1550  0.1250  0.1188
  0.1650  0.1250  0.1182
  0.1750  0.1250  0.1220
  0.1850  0.1250  0.1273
  0.1950  0.1250  0.1306
  0.2050  0.1250  0.1300
  0.2150  0.1250  0.1262
  0.2250  0.1250  0.1215
  0.2350  0.1250  0.1191
  0.2450  0.1250  0.1206
  0.2550  0.1250  0.1255
  0.2650  0.1250  0.1306
  0.2750  0.1250  0.1324
  0.2850  0.1250  0.1288
  0.2950  0.1250  0.1210
  0.3050  0.1250  0.1139
  0.3150  0.1250  0.1138
  0.3250  0.1250  0.1256
  0.3350  0.1250  0.1500
  0.3450  0.1250  0.1826
  0.3550  0.2500  0.2157
  0.3650  0.2500  0.2419
  0.3750  0.2500  0.2565
  0.3850  0.2500  0.2598
  0.3950  0.2500  0.2558
  0.4050  0.2500  0.2498
  0.4150  0.2500  0.2459
  0.4250  0.2500  0.2454
  0.4350  0.2500  0.2476
  0.4450  0.2500  0.2506
  0.4550  0.2500  0.2527
  0.4650  0.2500  0.2533
  0.4750  0.2500  0.2522
  0.4850  0.2500  0.2498
  0.4950  0.2500  0.2461

 ... generation ...    2
 -0.4950  0.0000  0.0037
 -0.4850  0.0000  0.0013
 -0.4750  0.0000 -0.0029
 -0.4650  0.0000 -0.0067
 -0.4550  0.0000 -0.0059
 -0.4450  0.0000  0.0050
 -0.4350  0.0000  0.0292
 -0.4250  0.1250  0.0649
 -0.4150  0.1250  0.1038
 -0.4050  0.1250  0.1344
 -0.3950  0.1250  0.1462
 -0.3850  0.1250  0.1354
 -0.3750  0.1250  0.1058
 -0.3650  0.1250  0.0670
 -0.3550  0.0000  0.0298
 -0.3450  0.0000  0.0021
 -0.3350  0.0000 -0.0123
 -0.3250  0.0000 -0.0129
 -0.3150  0.0000 -0.0003
 -0.3050  0.0000  0.0238
 -0.2950  0.0000  0.0563
 -0.2850  0.1250  0.0912
 -0.2750  0.1250  0.1204
 -0.2650  0.1250  0.1370
 -0.2550  0.1250  0.1388
 -0.2450  0.1250  0.1299
 -0.2350  0.1250  0.1189
 -0.2250  0.1250  0.1141
 -0.2150  0.1250  0.1182
 -0.2050  0.1250  0.1275
 -0.1950  0.1250  0.1346
 -0.1850  0.1250  0.1340
 -0.1750  0.1250  0.1260
 -0.1650  0.1250  0.1166
 -0.1550  0.1250  0.1135
 -0.1450  0.1250  0.1199
 -0.1350  0.1250  0.1321
 -0.1250  0.1250  0.1409
 -0.1150  0.1250  0.1371
 -0.1050  0.1250  0.1171
 -0.0950  0.1250  0.0846
 -0.0850  0.0000  0.0489
 -0.0750  0.0000  0.0193
 -0.0650  0.0000  0.0010
 -0.0550  0.0000 -0.0060
 -0.0450  0.0000 -0.0058
 -0.0350  0.0000 -0.0028
 -0.0250  0.0000  0.0001
 -0.0150  0.0000  0.0019
 -0.0050  0.0000  0.0026
  0.0050  0.0000  0.0022
  0.0150  0.0000  0.0007
  0.0250  0.0000 -0.0014
  0.0350  0.0000 -0.0029
  0.0450  0.0000 -0.0026
  0.0550  0.0000 -0.0002
  0.0650  0.0000  0.0027
  0.0750  0.0000  0.0038
  0.0850  0.0000  0.0021
  0.0950  0.0000 -0.0016
  0.1050  0.0000 -0.0043
  0.1150  0.0000 -0.0039
  0.1250  0.0000 -0.0002
  0.1350  0.0000  0.0041
  0.1450  0.0000  0.0054
  0.1550  0.0000  0.0024
  0.1650  0.0000 -0.0030
  0.1750  0.0000 -0.0064
  0.1850  0.0000 -0.0049
  0.1950  0.0000  0.0010
  0.2050  0.0000  0.0068
  0.2150  0.0000  0.0075
  0.2250  0.0000  0.0019
  0.2350  0.0000 -0.0062
  0.2450  0.0000 -0.0103
  0.2550  0.0000 -0.0060
  0.2650  0.0000  0.0045
  0.2750  0.0000  0.0134
  0.2850  0.0000  0.0121
  0.2950  0.0000 -0.0012
  0.3050  0.0000 -0.0186
  0.3150  0.0000 -0.0244
  0.3250  0.0000 -0.0047
  0.3350  0.0000  0.0448
  0.3450  0.0000  0.1146
  0.3550  0.2500  0.1859
  0.3650  0.2500  0.2395
  0.3750  0.2500  0.2657
  0.3850  0.2500  0.2673
  0.3950  0.2500  0.2562
  0.4050  0.2500  0.2453
  0.4150  0.2500  0.2418
  0.4250  0.2500  0.2452
  0.4350  0.2500  0.2506
  0.4450  0.2500  0.2534
  0.4550  0.2500  0.2528
  0.4650  0.2500  0.2509
  0.4750  0.2500  0.2499
  0.4850  0.2500  0.2498
  0.4950  0.2500  0.2482

 ... generation ...    3
 -0.4950  0.0000  0.0099
 -0.4850  0.0000  0.0032
 -0.4750  0.0000 -0.0076
 -0.4650  0.0000 -0.0163
 -0.4550  0.0000 -0.0133
 -0.4450  0.0000  0.0110
 -0.4350  0.0000  0.0612
 -0.4250  0.2500  0.1320
 -0.4150  0.2500  0.2077
 -0.4050  0.2500  0.2664
 -0.3950  0.2500  0.2897
 -0.3850  0.2500  0.2698
 -0.3750  0.2500  0.2132
 -0.3650  0.2500  0.1370
 -0.3550  0.0000  0.0615
 -0.3450  0.0000  0.0036
 -0.3350  0.0000 -0.0274
 -0.3250  0.0000 -0.0284
 -0.3150  0.0000 -0.0011
 -0.3050  0.0000  0.0498
 -0.2950  0.0000  0.1157
 -0.2850  0.2500  0.1838
 -0.2750  0.2500  0.2395
 -0.2650  0.2500  0.2710
 -0.2550  0.2500  0.2752
 -0.2450  0.2500  0.2600
 -0.2350  0.2500  0.2405
 -0.2250  0.2500  0.2311
 -0.2150  0.2500  0.2372
 -0.2050  0.2500  0.2530
 -0.1950  0.2500  0.2660
 -0.1850  0.2500  0.2660
 -0.1750  0.2500  0.2529
 -0.1650  0.2500  0.2364
 -0.1550  0.2500  0.2298
 -0.1450  0.2500  0.2400
 -0.1350  0.2500  0.2615
 -0.1250  0.2500  0.2783
 -0.1150  0.2500  0.2727
 -0.1050  0.2500  0.2359
 -0.0950  0.2500  0.1729
 -0.0850  0.0000  0.1004
 -0.0750  0.0000  0.0380
 -0.0650  0.0000 -0.0013
 -0.0550  0.0000 -0.0155
 -0.0450  0.0000 -0.0124
 -0.0350  0.0000 -0.0030
 -0.0250  0.0000  0.0042
 -0.0150  0.0000  0.0060
 -0.0050  0.0000  0.0037
  0.0050  0.0000  0.0003
  0.0150  0.0000 -0.0021
  0.0250  0.0000 -0.0029
  0.0350  0.0000 -0.0022
  0.0450  0.0000 -0.0007
  0.0550  0.0000  0.0012
  0.0650  0.0000  0.0027
  0.0750  0.0000  0.0026
  0.0850  0.0000  0.0008
  0.0950  0.0000 -0.0020
  0.1050  0.0000 -0.0037
  0.1150  0.0000 -0.0028
  0.1250  0.0000  0.0004
  0.1350  0.0000  0.0038
  0.1450  0.0000  0.0046
  0.1550  0.0000  0.0017
  0.1650  0.0000 -0.0030
  0.1750  0.0000 -0.0059
  0.1850  0.0000 -0.0043
  0.1950  0.0000  0.0012
  0.2050  0.0000  0.0065
  0.2150  0.0000  0.0070
  0.2250  0.0000  0.0016
  0.2350  0.0000 -0.0061
  0.2450  0.0000 -0.0099
  0.2550  0.0000 -0.0056
  0.2650  0.0000  0.0046
  0.2750  0.0000  0.0132
  0.2850  0.0000  0.0118
  0.2950  0.0000 -0.0014
  0.3050  0.0000 -0.0184
  0.3150  0.0000 -0.0242
  0.3250  0.0000 -0.0045
  0.3350  0.0000  0.0448
  0.3450  0.0000  0.1144
  0.3550  0.2500  0.1856
  0.3650  0.2500  0.2394
  0.3750  0.2500  0.2658
  0.3850  0.2500  0.2675
  0.3950  0.2500  0.2564
  0.4050  0.2500  0.2453
  0.4150  0.2500  0.2417
  0.4250  0.2500  0.2451
  0.4350  0.2500  0.2505
  0.4450  0.2500  0.2534
  0.4550  0.2500  0.2529
  0.4650  0.2500  0.2510
  0.4750  0.2500  0.2499
  0.4850  0.2500  0.2497
  0.4950  0.2500  0.2482

 ... generation ...    4
 -0.4950  0.0000  0.0102
 -0.4850  0.0000  0.0032
 -0.4750  0.0000 -0.0080
 -0.4650  0.0000 -0.0166
 -0.4550  0.0000 -0.0132
 -0.4450  0.0000  0.0116
 -0.4350  0.0000  0.0617
 -0.4250  0.2500  0.1319
 -0.4150  0.2500  0.2068
 -0.4050  0.2500  0.2654
 -0.3950  0.2500  0.2895
 -0.3850  0.2500  0.2709
 -0.3750  0.2500  0.2151
 -0.3650  0.2500  0.1381
 -0.3550  0.0000  0.0605
 -0.3450  0.0000  0.0004
 -0.3350  0.0000 -0.0306
 -0.3250  0.0000 -0.0282
 -0.3150  0.0000  0.0056
 -0.3050  0.0000  0.0636
 -0.2950  0.0000  0.1342
 -0.2850  0.2500  0.2022
 -0.2750  0.2500  0.2530
 -0.2650  0.2500  0.2769
 -0.2550  0.2500  0.2743
 -0.2450  0.2500  0.2556
 -0.2350  0.2500  0.2367
 -0.2250  0.2500  0.2302
 -0.2150  0.2500  0.2392
 -0.2050  0.2500  0.2559
 -0.1950  0.2500  0.2676
 -0.1850  0.2500  0.2654
 -0.1750  0.2500  0.2508
 -0.1650  0.2500  0.2345
 -0.1550  0.2500  0.2294
 -0.1450  0.2500  0.2413
 -0.1350  0.2500  0.2634
 -0.1250  0.2500  0.2793
 -0.1150  0.2500  0.2723
 -0.1050  0.2500  0.2344
 -0.0950  0.2500  0.1715
 -0.0850  0.0000  0.1002
 -0.0750  0.0000  0.0390
 -0.0650  0.0000  0.0002
 -0.0550  0.0000 -0.0148
 -0.0450  0.0000 -0.0128
 -0.0350  0.0000 -0.0042
 -0.0250  0.0000  0.0031
 -0.0150  0.0000  0.0058
 -0.0050  0.0000  0.0046
  0.0050  0.0000  0.0016
  0.0150  0.0000 -0.0014
  0.0250  0.0000 -0.0033
  0.0350  0.0000 -0.0035
  0.0450  0.0000 -0.0019
  0.0550  0.0000  0.0010
  0.0650  0.0000  0.0036
  0.0750  0.0000  0.0040
  0.0850  0.0000  0.0017
  0.0950  0.0000 -0.0023
  0.1050  0.0000 -0.0051
  0.1150  0.0000 -0.0042
  0.1250  0.0000  0.0001
  0.1350  0.0000  0.0049
  0.1450  0.0000  0.0064
  0.1550  0.0000  0.0029
  0.1650  0.0000 -0.0034
  0.1750  0.0000 -0.0078
  0.1850  0.0000 -0.0063
  0.1950  0.0000  0.0007
  0.2050  0.0000  0.0081
  0.2150  0.0000  0.0098
  0.2250  0.0000  0.0034
  0.2350  0.0000 -0.0070
  0.2450  0.0000 -0.0133
  0.2550  0.0000 -0.0091
  0.2650  0.0000  0.0042
  0.2750  0.0000  0.0170
  0.2850  0.0000  0.0175
  0.2950  0.0000  0.0011
  0.3050  0.0000 -0.0234
  0.3150  0.0000 -0.0348
  0.3250  0.0000 -0.0105
  0.3350  0.0000  0.0603
  0.3450  0.0000  0.1677
  0.3550  0.3750  0.2832
  0.3650  0.3750  0.3718
  0.3750  0.3750  0.4085
  0.3850  0.3750  0.3902
  0.3950  0.3750  0.3366
  0.4050  0.2500  0.2794
  0.4150  0.2500  0.2474
  0.4250  0.2500  0.2537
  0.4350  0.2500  0.2918
  0.4450  0.3750  0.3421
  0.4550  0.3750  0.3825
  0.4650  0.3750  0.3995
  0.4750  0.3750  0.3927
  0.4850  0.3750  0.3730
  0.4950  0.3750  0.3547

 ... generation ...    5
 -0.4950  0.0000  0.0177
 -0.4850  0.0000  0.0049
 -0.4750  0.0000 -0.0135
 -0.4650  0.0000 -0.0251
 -0.4550  0.0000 -0.0180
 -0.4450  0.0000  0.0145
 -0.4350  0.0000  0.0705
 -0.4250  0.2500  0.1397
 -0.4150  0.2500  0.2072
 -0.4050  0.2500  0.2573
 -0.3950  0.2500  0.2787
 -0.3850  0.2500  0.2661
 -0.3750  0.2500  0.2212
 -0.3650  0.2500  0.1519
 -0.3550  0.0000  0.0716
 -0.3450  0.0000 -0.0021
 -0.3350  0.0000 -0.0490
 -0.3250  0.0000 -0.0515
 -0.3150  0.0000  0.0002
 -0.3050  0.0000  0.1017
 -0.2950  0.0000  0.2342
 -0.2850  0.5000  0.3683
 -0.2750  0.5000  0.4745
 -0.2650  0.5000  0.5344
 -0.2550  0.5000  0.5469
 -0.2450  0.5000  0.5266
 -0.2350  0.5000  0.4947
 -0.2250  0.5000  0.4679
 -0.2150  0.5000  0.4509
 -0.2050  0.3750  0.4379
 -0.1950  0.3750  0.4201
 -0.1850  0.3750  0.3949
 -0.1750  0.3750  0.3694
 -0.1650  0.3750  0.3568
 -0.1550  0.3750  0.3665
 -0.1450  0.5000  0.3960
 -0.1350  0.3750  0.4287
 -0.1250  0.3750  0.4413
 -0.1150  0.3750  0.4155
 -0.1050  0.3750  0.3472
 -0.0950  0.3750  0.2494
 -0.0850  0.0000  0.1456
 -0.0750  0.0000  0.0593
 -0.0650  0.0000  0.0042
 -0.0550  0.0000 -0.0187
 -0.0450  0.0000 -0.0186
 -0.0350  0.0000 -0.0082
 -0.0250  0.0000  0.0023
 -0.0150  0.0000  0.0077
 -0.0050  0.0000  0.0076
  0.0050  0.0000  0.0037
  0.0150  0.0000 -0.0012
  0.0250  0.0000 -0.0049
  0.0350  0.0000 -0.0057
  0.0450  0.0000 -0.0032
  0.0550  0.0000  0.0014
  0.0650  0.0000  0.0054
  0.0750  0.0000  0.0059
  0.0850  0.0000  0.0023
  0.0950  0.0000 -0.0033
  0.1050  0.0000 -0.0070
  0.1150  0.0000 -0.0057
  0.1250  0.0000  0.0001
  0.1350  0.0000  0.0064
  0.1450  0.0000  0.0083
  0.1550  0.0000  0.0038
  0.1650  0.0000 -0.0043
  0.1750  0.0000 -0.0098
  0.1850  0.0000 -0.0080
  0.1950  0.0000  0.0006
  0.2050  0.0000  0.0099
  0.2150  0.0000  0.0123
  0.2250  0.0000  0.0047
  0.2350  0.0000 -0.0083
  0.2450  0.0000 -0.0164
  0.2550  0.0000 -0.0118
  0.2650  0.0000  0.0044
  0.2750  0.0000  0.0208
  0.2850  0.0000  0.0224
  0.2950  0.0000  0.0025
  0.3050  0.0000 -0.0284
  0.3150  0.0000 -0.0442
  0.3250  0.0000 -0.0147
  0.3350  0.0000  0.0766
  0.3450  0.0000  0.2194
  0.3550  0.5000  0.3771
  0.3650  0.5000  0.5011
  0.3750  0.5000  0.5535
  0.3850  0.5000  0.5251
  0.3950  0.5000  0.4410
  0.4050  0.3750  0.3476
  0.4150  0.2500  0.2913
  0.4250  0.2500  0.2969
  0.4350  0.3750  0.3581
  0.4450  0.5000  0.4436
  0.4550  0.5000  0.5147
  0.4650  0.5000  0.5452
  0.4750  0.5000  0.5326
  0.4850  0.5000  0.4961
  0.4950  0.5000  0.4637

 ... generation ...    6
 -0.4950  0.0000  0.0239
 -0.4850  0.0000  0.0082
 -0.4750  0.0000 -0.0165
 -0.4650  0.0000 -0.0359
 -0.4550  0.0000 -0.0312
 -0.4450  0.0000  0.0149
 -0.4350  0.0000  0.1098
 -0.4250  0.3750  0.2439
 -0.4150  0.5000  0.3896
 -0.4050  0.5000  0.5087
 -0.3950  0.5000  0.5656
 -0.3850  0.5000  0.5413
 -0.3750  0.5000  0.4405
 -0.3650  0.5000  0.2899
 -0.3550  0.0000  0.1291
 -0.3450  0.0000 -0.0023
 -0.3350  0.0000 -0.0745
 -0.3250  0.0000 -0.0725
 -0.3150  0.0000  0.0024
 -0.3050  0.0000  0.1346
 -0.2950  0.0000  0.2974
 -0.2850  0.6250  0.4586
 -0.2750  0.6250  0.5876
 -0.2650  0.6250  0.6643
 -0.2550  0.6250  0.6851
 -0.2450  0.6250  0.6631
 -0.2350  0.6250  0.6212
 -0.2250  0.6250  0.5815
 -0.2150  0.6250  0.5561
 -0.2050  0.5000  0.5438
 -0.1950  0.5000  0.5356
 -0.1850  0.5000  0.5233
 -0.1750  0.5000  0.5061
 -0.1650  0.5000  0.4902
 -0.1550  0.5000  0.4825
 -0.1450  0.6250  0.4830
 -0.1350  0.3750  0.4819
 -0.1250  0.3750  0.4636
 -0.1150  0.3750  0.4158
 -0.1050  0.3750  0.3372
 -0.0950  0.3750  0.2395
 -0.0850  0.0000  0.1419
 -0.0750  0.0000  0.0625
 -0.0650  0.0000  0.0109
 -0.0550  0.0000 -0.0135
 -0.0450  0.0000 -0.0182
 -0.0350  0.0000 -0.0124
 -0.0250  0.0000 -0.0032
 -0.0150  0.0000  0.0049
 -0.0050  0.0000  0.0094
  0.0050  0.0000  0.0087
  0.0150  0.0000  0.0031
  0.0250  0.0000 -0.0045
  0.0350  0.0000 -0.0096
  0.0450  0.0000 -0.0084
  0.0550  0.0000 -0.0011
  0.0650  0.0000  0.0075
  0.0750  0.0000  0.0112
  0.0850  0.0000  0.0067
  0.0950  0.0000 -0.0034
  0.1050  0.0000 -0.0117
  0.1150  0.0000 -0.0115
  0.1250  0.0000 -0.0022
  0.1350  0.0000  0.0098
  0.1450  0.0000  0.0150
  0.1550  0.0000  0.0086
  0.1650  0.0000 -0.0055
  0.1750  0.0000 -0.0166
  0.1850  0.0000 -0.0153
  0.1950  0.0000 -0.0011
  0.2050  0.0000  0.0159
  0.2150  0.0000  0.0218
  0.2250  0.0000  0.0100
  0.2350  0.0000 -0.0124
  0.2450  0.0000 -0.0280
  0.2550  0.0000 -0.0220
  0.2650  0.0000  0.0053
  0.2750  0.0000  0.0346
  0.2850  0.0000  0.0396
  0.2950  0.0000  0.0069
  0.3050  0.0000 -0.0471
  0.3150  0.0000 -0.0769
  0.3250  0.0000 -0.0282
  0.3350  0.0000  0.1303
  0.3450  0.0000  0.3823
  0.3550  0.8750  0.6629
  0.3650  0.8750  0.8834
  0.3750  0.8750  0.9719
  0.3850  0.8750  0.9087
  0.3950  0.8750  0.7368
  0.4050  0.5000  0.5419
  0.4150  0.3750  0.4123
  0.4250  0.3750  0.3982
  0.4350  0.3750  0.4923
  0.4450  0.7500  0.6392
  0.4550  0.7500  0.7673
  0.4650  0.7500  0.8257
  0.4750  0.7500  0.8069
  0.4850  0.7500  0.7445
  0.4950  0.7500  0.6889

 ... generation ...    7
 -0.4950  0.0000  0.0212
 -0.4850  0.0000  0.0101
 -0.4750  0.0000 -0.0108
 -0.4650  0.0000 -0.0331
 -0.4550  0.0000 -0.0384
 -0.4450  0.0000 -0.0016
 -0.4350  0.0000  0.0967
 -0.4250  0.2500  0.2552
 -0.4150  0.6250  0.4443
 -0.4050  0.6250  0.6119
 -0.3950  0.6250  0.7032
 -0.3850  0.6250  0.6845
 -0.3750  0.6250  0.5583
 -0.3650  0.6250  0.3628
 -0.3550  0.0000  0.1560
 -0.3450  0.0000 -0.0063
 -0.3350  0.0000 -0.0885
 -0.3250  0.0000 -0.0807
 -0.3150  0.0000  0.0048
 -0.3050  0.0000  0.1431
 -0.2950  0.0000  0.3044
 -0.2850  0.6250  0.4595
 -0.2750  0.6250  0.5831
 -0.2650  0.6250  0.6582
 -0.2550  0.6250  0.6806
 -0.2450  0.6250  0.6615
 -0.2350  0.6250  0.6239
 -0.2250  0.6250  0.5934
 -0.2150  0.6250  0.5865
 -0.2050  0.6250  0.6041
 -0.1950  0.6250  0.6328
 -0.1850  0.6250  0.6540
 -0.1750  0.6250  0.6552
 -0.1650  0.6250  0.6350
 -0.1550  0.6250  0.6018
 -0.1450  0.7500  0.5646
 -0.1350  0.3750  0.5258
 -0.1250  0.3750  0.4796
 -0.1150  0.3750  0.4170
 -0.1050  0.3750  0.3341
 -0.0950  0.3750  0.2370
 -0.0850  0.0000  0.1407
 -0.0750  0.0000  0.0616
 -0.0650  0.0000  0.0101
 -0.0550  0.0000 -0.0135
 -0.0450  0.0000 -0.0168
 -0.0350  0.0000 -0.0102
 -0.0250  0.0000 -0.0019
 -0.0150  0.0000  0.0042
 -0.0050  0.0000  0.0068
  0.0050  0.0000  0.0062
  0.0150  0.0000  0.0028
  0.0250  0.0000 -0.0023
  0.0350  0.0000 -0.0064
  0.0450  0.0000 -0.0068
  0.0550  0.0000 -0.0025
  0.0650  0.0000  0.0041
  0.0750  0.0000  0.0084
  0.0850  0.0000  0.0067
  0.0950  0.0000 -0.0004
  0.1050  0.0000 -0.0080
  0.1150  0.0000 -0.0101
  0.1250  0.0000 -0.0043
  0.1350  0.0000  0.0057
  0.1450  0.0000  0.0121
  0.1550  0.0000  0.0093
  0.1650  0.0000 -0.0016
  0.1750  0.0000 -0.0125
  0.1850  0.0000 -0.0143
  0.1950  0.0000 -0.0043
  0.2050  0.0000  0.0109
  0.2150  0.0000  0.0190
  0.2250  0.0000  0.0120
  0.2350  0.0000 -0.0070
  0.2450  0.0000 -0.0234
  0.2550  0.0000 -0.0221
  0.2650  0.0000  0.0001
  0.2750  0.0000  0.0282
  0.2850  0.0000  0.0374
  0.2950  0.0000  0.0114
  0.3050  0.0000 -0.0390
  0.3150  0.0000 -0.0718
  0.3250  0.0000 -0.0314
  0.3350  0.0000  0.1202
  0.3450  0.0000  0.3736
  0.3550  0.8750  0.6648
  0.3650  0.8750  0.8976
  0.3750  0.8750  0.9872
  0.3850  0.8750  0.9035
  0.3950  0.8750  0.6905
  0.4050  0.3750  0.4481
  0.4150  0.2500  0.2868
  0.4250  0.2500  0.2756
  0.4350  0.2500  0.4116
  0.4450  0.7500  0.6263
  0.4550  0.7500  0.8245
  0.4650  0.8750  0.9335
  0.4750  0.8750  0.9369
  0.4850  0.8750  0.8747
  0.4950  0.8750  0.8121

 ... generation ...    8
 -0.4950  0.0000  0.0165
 -0.4850  0.0000  0.0067
 -0.4750  0.0000 -0.0109
 -0.4650  0.0000 -0.0277
 -0.4550  0.0000 -0.0271
 -0.4450  0.0000  0.0114
 -0.4350  0.0000  0.1013
 -0.4250  0.3750  0.2372
 -0.4150  0.5000  0.3905
 -0.4050  0.5000  0.5168
 -0.3950  0.5000  0.5747
 -0.3850  0.5000  0.5437
 -0.3750  0.5000  0.4334
 -0.3650  0.5000  0.2782
 -0.3550  0.0000  0.1223
 -0.3450  0.0000  0.0028
 -0.3350  0.0000 -0.0590
 -0.3250  0.0000 -0.0579
 -0.3150  0.0000  0.0004
 -0.3050  0.0000  0.1037
 -0.2950  0.0000  0.2338
 -0.2850  0.5000  0.3668
 -0.2750  0.5000  0.4755
 -0.2650  0.5000  0.5384
 -0.2550  0.5000  0.5495
 -0.2450  0.5000  0.5226
 -0.2350  0.5000  0.4856
 -0.2250  0.5000  0.4654
 -0.2150  0.5000  0.4733
 -0.2050  0.5000  0.5000
 -0.1950  0.5000  0.5236
 -0.1850  0.5000  0.5263
 -0.1750  0.5000  0.5079
 -0.1650  0.5000  0.4859
 -0.1550  0.5000  0.4831
 -0.1450  0.6250  0.5095
 -0.1350  0.5000  0.5516
 -0.1250  0.5000  0.5779
 -0.1150  0.5000  0.5557
 -0.1050  0.5000  0.4714
 -0.0950  0.5000  0.3391
 -0.0850  0.0000  0.1937
 -0.0750  0.0000  0.0730
 -0.0650  0.0000 -0.0002
 -0.0550  0.0000 -0.0257
 -0.0450  0.0000 -0.0204
 -0.0350  0.0000 -0.0055
 -0.0250  0.0000  0.0048
 -0.0150  0.0000  0.0071
 -0.0050  0.0000  0.0049
  0.0050  0.0000  0.0023
  0.0150  0.0000  0.0005
  0.0250  0.0000 -0.0017
  0.0350  0.0000 -0.0042
  0.0450  0.0000 -0.0052
  0.0550  0.0000 -0.0027
  0.0650  0.0000  0.0029
  0.0750  0.0000  0.0077
  0.0850  0.0000  0.0071
  0.0950  0.0000  0.0005
  0.1050  0.0000 -0.0078
  0.1150  0.0000 -0.0110
  0.1250  0.0000 -0.0054
  0.1350  0.0000  0.0056
  0.1450  0.0000  0.0135
  0.1550  0.0000  0.0111
  0.1650  0.0000 -0.0011
  0.1750  0.0000 -0.0142
  0.1850  0.0000 -0.0171
  0.1950  0.0000 -0.0057
  0.2050  0.0000  0.0125
  0.2150  0.0000  0.0228
  0.2250  0.0000  0.0149
  0.2350  0.0000 -0.0077
  0.2450  0.0000 -0.0280
  0.2550  0.0000 -0.0271
  0.2650  0.0000 -0.0008
  0.2750  0.0000  0.0334
  0.2850  0.0000  0.0454
  0.2950  0.0000  0.0152
  0.3050  0.0000 -0.0450
  0.3150  0.0000 -0.0853
  0.3250  0.0000 -0.0398
  0.3350  0.0000  0.1360
  0.3450  0.0000  0.4302
  0.3550  1.0000  0.7664
  0.3650  1.0000  1.0311
  0.3750  1.0000  1.1264
  0.3850  1.0000  1.0200
  0.3950  1.0000  0.7667
  0.4050  0.3750  0.4851
  0.4150  0.2500  0.3024
  0.4250  0.2500  0.2946
  0.4350  0.2500  0.4522
  0.4450  0.8750  0.6909
  0.4550  0.8750  0.8988
  0.4650  0.8750  0.9945
  0.4750  0.8750  0.9656
  0.4850  0.8750  0.8666
  0.4950  0.8750  0.7803

 ... generation ...    9
 -0.4950  0.0000  0.0173
 -0.4850  0.0000  0.0058
 -0.4750  0.0000 -0.0134
 -0.4650  0.0000 -0.0297
 -0.4550  0.0000 -0.0248
 -0.4450  0.0000  0.0212
 -0.4350  0.0000  0.1195
 -0.4250  0.5000  0.2612
 -0.4150  0.5000  0.4146
 -0.4050  0.5000  0.5352
 -0.3950  0.5000  0.5831
 -0.3850  0.5000  0.5420
 -0.3750  0.5000  0.4253
 -0.3650  0.5000  0.2696
 -0.3550  0.0000  0.1186
 -0.3450  0.0000  0.0064
 -0.3350  0.0000 -0.0499
 -0.3250  0.0000 -0.0489
 -0.3150  0.0000  0.0019
 -0.3050  0.0000  0.0900
 -0.2950  0.0000  0.1991
 -0.2850  0.5000  0.3071
 -0.2750  0.3750  0.3896
 -0.2650  0.3750  0.4278
 -0.2550  0.3750  0.4191
 -0.2450  0.3750  0.3808
 -0.2350  0.3750  0.3439
 -0.2250  0.3750  0.3367
 -0.2150  0.3750  0.3691
 -0.2050  0.3750  0.4274
 -0.1950  0.5000  0.4832
 -0.1850  0.5000  0.5125
 -0.1750  0.5000  0.5106
 -0.1650  0.5000  0.4946
 -0.1550  0.5000  0.4899
 -0.1450  0.6250  0.5109
 -0.1350  0.5000  0.5486
 -0.1250  0.5000  0.5735
 -0.1150  0.5000  0.5531
 -0.1050  0.5000  0.4718
 -0.0950  0.5000  0.3416
 -0.0850  0.0000  0.1963
 -0.0750  0.0000  0.0740
 -0.0650  0.0000 -0.0012
 -0.0550  0.0000 -0.0278
 -0.0450  0.0000 -0.0220
 -0.0350  0.0000 -0.0056
 -0.0250  0.0000  0.0061
 -0.0150  0.0000  0.0088
 -0.0050  0.0000  0.0058
  0.0050  0.0000  0.0019
  0.0150  0.0000 -0.0010
  0.0250  0.0000 -0.0030
  0.0350  0.0000 -0.0045
  0.0450  0.0000 -0.0043
  0.0550  0.0000 -0.0012
  0.0650  0.0000  0.0039
  0.0750  0.0000  0.0074
  0.0850  0.0000  0.0058
  0.0950  0.0000 -0.0009
  0.1050  0.0000 -0.0082
  0.1150  0.0000 -0.0101
  0.1250  0.0000 -0.0038
  0.1350  0.0000  0.0067
  0.1450  0.0000  0.0133
  0.1550  0.0000  0.0097
  0.1650  0.0000 -0.0027
  0.1750  0.0000 -0.0147
  0.1850  0.0000 -0.0160
  0.1950  0.0000 -0.0038
  0.2050  0.0000  0.0137
  0.2150  0.0000  0.0223
  0.2250  0.0000  0.0129
  0.2350  0.0000 -0.0097
  0.2450  0.0000 -0.0284
  0.2550  0.0000 -0.0254
  0.2650  0.0000  0.0019
  0.2750  0.0000  0.0349
  0.2850  0.0000  0.0442
  0.2950  0.0000  0.0118
  0.3050  0.0000 -0.0480
  0.3150  0.0000 -0.0852
  0.3250  0.0000 -0.0358
  0.3350  0.0000  0.1413
  0.3450  0.0000  0.4319
  0.3550  1.0000  0.7612
  0.3650  1.0000  1.0210
  0.3750  1.0000  1.1204
  0.3850  1.0000  1.0321
  0.3950  1.0000  0.8098
  0.4050  0.5000  0.5652
  0.4150  0.3750  0.4154
  0.4250  0.3750  0.4276
  0.4350  0.3750  0.5897
  0.4450  1.0000  0.8218
  0.4550  1.0000  1.0203
  0.4650  1.0000  1.1114
  0.4750  1.0000  1.0853
  0.4850  1.0000  0.9931
  0.4950  1.0000  0.9112

 ... generation ...   10
 -0.4950  0.0000  0.0120
 -0.4850  0.0000  0.0063
 -0.4750  0.0000 -0.0072
 -0.4650  0.0000 -0.0240
 -0.4550  0.0000 -0.0272
 -0.4450  0.0000  0.0104
 -0.4350  0.0000  0.1115
 -0.4250  0.5000  0.2753
 -0.4150  0.5000  0.4685
 -0.4050  0.6250  0.6337
 -0.3950  0.6250  0.7141
 -0.3850  0.6250  0.6797
 -0.3750  0.6250  0.5415
 -0.3650  0.6250  0.3453
 -0.3550  0.0000  0.1497
 -0.3450  0.0000  0.0033
 -0.3350  0.0000 -0.0691
 -0.3250  0.0000 -0.0649
 -0.3150  0.0000  0.0039
 -0.3050  0.0000  0.1195
 -0.2950  0.0000  0.2599
 -0.2850  0.6250  0.3981
 -0.2750  0.5000  0.5051
 -0.2650  0.5000  0.5588
 -0.2550  0.5000  0.5558
 -0.2450  0.5000  0.5156
 -0.2350  0.5000  0.4726
 -0.2250  0.5000  0.4566
 -0.2150  0.5000  0.4759
 -0.2050  0.5000  0.5129
 -0.1950  0.5000  0.5376
 -0.1850  0.5000  0.5300
 -0.1750  0.5000  0.4968
 -0.1650  0.5000  0.4687
 -0.1550  0.5000  0.4798
 -0.1450  0.6250  0.5419
 -0.1350  0.6250  0.6312
 -0.1250  0.6250  0.6981
 -0.1150  0.6250  0.6938
 -0.1050  0.6250  0.5982
 -0.0950  0.6250  0.4318
 -0.0850  0.0000  0.2443
 -0.0750  0.0000  0.0886
 -0.0650  0.0000 -0.0042
 -0.0550  0.0000 -0.0344
 -0.0450  0.0000 -0.0253
 -0.0350  0.0000 -0.0052
 -0.0250  0.0000  0.0076
 -0.0150  0.0000  0.0097
 -0.0050  0.0000  0.0060
  0.0050  0.0000  0.0022
  0.0150  0.0000 -0.0004
  0.0250  0.0000 -0.0029
  0.0350  0.0000 -0.0055
  0.0450  0.0000 -0.0059
  0.0550  0.0000 -0.0020
  0.0650  0.0000  0.0049
  0.0750  0.0000  0.0097
  0.0850  0.0000  0.0076
  0.0950  0.0000 -0.0014
  0.1050  0.0000 -0.0109
  0.1150  0.0000 -0.0128
  0.1250  0.0000 -0.0041
  0.1350  0.0000  0.0094
  0.1450  0.0000  0.0169
  0.1550  0.0000  0.0111
  0.1650  0.0000 -0.0050
  0.1750  0.0000 -0.0191
  0.1850  0.0000 -0.0188
  0.1950  0.0000 -0.0023
  0.2050  0.0000  0.0186
  0.2150  0.0000  0.0267
  0.2250  0.0000  0.0127
  0.2350  0.0000 -0.0149
  0.2450  0.0000 -0.0345
  0.2550  0.0000 -0.0270
  0.2650  0.0000  0.0069
  0.2750  0.0000  0.0430
  0.2850  0.0000  0.0482
  0.2950  0.0000  0.0072
  0.3050  0.0000 -0.0585
  0.3150  0.0000 -0.0927
  0.3250  0.0000 -0.0321
  0.3350  0.0000  0.1554
  0.3450  0.0000  0.4452
  0.3550  1.0000  0.7589
  0.3650  1.0000  0.9988
  0.3750  1.0000  1.0943
  0.3850  1.0000  1.0359
  0.3950  1.0000  0.8786
  0.4050  0.6250  0.7131
  0.4150  0.6250  0.6214
  0.4250  0.6250  0.6409
  0.4350  0.6250  0.7532
  0.4450  1.0000  0.9006
  0.4550  1.0000  1.0193
  0.4650  1.0000  1.0697
  0.4750  1.0000  1.0510
  0.4850  1.0000  0.9947
  0.4950  1.0000  0.9430
