  0   1   2   2
  0.0000  0.5000
       1       0
  0.0000  0.5000
       2       0
  0   2   2   2
  0.0000  0.5000
       3       0
  0.0000  0.5000
       4       0
  0   3   2   2
  0.0000  0.5000
       5       0
  0.0000  0.5000
       6       0
  0   4   2   2
  0.0000  0.5000
       7       0
  0.0000  0.5000
       8       0
  0   5   2   2
  0.0000  0.5000
       9       0
  0.0000  0.5000
      10       0
  0   6   2   2
  0.0000  0.5000
      11       0
  0.0000  0.5000
      12       0
  0   7   2   2
  0.0000  0.5000
      13       0
  0.0000  0.5000
      14       0
  0   8   2   2
  0.0000  0.5000
      15       0
  0.0000  0.5000
      16       0
  0   9   2   2
  0.0000  0.5000
      17       0
  0.0000  0.5000
      18       0
  0  10   2   2
  0.0000  0.5000
      19       0
  0.0000  0.5000
      20       0
  1   1   3   3
  0.0000  0.4102  0.5000
       9      10       0
  0.0000  0.2142  0.5000
      12      11       0
  1   2   2   2
  0.0000  0.5000
      18       0
  0.0000  0.5000
       3       0
  1   3   2   2
  0.0000  0.5000
       6       0
  0.0000  0.5000
       8       0
  1   4   3   2
  0.0000  0.3634  0.5000
      13      14       0
  0.0000  0.5000
      14       0
  1   5   2   3
  0.0000  0.5000
       5       0
  0.0000  0.2890  0.5000
       9      10       0
  1   6   3   3
  0.0000  0.0291  0.5000
      18      17       0
  0.0000  0.1430  0.5000
      17      18       0
  1   7   2   2
  0.0000  0.5000
       7       0
  0.0000  0.5000
       6       0
  1   8   3   2
  0.0000  0.1020  0.5000
       9      10       0
  0.0000  0.5000
      13       0
  1   9   2   3
  0.0000  0.5000
      15       0
  0.0000  0.0266  0.5000
      20      19       0
  1  10   2   2
  0.0000  0.5000
       3       0
  0.0000  0.5000
      12       0
  2   1   2   2
  0.0000  0.5000
      15       0
  0.0000  0.5000
      14       0
  2   2   2   3
  0.0000  0.5000
      15       0
  0.0000  0.2890  0.5000
       9      10       0
  2   3   2   2
  0.0000  0.5000
      12       0
  0.0000  0.5000
       3       0
  2   4   2   3
  0.0000  0.5000
       5       0
  0.0000  0.2890  0.5000
       9      10       0
  2   5   4   4
  0.0000  0.2303  0.2890  0.5000
       5       9      10       0
  0.0000  0.1911  0.2890  0.5000
       5       9      10       0
  2   6   3   4
  0.0000  0.2142  0.5000
      12      11       0
  0.0000  0.1210  0.4102  0.5000
      12       9      10       0
  2   7   3   2
  0.0000  0.1113  0.5000
       8       6       0
  0.0000  0.5000
       7       0
  2   8   3   2
  0.0000  0.4102  0.5000
       9      10       0
  0.0000  0.5000
       8       0
  2   9   2   2
  0.0000  0.5000
      13       0
  0.0000  0.5000
       5       0
  2  10   2   3
  0.0000  0.5000
      12       0
  0.0000  0.1808  0.5000
      15      19       0
  3   1   2   2
  0.0000  0.5000
       5       0
  0.0000  0.5000
       8       0
  3   2   4   2
  0.0000  0.1911  0.2890  0.5000
       5       9      10       0
  0.0000  0.5000
       5       0
  3   3   4   2
  0.0000  0.1239  0.4332  0.5000
       5      13       5       0
  0.0000  0.5000
      13       0
  3   4   2   2
  0.0000  0.5000
       5       0
  0.0000  0.5000
      15       0
  3   5   2   3
  0.0000  0.5000
       3       0
  0.0000  0.2890  0.5000
       9      10       0
  3   6   3   3
  0.0000  0.1808  0.5000
      15      19       0
  0.0000  0.3337  0.5000
      15      14       0
  3   7   3   3
  0.0000  0.1808  0.5000
      15      19       0
  0.0000  0.1609  0.5000
      14      15       0
  3   8   3   2
  0.0000  0.2890  0.5000
       9      10       0
  0.0000  0.5000
      12       0
  3   9   2   4
  0.0000  0.5000
       8       0
  0.0000  0.2303  0.2890  0.5000
       5       9      10       0
  3  10   2   2
  0.0000  0.5000
      14       0
  0.0000  0.5000
       7       0
  4   1   3   4
  0.0000  0.1808  0.5000
      15      19       0
  0.0000  0.1239  0.4332  0.5000
       5      13       5       0
  4   2   4   5
  0.0000  0.1911  0.2890  0.5000
       5       9      10       0
  0.0000  0.0569  0.1609  0.4582  0.5000
      15      14      15      19       0
  4   3   2   2
  0.0000  0.5000
       5       0
  0.0000  0.5000
      14       0
  4   4   5   6
  0.0000  0.1609  0.2600  0.4425  0.5000
      14      15      19      15       0
  0.0000  0.1808  0.2284  0.3337  0.4964  0.5000
      15      19      15      14      19       0
  4   5   3   3
  0.0000  0.2890  0.5000
       9      10       0
  0.0000  0.4332  0.5000
      13       5       0
  4   6   4   2
  0.0000  0.2890  0.3112  0.5000
       9      10       3       0
  0.0000  0.5000
       7       0
  4   7   3   3
  0.0000  0.0653  0.5000
      14       7       0
  0.0000  0.0596  0.5000
       5      13       0
  4   8   3   5
  0.0000  0.0044  0.5000
      14       7       0
  0.0000  0.0959  0.1239  0.4332  0.5000
      13       5      13       5       0
  4   9   5   5
  0.0000  0.0642  0.1609  0.2376  0.5000
      15      14      15      19       0
  0.0000  0.1056  0.1609  0.4389  0.5000
      15      14      15      19       0
  4  10   4   2
  0.0000  0.1911  0.2890  0.5000
       5       9      10       0
  0.0000  0.5000
       3       0
  5   1   2   4
  0.0000  0.5000
       5       0
  0.0000  0.0596  0.2879  0.5000
       5      13       7       0
  5   2   2   5
  0.0000  0.5000
       3       0
  0.0000  0.0049  0.2890  0.3112  0.5000
       7       9      10       3       0
  5   3   4   3
  0.0000  0.1911  0.2890  0.5000
       5       9      10       0
  0.0000  0.2890  0.5000
       9      10       0
  5   4   3   2
  0.0000  0.1808  0.5000
      15      19       0
  0.0000  0.5000
       5       0
  5   5   2   6
  0.0000  0.5000
       7       0
  0.0000  0.0490  0.1609  0.2600  0.4425  0.5000
      15      14      15      19      15       0
  5   6   5   5
  0.0000  0.1911  0.2890  0.4461  0.5000
       5       9      10       3       0
  0.0000  0.0653  0.1025  0.1688  0.5000
      14       7      13       7       0
  5   7   4   5
  0.0000  0.1569  0.4332  0.5000
      15      13       5       0
  0.0000  0.0109  0.4332  0.4916  0.5000
       9      13       5      10       0
  5   8   3   4
  0.0000  0.3342  0.5000
       7       3       0
  0.0000  0.1911  0.2890  0.5000
       5       9      10       0
  5   9   5   5
  0.0000  0.0569  0.1609  0.4247  0.5000
      15      14      15      10       0
  0.0000  0.1239  0.2841  0.4346  0.5000
       5      13      19       5       0
  5  10   5   3
  0.0000  0.1609  0.2600  0.4425  0.5000
      14      15      19      15       0
  0.0000  0.4183  0.5000
       3      10       0
  6   1   4   2
  0.0000  0.1911  0.2065  0.5000
       5       9       7       0
  0.0000  0.5000
       3       0
  6   2   4   7
  0.0000  0.1569  0.4183  0.5000
      14       3      10       0
  0.0000  0.0569  0.1609  0.1675  0.2841  0.4346  0.5000
      15      14      15      13      19       5       0
  6   3   4   3
  0.0000  0.1911  0.2890  0.5000
       5       9      10       0
  0.0000  0.3803  0.5000
       5      19       0
  6   4   3   2
  0.0000  0.2890  0.5000
       9      10       0
  0.0000  0.5000
       5       0
  6   5   5   5
  0.0000  0.1057  0.1911  0.2890  0.5000
       9       5       9      10       0
  0.0000  0.0109  0.4332  0.4916  0.5000
       9      13       5      10       0
  6   6   5   3
  0.0000  0.0109  0.4332  0.4916  0.5000
       9      13       5      10       0
  0.0000  0.0072  0.5000
      15       5       0
  6   7   2   4
  0.0000  0.5000
       7       0
  0.0000  0.1911  0.2890  0.5000
       5       9      10       0
  6   8   5   5
  0.0000  0.1609  0.2600  0.4425  0.5000
      14      15      19      15       0
  0.0000  0.0653  0.1025  0.1688  0.5000
      14       7      13       7       0
  6   9   5   4
  0.0000  0.1026  0.1609  0.4247  0.5000
       5      14      15      10       0
  0.0000  0.2933  0.3112  0.5000
       3      10       3       0
  6  10   7   3
  0.0000  0.1082  0.1609  0.2600  0.3140  0.4183  0.5000
       3      14      15      19       3      10       0
  0.0000  0.1808  0.5000
      15      19       0
  7   1   6   3
  0.0000  0.1569  0.2366  0.2841  0.4346  0.5000
      14       3      13      19       5       0
  0.0000  0.2890  0.5000
       9      10       0
  7   2   5   4
  0.0000  0.0109  0.4332  0.4916  0.5000
       9      13       5      10       0
  0.0000  0.3100  0.4473  0.5000
       5      10       5       0
  7   3   7   3
  0.0000  0.1082  0.1609  0.2600  0.3140  0.4183  0.5000
       3      14      15      19       3      10       0
  0.0000  0.1808  0.5000
      15      19       0
  7   4   2   2
  0.0000  0.5000
       5       0
  0.0000  0.5000
       5       0
  7   5   3   7
  0.0000  0.3803  0.5000
       5      19       0
  0.0000  0.0970  0.1026  0.1609  0.4247  0.4453  0.5000
       3       5      14      15      10       3       0
  7   6   3   4
  0.0000  0.2890  0.5000
       9      10       0
  0.0000  0.1911  0.2890  0.5000
       5       9      10       0
  7   7   6   4
  0.0000  0.1026  0.1031  0.2933  0.3112  0.5000
       5      14       3      10       3       0
  0.0000  0.2890  0.3330  0.5000
       9      10       5       0
  7   8   2   5
  0.0000  0.5000
       3       0
  0.0000  0.3803  0.3979  0.4081  0.5000
       5      19      10      19       0
  7   9   5   7
  0.0000  0.0109  0.4332  0.4916  0.5000
       9      13       5      10       0
  0.0000  0.0569  0.1569  0.3921  0.4346  0.4983  0.5000
      15      14       3      19       5      10       0
  7  10   5   5
  0.0000  0.0109  0.4332  0.4916  0.5000
       9      13       5      10       0
  0.0000  0.0569  0.1569  0.4183  0.5000
      15      14       3      10       0
  8   1   6   7
  0.0000  0.1026  0.1031  0.2933  0.3112  0.5000
       5      14       3      10       3       0
  0.0000  0.0109  0.4289  0.4327  0.4332  0.4916  0.5000
       9      13      10      13       5      10       0
  8   2   4   4
  0.0000  0.3100  0.4473  0.5000
       5      10       5       0
  0.0000  0.1911  0.2890  0.5000
       5       9      10       0
  8   3   5   3
  0.0000  0.0109  0.4332  0.4916  0.5000
       9      13       5      10       0
  0.0000  0.1808  0.5000
      15      19       0
  8   4   7   5
  0.0000  0.0970  0.1026  0.1609  0.1805  0.3803  0.5000
       3       5      14      15       5      19       0
  0.0000  0.0109  0.4332  0.4983  0.5000
       9      13       5      10       0
  8   5   2   5
  0.0000  0.5000
       5       0
  0.0000  0.2890  0.4069  0.4346  0.5000
       9      10      19       5       0
  8   6   5   5
  0.0000  0.0109  0.4332  0.4916  0.5000
       9      13       5      10       0
  0.0000  0.0109  0.4332  0.4916  0.5000
       9      13       5      10       0
  8   7   7   5
  0.0000  0.0109  0.0407  0.0569  0.1569  0.4183  0.5000
       9      13      15      14       3      10       0
  0.0000  0.0109  0.4332  0.4916  0.5000
       9      13       5      10       0
  8   8   7   5
  0.0000  0.1808  0.2596  0.2600  0.3140  0.4183  0.5000
      15      19      15      19       3      10       0
  0.0000  0.0569  0.1569  0.4183  0.5000
      15      14       3      10       0
  8   9   2   5
  0.0000  0.5000
       5       0
  0.0000  0.2889  0.4247  0.4453  0.5000
       5      15      10       3       0
  8  10   5   4
  0.0000  0.0569  0.1569  0.4183  0.5000
      15      14       3      10       0
  0.0000  0.1911  0.2890  0.5000
       5       9      10       0
  9   1   2   5
  0.0000  0.5000
       5       0
  0.0000  0.0109  0.4332  0.4916  0.5000
       9      13       5      10       0
  9   2   3   4
  0.0000  0.1808  0.5000
      15      19       0
  0.0000  0.2890  0.2947  0.5000
       9      10       5       0
  9   3   7   6
  0.0000  0.1808  0.2596  0.2600  0.3140  0.4183  0.5000
      15      19      15      19       3      10       0
  0.0000  0.0569  0.1096  0.1911  0.2890  0.5000
      15      14       5       9      10       0
  9   4   6   7
  0.0000  0.0109  0.4332  0.4916  0.4974  0.5000
       9      13       5      10      19       0
  0.0000  0.0970  0.1026  0.1609  0.1805  0.3803  0.5000
       3       5      14      15       5      19       0
  9   5   5   4
  0.0000  0.0109  0.4332  0.4916  0.5000
       9      13       5      10       0
  0.0000  0.1911  0.2890  0.5000
       5       9      10       0
  9   6   7   2
  0.0000  0.0569  0.1569  0.2785  0.3140  0.4183  0.5000
      15      14       3      19       3      10       0
  0.0000  0.5000
       5       0
  9   7   7   3
  0.0000  0.0970  0.1026  0.1609  0.1805  0.3803  0.5000
       3       5      14      15       5      19       0
  0.0000  0.1808  0.5000
      15      19       0
  9   8   5   5
  0.0000  0.1911  0.2260  0.4183  0.5000
       5       9       3      10       0
  0.0000  0.2890  0.4069  0.4090  0.5000
       9      10      19       5       0
  9   9   5   5
  0.0000  0.0109  0.4332  0.4916  0.5000
       9      13       5      10       0
  0.0000  0.0109  0.4332  0.4916  0.5000
       9      13       5      10       0
  9  10   7   5
  0.0000  0.1808  0.2596  0.2600  0.3014  0.4183  0.5000
      15      19      15      19       3      10       0
  0.0000  0.2890  0.4069  0.4346  0.5000
       9      10      19       5       0
 10   1   3   5
  0.0000  0.1808  0.5000
      15      19       0
  0.0000  0.2890  0.2947  0.3269  0.5000
       9      10       5      19       0
 10   2   7   7
  0.0000  0.1808  0.2596  0.2600  0.3014  0.4183  0.5000
      15      19      15      19       3      10       0
  0.0000  0.0970  0.1026  0.1609  0.1805  0.3803  0.5000
       3       5      14      15       5      19       0
 10   3   5   5
  0.0000  0.0109  0.4332  0.4916  0.5000
       9      13       5      10       0
  0.0000  0.1911  0.2260  0.4183  0.5000
       5       9       3      10       0
 10   4   6   2
  0.0000  0.0569  0.1096  0.1911  0.2890  0.5000
      15      14       5       9      10       0
  0.0000  0.5000
       5       0
 10   5   6   7
  0.0000  0.1619  0.2785  0.3140  0.4183  0.5000
       5       3      19       3      10       0
  0.0000  0.0569  0.1569  0.1887  0.3920  0.4183  0.5000
      15      14       3       5       3      10       0
 10   6   7   5
  0.0000  0.1808  0.2596  0.2600  0.3014  0.4183  0.5000
      15      19      15      19       3      10       0
  0.0000  0.0109  0.4332  0.4916  0.5000
       9      13       5      10       0
 10   7   5   6
  0.0000  0.0109  0.4332  0.4916  0.5000
       9      13       5      10       0
  0.0000  0.0109  0.4332  0.4916  0.4974  0.5000
       9      13       5      10      19       0
 10   8   5   3
  0.0000  0.0109  0.4332  0.4916  0.5000
       9      13       5      10       0
  0.0000  0.1808  0.5000
      15      19       0
 10   9   5   5
  0.0000  0.0109  0.4332  0.4916  0.5000
       9      13       5      10       0
  0.0000  0.0109  0.4332  0.4916  0.5000
       9      13       5      10       0
 10  10   5   7
  0.0000  0.0109  0.4332  0.4916  0.5000
       9      13       5      10       0
  0.0000  0.0569  0.1569  0.2785  0.3140  0.4183  0.5000
      15      14       3      19       3      10       0
 11   1   5   8
  0.0000  0.0109  0.4332  0.4916  0.5000
       9      13       5      10       0
  0.0000  0.0316  0.0569  0.1569  0.1887  0.3920  0.4183  0.5000
       5      15      14       3       5       3      10       0
 11   2   5   8
  0.0000  0.0109  0.4332  0.4916  0.5000
       9      13       5      10       0
  0.0000  0.0109  0.1522  0.1808  0.3661  0.4332  0.4916  0.5000
       9      13      15      19      13       5      10       0
 11   3   5   6
  0.0000  0.0109  0.4332  0.4916  0.5000
       9      13       5      10       0
  0.0000  0.0109  0.4332  0.4916  0.4974  0.5000
       9      13       5      10      19       0
 11   4   6   4
  0.0000  0.0109  0.4332  0.4916  0.4974  0.5000
       9      13       5      10      19       0
  0.0000  0.0109  0.3607  0.5000
       9      13      19       0
 11   5   4   8
  0.0000  0.1911  0.2890  0.5000
       5       9      10       0
  0.0000  0.0485  0.0569  0.1569  0.1887  0.3920  0.4183  0.5000
       5      15      14       3       5       3      10       0
 11   6   5   9
  0.0000  0.0109  0.4332  0.4916  0.5000
       9      13       5      10       0
  0.0000  0.1808  0.2596  0.2600  0.3014  0.3756  0.4332  0.4916  0.5000
      15      19      15      19       3      13       5      10       0
 11   7   8   5
  0.0000  0.0109  0.0747  0.1808  0.4211  0.4332  0.4916  0.5000
       9      13      15      19      13       5      10       0
  0.0000  0.0109  0.4332  0.4916  0.5000
       9      13       5      10       0
 11   8   3   3
  0.0000  0.1808  0.5000
      15      19       0
  0.0000  0.1808  0.5000
      15      19       0
 11   9   7   7
  0.0000  0.0970  0.1026  0.1609  0.1805  0.3803  0.5000
       3       5      14      15       5      19       0
  0.0000  0.1808  0.2596  0.2600  0.3014  0.4183  0.5000
      15      19      15      19       3      10       0
 11  10   5   6
  0.0000  0.0109  0.4332  0.4916  0.5000
       9      13       5      10       0
  0.0000  0.1619  0.2785  0.3140  0.4183  0.5000
       5       3      19       3      10       0
 12   1   8   5
  0.0000  0.0109  0.0747  0.1808  0.4211  0.4332  0.4916  0.5000
       9      13      15      19      13       5      10       0
  0.0000  0.0109  0.4332  0.4916  0.5000
       9      13       5      10       0
 12   2   8   8
  0.0000  0.0485  0.0569  0.1569  0.1887  0.3920  0.4183  0.5000
       5      15      14       3       5       3      10       0
  0.0000  0.0109  0.1522  0.1808  0.3661  0.4332  0.4916  0.5000
       9      13      15      19      13       5      10       0
 12   3   5   8
  0.0000  0.0109  0.4332  0.4916  0.5000
       9      13       5      10       0
  0.0000  0.0109  0.3607  0.4309  0.4332  0.4916  0.4974  0.5000
       9      13      19      13       5      10      19       0
 12   4   6   5
  0.0000  0.0109  0.4332  0.4916  0.4974  0.5000
       9      13       5      10      19       0
  0.0000  0.0109  0.4332  0.4916  0.5000
       9      13       5      10       0
 12   5   7   8
  0.0000  0.0970  0.1026  0.1609  0.1805  0.3803  0.5000
       3       5      14      15       5      19       0
  0.0000  0.0485  0.0569  0.1569  0.1887  0.3920  0.4183  0.5000
       5      15      14       3       5       3      10       0
 12   6   6   4
  0.0000  0.0109  0.4332  0.4916  0.4974  0.5000
       9      13       5      10      19       0
  0.0000  0.1911  0.2890  0.5000
       5       9      10       0
 12   7   6   3
  0.0000  0.0109  0.4332  0.4916  0.4974  0.5000
       9      13       5      10      19       0
  0.0000  0.1808  0.5000
      15      19       0
 12   8   4   5
  0.0000  0.0109  0.3607  0.5000
       9      13      19       0
  0.0000  0.0109  0.4332  0.4916  0.5000
       9      13       5      10       0
 12   9   4   5
  0.0000  0.1911  0.2890  0.5000
       5       9      10       0
  0.0000  0.0109  0.4332  0.4916  0.5000
       9      13       5      10       0
 12  10   3   8
  0.0000  0.1808  0.5000
      15      19       0
  0.0000  0.0109  0.0747  0.1808  0.4211  0.4332  0.4916  0.5000
       9      13      15      19      13       5      10       0
 13   1   9   6
  0.0000  0.0485  0.0569  0.1569  0.1887  0.3920  0.4183  0.4811  0.5000
       5      15      14       3       5       3      10      19       0
  0.0000  0.0109  0.4332  0.4916  0.4974  0.5000
       9      13       5      10      19       0
 13   2   8   5
  0.0000  0.0109  0.0747  0.1808  0.3848  0.4332  0.4916  0.5000
       9      13      15      19      13       5      10       0
  0.0000  0.0109  0.4332  0.4916  0.5000
       9      13       5      10       0
 13   3   8  10
  0.0000  0.0109  0.1787  0.1911  0.2807  0.4332  0.4916  0.5000
       9      13       5       9      13       5      10       0
  0.0000  0.0485  0.0569  0.1569  0.1887  0.3271  0.3661  0.4332  0.4916  0.5000
       5      15      14       3       5      19      13       5      10       0
 13   4   5   4
  0.0000  0.0109  0.4332  0.4916  0.5000
       9      13       5      10       0
  0.0000  0.1911  0.2890  0.5000
       5       9      10       0
 13   5   8   3
  0.0000  0.0109  0.0747  0.1808  0.4211  0.4332  0.4916  0.5000
       9      13      15      19      13       5      10       0
  0.0000  0.1808  0.5000
      15      19       0
 13   6   5   5
  0.0000  0.0109  0.4332  0.4916  0.5000
       9      13       5      10       0
  0.0000  0.0109  0.1759  0.1808  0.5000
       9      13      15      19       0
 13   7   4   4
  0.0000  0.0109  0.3827  0.5000
       9      13      10       0
  0.0000  0.1911  0.2890  0.5000
       5       9      10       0
 13   8   4   3
  0.0000  0.0109  0.3607  0.5000
       9      13      19       0
  0.0000  0.1808  0.5000
      15      19       0
 13   9   6   8
  0.0000  0.0109  0.4332  0.4916  0.4974  0.5000
       9      13       5      10      19       0
  0.0000  0.0109  0.1522  0.1808  0.3661  0.4332  0.4916  0.5000
       9      13      15      19      13       5      10       0
 13  10  10   3
  0.0000  0.0109  0.1522  0.1808  0.2076  0.3920  0.3933  0.4332  0.4916  0.5000
       9      13      15      19       5       3      13       5      10       0
  0.0000  0.1808  0.5000
      15      19       0
 14   1   5   4
  0.0000  0.0109  0.4332  0.4916  0.5000
       9      13       5      10       0
  0.0000  0.0109  0.3827  0.5000
       9      13      10       0
 14   2   8   3
  0.0000  0.0109  0.1522  0.1808  0.3661  0.4332  0.4916  0.5000
       9      13      15      19      13       5      10       0
  0.0000  0.1808  0.5000
      15      19       0
 14   3   5   3
  0.0000  0.0109  0.1759  0.1808  0.5000
       9      13      15      19       0
  0.0000  0.1808  0.5000
      15      19       0
 14   4  10   4
  0.0000  0.0485  0.0569  0.1569  0.1887  0.3271  0.3661  0.4332  0.4916  0.5000
       5      15      14       3       5      19      13       5      10       0
  0.0000  0.1911  0.2890  0.5000
       5       9      10       0
 14   5   8   4
  0.0000  0.0109  0.1787  0.1911  0.2807  0.4332  0.4916  0.5000
       9      13       5       9      13       5      10       0
  0.0000  0.1911  0.2890  0.5000
       5       9      10       0
 14   6   6   6
  0.0000  0.0109  0.4332  0.4916  0.4974  0.5000
       9      13       5      10      19       0
  0.0000  0.0109  0.4332  0.4916  0.4974  0.5000
       9      13       5      10      19       0
 14   7   3  10
  0.0000  0.1808  0.5000
      15      19       0
  0.0000  0.0485  0.0569  0.1569  0.1887  0.3271  0.3661  0.4332  0.4916  0.5000
       5      15      14       3       5      19      13       5      10       0
 14   8   8   4
  0.0000  0.0109  0.2050  0.2911  0.4332  0.4916  0.4974  0.5000
       9      13       5      13       5      10      19       0
  0.0000  0.0123  0.2194  0.5000
      15      13      19       0
 14   9   3  10
  0.0000  0.1808  0.5000
      15      19       0
  0.0000  0.0109  0.1522  0.1808  0.2076  0.3920  0.3933  0.4332  0.4916  0.5000
       9      13      15      19       5       3      13       5      10       0
 14  10   8   8
  0.0000  0.0109  0.0747  0.1808  0.3848  0.4332  0.4916  0.5000
       9      13      15      19      13       5      10       0
  0.0000  0.0109  0.1787  0.1911  0.2807  0.4332  0.4916  0.5000
       9      13       5       9      13       5      10       0
 15   1   7   3
  0.0000  0.0109  0.1522  0.1808  0.2076  0.3881  0.5000
       9      13      15      19       5      19       0
  0.0000  0.1808  0.5000
      15      19       0
 15   2   5  10
  0.0000  0.0109  0.4332  0.4688  0.5000
       9      13       5      10       0
  0.0000  0.0485  0.0569  0.1569  0.1887  0.3271  0.3661  0.4332  0.4590  0.5000
       5      15      14       3       5      19      13       5      19       0
 15   3   3   8
  0.0000  0.1808  0.5000
      15      19       0
  0.0000  0.0109  0.1787  0.1911  0.2807  0.4332  0.4916  0.5000
       9      13       5       9      13       5      10       0
 15   4   7   3
  0.0000  0.0123  0.2194  0.4412  0.4916  0.4974  0.5000
      15      13      19       5      10      19       0
  0.0000  0.1808  0.5000
      15      19       0
 15   5   3   8
  0.0000  0.1808  0.5000
      15      19       0
  0.0000  0.0109  0.1522  0.1808  0.3661  0.4332  0.4916  0.5000
       9      13      15      19      13       5      10       0
 15   6   9   5
  0.0000  0.0123  0.2194  0.2311  0.2911  0.4332  0.4916  0.4974  0.5000
      15      13      19       5      13       5      10      19       0
  0.0000  0.0109  0.4332  0.4916  0.5000
       9      13       5      10       0
 15   7  10   8
  0.0000  0.0485  0.0569  0.1569  0.1887  0.3271  0.3661  0.4332  0.4916  0.5000
       5      15      14       3       5      19      13       5      10       0
  0.0000  0.0109  0.2050  0.2911  0.4332  0.4916  0.4974  0.5000
       9      13       5      13       5      10      19       0
 15   8   4  10
  0.0000  0.0123  0.2194  0.5000
      15      13      19       0
  0.0000  0.0485  0.0569  0.1569  0.1887  0.3271  0.3661  0.4332  0.4916  0.5000
       5      15      14       3       5      19      13       5      10       0
 15   9   4   8
  0.0000  0.1911  0.2890  0.5000
       5       9      10       0
  0.0000  0.0109  0.0747  0.1808  0.3848  0.4332  0.4916  0.5000
       9      13      15      19      13       5      10       0
 15  10  11   6
  0.0000  0.0485  0.0569  0.0801  0.1674  0.1887  0.3271  0.3661  0.4332  0.4861
       5      15      14       5       3       5      19      13       5      10
  0.5000
       0
  0.0000  0.0109  0.1787  0.1911  0.2890  0.5000
       9      13       5       9      10       0
 16   1   6   5
  0.0000  0.0109  0.1787  0.1911  0.2890  0.5000
       9      13       5       9      10       0
  0.0000  0.1808  0.2076  0.3881  0.5000
      15      19       5      19       0
 16   2   8  10
  0.0000  0.0109  0.1787  0.1911  0.2807  0.4332  0.4916  0.5000
       9      13       5       9      13       5      10       0
  0.0000  0.0485  0.0569  0.1569  0.1887  0.3271  0.3661  0.4332  0.4916  0.5000
       5      15      14       3       5      19      13       5      10       0
 16   3   5  11
  0.0000  0.0123  0.4332  0.4916  0.5000
      15      13       5      10       0
  0.0000  0.0485  0.0569  0.1569  0.1887  0.3271  0.3661  0.4332  0.4590  0.4777
       5      15      14       3       5      19      13       5      19      10
  0.5000
       0
 16   4  10   3
  0.0000  0.0485  0.0569  0.1569  0.1887  0.3271  0.3661  0.4332  0.4590  0.5000
       5      15      14       3       5      19      13       5      19       0
  0.0000  0.1808  0.5000
      15      19       0
 16   5   3   4
  0.0000  0.1808  0.5000
      15      19       0
  0.0000  0.1911  0.2890  0.5000
       5       9      10       0
 16   6  10   7
  0.0000  0.0485  0.0569  0.1569  0.1887  0.3271  0.3661  0.4332  0.4916  0.5000
       5      15      14       3       5      19      13       5      10       0
  0.0000  0.0123  0.2194  0.4412  0.4916  0.4974  0.5000
      15      13      19       5      10      19       0
 16   7  10   6
  0.0000  0.0485  0.0569  0.1569  0.1887  0.3271  0.3661  0.4332  0.4916  0.5000
       5      15      14       3       5      19      13       5      10       0
  0.0000  0.0109  0.1787  0.1911  0.2890  0.5000
       9      13       5       9      10       0
 16   8   8   7
  0.0000  0.0123  0.2194  0.2311  0.2911  0.4332  0.4916  0.5000
      15      13      19       5      13       5      10       0
  0.0000  0.1808  0.2059  0.2807  0.4332  0.4916  0.5000
      15      19       9      13       5      10       0
 16   9   9   8
  0.0000  0.0109  0.1787  0.1911  0.2514  0.3271  0.3661  0.4153  0.5000
       9      13       5       9       5      19      13      10       0
  0.0000  0.0109  0.2965  0.3271  0.3661  0.4332  0.4590  0.5000
       9      13       5      19      13       5      19       0
 16  10   8   8
  0.0000  0.0109  0.1522  0.1808  0.3661  0.4332  0.4916  0.5000
       9      13      15      19      13       5      10       0
  0.0000  0.0109  0.2050  0.2911  0.4332  0.4916  0.4974  0.5000
       9      13       5      13       5      10      19       0
 17   1   6   5
  0.0000  0.0109  0.1787  0.1911  0.2890  0.5000
       9      13       5       9      10       0
  0.0000  0.0123  0.4332  0.4916  0.5000
      15      13       5      10       0
 17   2   8   6
  0.0000  0.0109  0.1522  0.1808  0.3661  0.4332  0.4916  0.5000
       9      13      15      19      13       5      10       0
  0.0000  0.0109  0.1787  0.1911  0.2890  0.5000
       9      13       5       9      10       0
 17   3   5   9
  0.0000  0.0123  0.4332  0.4916  0.5000
      15      13       5      10       0
  0.0000  0.0485  0.0506  0.1787  0.1911  0.2807  0.4332  0.4916  0.5000
       5      15      13       5       9      13       5      10       0
 17   4   3   9
  0.0000  0.1808  0.5000
      15      19       0
  0.0000  0.0109  0.1522  0.1808  0.3661  0.4332  0.4916  0.4974  0.5000
       9      13      15      19      13       5      10      19       0
 17   5   5   8
  0.0000  0.1808  0.1947  0.2890  0.5000
      15      19       9      10       0
  0.0000  0.0109  0.1787  0.1911  0.2890  0.3200  0.3881  0.5000
       9      13       5       9      10       5      19       0
 17   6   8   4
  0.0000  0.0109  0.1787  0.1911  0.2807  0.4332  0.4916  0.5000
       9      13       5       9      13       5      10       0
  0.0000  0.1911  0.2890  0.5000
       5       9      10       0
 17   7  10  11
  0.0000  0.0485  0.0569  0.1569  0.1887  0.3271  0.3661  0.4332  0.4590  0.5000
       5      15      14       3       5      19      13       5      19       0
  0.0000  0.0109  0.1522  0.1808  0.1875  0.2050  0.2911  0.4332  0.4916  0.4974
       9      13      15      19      13       5      13       5      10      19
  0.5000
       0
 17   8  11  11
  0.0000  0.0485  0.0569  0.1569  0.1887  0.3271  0.3661  0.4332  0.4590  0.4777
       5      15      14       3       5      19      13       5      19      10
  0.5000
       0
  0.0000  0.0485  0.0569  0.1569  0.1887  0.2145  0.2194  0.4412  0.4916  0.4974
       5      15      14       3       5      13      19       5      10      19
  0.5000
       0
 17   9   3  10
  0.0000  0.1808  0.5000
      15      19       0
  0.0000  0.0485  0.0569  0.1569  0.1887  0.2352  0.2807  0.4332  0.4916  0.5000
       5      15      14       3       5       9      13       5      10       0
 17  10   8   9
  0.0000  0.0109  0.1522  0.1808  0.3661  0.4332  0.4916  0.5000
       9      13      15      19      13       5      10       0
  0.0000  0.0123  0.2624  0.3271  0.3661  0.4332  0.4590  0.4777  0.5000
      15      13       5      19      13       5      19      10       0
 18   1   3  11
  0.0000  0.1808  0.5000
      15      19       0
  0.0000  0.0485  0.0569  0.1569  0.1887  0.2145  0.2194  0.4412  0.4916  0.4974
       5      15      14       3       5      13      19       5      10      19
  0.5000
       0
 18   2   6   3
  0.0000  0.0109  0.1787  0.1911  0.2890  0.5000
       9      13       5       9      10       0
  0.0000  0.1808  0.5000
      15      19       0
 18   3  10   3
  0.0000  0.0109  0.1234  0.1569  0.1887  0.3271  0.3661  0.4332  0.4590  0.5000
       9      13      14       3       5      19      13       5      19       0
  0.0000  0.1808  0.5000
      15      19       0
 18   4  10  10
  0.0000  0.0485  0.0569  0.1569  0.1887  0.3271  0.3661  0.4332  0.4590  0.5000
       5      15      14       3       5      19      13       5      19       0
  0.0000  0.0485  0.0569  0.1569  0.1887  0.3271  0.3661  0.4332  0.4590  0.5000
       5      15      14       3       5      19      13       5      19       0
 18   5   7   5
  0.0000  0.1808  0.2414  0.2807  0.4332  0.4916  0.5000
      15      19       9      13       5      10       0
  0.0000  0.0123  0.2280  0.2890  0.5000
      15      13       9      10       0
 18   6   8   8
  0.0000  0.0109  0.1522  0.1808  0.3661  0.4332  0.4916  0.5000
       9      13      15      19      13       5      10       0
  0.0000  0.0485  0.0569  0.1569  0.1887  0.2352  0.2395  0.5000
       5      15      14       3       5       9      19       0
 18   7  11   9
  0.0000  0.0485  0.0569  0.1569  0.1887  0.2145  0.2194  0.4412  0.4916  0.4974
       5      15      14       3       5      13      19       5      10      19
  0.5000
       0
  0.0000  0.0485  0.0569  0.1569  0.1887  0.2066  0.4491  0.4568  0.5000
       5      15      14       3       5      19       5      19       0
 18   8   5  10
  0.0000  0.1808  0.1947  0.2890  0.5000
      15      19       9      10       0
  0.0000  0.0052  0.0485  0.0506  0.1787  0.1911  0.2807  0.4332  0.4916  0.5000
      15       5      15      13       5       9      13       5      10       0
 18   9  11   6
  0.0000  0.0485  0.0569  0.1569  0.1887  0.2145  0.2194  0.4412  0.4916  0.4974
       5      15      14       3       5      13      19       5      10      19
  0.5000
       0
  0.0000  0.0109  0.1787  0.1911  0.2890  0.5000
       9      13       5       9      10       0
 18  10   6   8
  0.0000  0.0109  0.1787  0.1911  0.2890  0.5000
       9      13       5       9      10       0
  0.0000  0.0109  0.1522  0.1808  0.3661  0.4332  0.4916  0.5000
       9      13      15      19      13       5      10       0
 19   1  10  11
  0.0000  0.0485  0.0569  0.1569  0.1887  0.2066  0.4412  0.4916  0.4974  0.5000
       5      15      14       3       5      19       5      10      19       0
  0.0000  0.0485  0.0569  0.1569  0.1887  0.2352  0.2395  0.3661  0.4332  0.4916
       5      15      14       3       5       9      19      13       5      10
  0.5000
       0
 19   2   5   3
  0.0000  0.1808  0.1947  0.2890  0.5000
      15      19       9      10       0
  0.0000  0.1808  0.5000
      15      19       0
 19   3  10   6
  0.0000  0.0485  0.0569  0.1569  0.1887  0.3271  0.3661  0.4332  0.4590  0.5000
       5      15      14       3       5      19      13       5      19       0
  0.0000  0.0109  0.1787  0.1911  0.2890  0.5000
       9      13       5       9      10       0
 19   4   7  10
  0.0000  0.1808  0.2414  0.2807  0.4332  0.4532  0.5000
      15      19       9      13       5      10       0
  0.0000  0.0485  0.0569  0.1569  0.1887  0.2066  0.4412  0.4916  0.4974  0.5000
       5      15      14       3       5      19       5      10      19       0
 19   5   4   9
  0.0000  0.1808  0.3131  0.5000
      15      19      10       0
  0.0000  0.0485  0.0569  0.1569  0.1887  0.2066  0.4491  0.4568  0.5000
       5      15      14       3       5      19       5      19       0
 19   6  13   7
  0.0000  0.0485  0.0569  0.0789  0.1135  0.1569  0.1887  0.2145  0.2194  0.4412
       5      15      14      15      14       3       5      13      19       5
  0.4916  0.4974  0.5000
      10      19       0
  0.0000  0.1808  0.2414  0.2807  0.4332  0.4916  0.5000
      15      19       9      13       5      10       0
 19   7   3   5
  0.0000  0.1808  0.5000
      15      19       0
  0.0000  0.1735  0.2280  0.2890  0.5000
      15      13       9      10       0
 19   8   6   3
  0.0000  0.0109  0.1787  0.1911  0.2890  0.5000
       9      13       5       9      10       0
  0.0000  0.1808  0.5000
      15      19       0
 19   9   7  11
  0.0000  0.0123  0.2280  0.2890  0.3965  0.4069  0.5000
      15      13       9      10      13      10       0
  0.0000  0.0485  0.0569  0.1569  0.1887  0.2145  0.2194  0.4412  0.4916  0.4974
       5      15      14       3       5      13      19       5      10      19
  0.5000
       0
 19  10   6   3
  0.0000  0.0109  0.1787  0.1911  0.2890  0.5000
       9      13       5       9      10       0
  0.0000  0.1808  0.5000
      15      19       0
 20   1  10   3
  0.0000  0.0485  0.0569  0.1569  0.1887  0.2066  0.4412  0.4916  0.4974  0.5000
       5      15      14       3       5      19       5      10      19       0
  0.0000  0.1808  0.5000
      15      19       0
 20   2   6   3
  0.0000  0.1808  0.2099  0.2280  0.2890  0.5000
      15      19      13       9      10       0
  0.0000  0.1808  0.5000
      15      19       0
 20   3  11  10
  0.0000  0.0485  0.0569  0.1569  0.1887  0.2145  0.2194  0.4412  0.4916  0.4974
       5      15      14       3       5      13      19       5      10      19
  0.5000
       0
  0.0000  0.0485  0.0569  0.1569  0.1887  0.2066  0.4412  0.4916  0.4974  0.5000
       5      15      14       3       5      19       5      10      19       0
 20   4   5  11
  0.0000  0.1808  0.1947  0.2890  0.5000
      15      19       9      10       0
  0.0000  0.0485  0.0569  0.1569  0.1887  0.3271  0.3661  0.4332  0.4590  0.4883
       5      15      14       3       5      19      13       5      19      10
  0.5000
       0
 20   5  10   6
  0.0000  0.0485  0.0569  0.1569  0.1887  0.3271  0.3661  0.4332  0.4590  0.5000
       5      15      14       3       5      19      13       5      19       0
  0.0000  0.0109  0.1787  0.1911  0.2890  0.5000
       9      13       5       9      10       0
 20   6   7   7
  0.0000  0.0123  0.2280  0.2890  0.3965  0.4069  0.5000
      15      13       9      10      13      10       0
  0.0000  0.0485  0.0569  0.1565  0.1808  0.3131  0.5000
       5      15      14      15      19      10       0
 20   7   9   6
  0.0000  0.0485  0.0569  0.1569  0.1887  0.2066  0.4491  0.4568  0.5000
       5      15      14       3       5      19       5      19       0
  0.0000  0.0109  0.1787  0.1911  0.2890  0.5000
       9      13       5       9      10       0
 20   8   7   5
  0.0000  0.0756  0.1787  0.1911  0.2890  0.4905  0.5000
      15      13       5       9      10      19       0
  0.0000  0.1735  0.2280  0.2890  0.5000
      15      13       9      10       0
 20   9  10   6
  0.0000  0.0485  0.0569  0.1569  0.1887  0.2066  0.4412  0.4916  0.4974  0.5000
       5      15      14       3       5      19       5      10      19       0
  0.0000  0.0109  0.1787  0.1911  0.2890  0.5000
       9      13       5       9      10       0
 20  10   4   4
  0.0000  0.1808  0.3131  0.5000
      15      19      10       0
  0.0000  0.1808  0.3131  0.5000
      15      19      10       0
 21   1   6   6
  0.0000  0.0756  0.1787  0.1911  0.2890  0.5000
      15      13       5       9      10       0
  0.0000  0.0109  0.1787  0.1911  0.2890  0.5000
       9      13       5       9      10       0
 21   2   6  10
  0.0000  0.0109  0.1787  0.1911  0.2890  0.5000
       9      13       5       9      10       0
  0.0000  0.0485  0.0569  0.1569  0.1887  0.2066  0.4412  0.4916  0.4974  0.5000
       5      15      14       3       5      19       5      10      19       0
 21   3   4   8
  0.0000  0.1808  0.3131  0.5000
      15      19      10       0
  0.0000  0.0109  0.1164  0.1569  0.1887  0.2066  0.3093  0.5000
       9      13      14       3       5      19      10       0
 21   4   3  11
  0.0000  0.1808  0.5000
      15      19       0
  0.0000  0.0485  0.0569  0.1569  0.1887  0.2145  0.2194  0.4412  0.4916  0.4974
       5      15      14       3       5      13      19       5      10      19
  0.5000
       0
 21   5   6   7
  0.0000  0.0109  0.1787  0.1911  0.2890  0.5000
       9      13       5       9      10       0
  0.0000  0.0485  0.0569  0.1565  0.1808  0.3131  0.5000
       5      15      14      15      19      10       0
 21   6   6   6
  0.0000  0.0109  0.1787  0.1911  0.2890  0.5000
       9      13       5       9      10       0
  0.0000  0.1808  0.2099  0.2280  0.2890  0.5000
      15      19      13       9      10       0
 21   7   6   6
  0.0000  0.0109  0.1787  0.1911  0.2890  0.5000
       9      13       5       9      10       0
  0.0000  0.0109  0.1787  0.1911  0.2890  0.5000
       9      13       5       9      10       0
 21   8  10   7
  0.0000  0.0485  0.0569  0.1569  0.1887  0.2066  0.4412  0.4916  0.4974  0.5000
       5      15      14       3       5      19       5      10      19       0
  0.0000  0.0123  0.2280  0.2890  0.3965  0.4069  0.5000
      15      13       9      10      13      10       0
 21   9   6   6
  0.0000  0.0109  0.1787  0.1911  0.2890  0.5000
       9      13       5       9      10       0
  0.0000  0.0109  0.1787  0.1911  0.2890  0.5000
       9      13       5       9      10       0
 21  10   4   6
  0.0000  0.1808  0.3131  0.5000
      15      19      10       0
  0.0000  0.0756  0.1787  0.1911  0.2890  0.5000
      15      13       5       9      10       0
 22   1   6   6
  0.0000  0.0109  0.1787  0.1911  0.2890  0.5000
       9      13       5       9      10       0
  0.0000  0.0109  0.1787  0.1911  0.2890  0.5000
       9      13       5       9      10       0
 22   2   4   6
  0.0000  0.1808  0.3131  0.5000
      15      19      10       0
  0.0000  0.0109  0.1787  0.1911  0.2890  0.5000
       9      13       5       9      10       0
 22   3   8  10
  0.0000  0.0109  0.1164  0.1569  0.1887  0.2066  0.3093  0.5000
       9      13      14       3       5      19      10       0
  0.0000  0.0485  0.0569  0.1569  0.1887  0.2066  0.4412  0.4916  0.4974  0.5000
       5      15      14       3       5      19       5      10      19       0
 22   4   4   6
  0.0000  0.1808  0.3131  0.5000
      15      19      10       0
  0.0000  0.0756  0.1787  0.1911  0.2890  0.5000
      15      13       5       9      10       0
 22   5   6   6
  0.0000  0.0109  0.1787  0.1911  0.2890  0.5000
       9      13       5       9      10       0
  0.0000  0.0109  0.1787  0.1911  0.2890  0.5000
       9      13       5       9      10       0
 22   6   6   7
  0.0000  0.0109  0.1787  0.1911  0.2890  0.5000
       9      13       5       9      10       0
  0.0000  0.0485  0.0569  0.1565  0.1808  0.3131  0.5000
       5      15      14      15      19      10       0
 22   7   6   6
  0.0000  0.0756  0.1787  0.1911  0.2890  0.5000
      15      13       5       9      10       0
  0.0000  0.0756  0.1787  0.1911  0.2890  0.5000
      15      13       5       9      10       0
 22   8  13   8
  0.0000  0.0485  0.0569  0.1569  0.1887  0.2066  0.2323  0.2890  0.3087  0.4412
       5      15      14       3       5      19       9      10      19       5
  0.4916  0.4974  0.5000
      10      19       0
  0.0000  0.0109  0.1164  0.1569  0.1887  0.2066  0.3131  0.5000
       9      13      14       3       5      19      10       0
 22   9   6   6
  0.0000  0.0109  0.1787  0.1911  0.2890  0.5000
       9      13       5       9      10       0
  0.0000  0.0109  0.1787  0.1911  0.2890  0.5000
       9      13       5       9      10       0
 22  10   6   6
  0.0000  0.0109  0.1787  0.1911  0.2890  0.5000
       9      13       5       9      10       0
  0.0000  0.1329  0.1787  0.1911  0.2890  0.5000
      15      13       5       9      10       0
 23   1   6   6
  0.0000  0.0756  0.1787  0.1911  0.2890  0.5000
      15      13       5       9      10       0
  0.0000  0.0756  0.1787  0.1911  0.2890  0.5000
      15      13       5       9      10       0
 23   2   6   4
  0.0000  0.0756  0.1787  0.1911  0.2890  0.5000
      15      13       5       9      10       0
  0.0000  0.1808  0.3131  0.5000
      15      19      10       0
 23   3  13   8
  0.0000  0.0109  0.1164  0.1569  0.1887  0.2066  0.2429  0.2890  0.3087  0.4412
       9      13      14       3       5      19       9      10      19       5
  0.4916  0.4974  0.5000
      10      19       0
  0.0000  0.0109  0.1164  0.1569  0.1887  0.2066  0.3093  0.5000
       9      13      14       3       5      19      10       0
 23   4   7  12
  0.0000  0.0109  0.1094  0.1565  0.1808  0.3131  0.5000
       9      13      14      15      19      10       0
  0.0000  0.0285  0.1164  0.1569  0.1887  0.2066  0.3093  0.3438  0.4412  0.4916
       5      13      14       3       5      19      10      19       5      10
  0.4974  0.5000
      19       0
 23   5   6   6
  0.0000  0.1329  0.1787  0.1911  0.2890  0.5000
      15      13       5       9      10       0
  0.0000  0.0109  0.1787  0.1911  0.2890  0.5000
       9      13       5       9      10       0
 23   6   8   6
  0.0000  0.0109  0.1164  0.1569  0.1887  0.2066  0.3093  0.5000
       9      13      14       3       5      19      10       0
  0.0000  0.0109  0.1787  0.1911  0.2890  0.5000
       9      13       5       9      10       0
 23   7  10   6
  0.0000  0.0109  0.1164  0.1569  0.1887  0.2066  0.4412  0.4916  0.4974  0.5000
       9      13      14       3       5      19       5      10      19       0
  0.0000  0.0756  0.1787  0.1911  0.2890  0.5000
      15      13       5       9      10       0
 23   8   6  11
  0.0000  0.0109  0.1787  0.1911  0.2890  0.5000
       9      13       5       9      10       0
  0.0000  0.0109  0.0635  0.1569  0.1887  0.2066  0.2323  0.2890  0.3087  0.4241
       9      13      14       3       5      19       9      10      19      10
  0.5000
       0
 23   9   8   6
  0.0000  0.0485  0.0569  0.1569  0.1887  0.2066  0.3093  0.5000
       5      15      14       3       5      19      10       0
  0.0000  0.0109  0.1787  0.1911  0.2890  0.5000
       9      13       5       9      10       0
 23  10   6  13
  0.0000  0.1329  0.1787  0.1911  0.2890  0.5000
      15      13       5       9      10       0
  0.0000  0.0485  0.0569  0.1569  0.1887  0.2066  0.2323  0.2890  0.3087  0.4412
       5      15      14       3       5      19       9      10      19       5
  0.4916  0.4974  0.5000
      10      19       0
 24   1   8   6
  0.0000  0.0109  0.1164  0.1569  0.1887  0.2066  0.3093  0.5000
       9      13      14       3       5      19      10       0
  0.0000  0.0109  0.1787  0.1911  0.2890  0.5000
       9      13       5       9      10       0
 24   2   6   8
  0.0000  0.0756  0.1787  0.1911  0.2890  0.5000
      15      13       5       9      10       0
  0.0000  0.0109  0.0635  0.1569  0.1815  0.1911  0.2890  0.5000
       9      13      14       3       5       9      10       0
 24   3  10   9
  0.0000  0.0756  0.1787  0.1824  0.1887  0.2066  0.4412  0.4916  0.4974  0.5000
      15      13       5       3       5      19       5      10      19       0
  0.0000  0.1329  0.1787  0.1911  0.2890  0.4643  0.4916  0.4974  0.5000
      15      13       5       9      10       5      10      19       0
 24   4   8   9
  0.0000  0.0485  0.0569  0.1018  0.1787  0.1911  0.2890  0.5000
       5      15      14      13       5       9      10       0
  0.0000  0.0109  0.1164  0.1569  0.1887  0.2066  0.3093  0.4974  0.5000
       9      13      14       3       5      19      10      19       0
 24   5   8   6
  0.0000  0.0485  0.0569  0.1569  0.1887  0.2066  0.3093  0.5000
       5      15      14       3       5      19      10       0
  0.0000  0.0109  0.1787  0.1911  0.2890  0.5000
       9      13       5       9      10       0
 24   6   8   6
  0.0000  0.0109  0.1164  0.1569  0.1887  0.2066  0.3093  0.5000
       9      13      14       3       5      19      10       0
  0.0000  0.1329  0.1787  0.1911  0.2890  0.5000
      15      13       5       9      10       0
 24   7  13   6
  0.0000  0.0109  0.1164  0.1569  0.1887  0.2066  0.2429  0.2890  0.3087  0.4412
       9      13      14       3       5      19       9      10      19       5
  0.4916  0.4974  0.5000
      10      19       0
  0.0000  0.0109  0.1787  0.1911  0.2890  0.5000
       9      13       5       9      10       0
 24   8   6  13
  0.0000  0.0109  0.1787  0.1911  0.2890  0.5000
       9      13       5       9      10       0
  0.0000  0.0109  0.1164  0.1569  0.1887  0.2066  0.2623  0.2890  0.3087  0.4412
       9      13      14       3       5      19       9      10      19       5
  0.4916  0.4974  0.5000
      10      19       0
 24   9   6   6
  0.0000  0.0756  0.1787  0.1911  0.2890  0.5000
      15      13       5       9      10       0
  0.0000  0.1329  0.1787  0.1911  0.2890  0.5000
      15      13       5       9      10       0
 24  10   6   6
  0.0000  0.0756  0.1787  0.1911  0.2890  0.5000
      15      13       5       9      10       0
  0.0000  0.0756  0.1787  0.1911  0.2890  0.5000
      15      13       5       9      10       0
 25   1  10  13
  0.0000  0.1329  0.1787  0.1911  0.2890  0.3015  0.4412  0.4916  0.4974  0.5000
      15      13       5       9      10      19       5      10      19       0
  0.0000  0.0109  0.1164  0.1569  0.1887  0.2066  0.2623  0.2890  0.3087  0.4412
       9      13      14       3       5      19       9      10      19       5
  0.4916  0.4974  0.5000
      10      19       0
 25   2   6   6
  0.0000  0.1329  0.1787  0.1911  0.2890  0.5000
      15      13       5       9      10       0
  0.0000  0.0756  0.1787  0.1911  0.2890  0.5000
      15      13       5       9      10       0
 25   3  13   9
  0.0000  0.0109  0.1164  0.1569  0.1887  0.2066  0.2623  0.2890  0.3087  0.4412
       9      13      14       3       5      19       9      10      19       5
  0.4916  0.4974  0.5000
      10      19       0
  0.0000  0.1329  0.1787  0.1911  0.2890  0.4643  0.4916  0.4974  0.5000
      15      13       5       9      10       5      10      19       0
 25   4   6   9
  0.0000  0.0756  0.1787  0.1911  0.2890  0.5000
      15      13       5       9      10       0
  0.0000  0.0109  0.1164  0.1569  0.1887  0.2066  0.3093  0.4974  0.5000
       9      13      14       3       5      19      10      19       0
 25   5   6  13
  0.0000  0.0756  0.1787  0.1911  0.2890  0.5000
      15      13       5       9      10       0
  0.0000  0.0109  0.1164  0.1569  0.1887  0.2066  0.2623  0.2890  0.3087  0.4412
       9      13      14       3       5      19       9      10      19       5
  0.4916  0.4974  0.5000
      10      19       0
 25   6   8   6
  0.0000  0.0485  0.0569  0.1569  0.1887  0.2066  0.2901  0.5000
       5      15      14       3       5      19      10       0
  0.0000  0.0756  0.1787  0.1911  0.2890  0.5000
      15      13       5       9      10       0
 25   7   8   8
  0.0000  0.0485  0.0569  0.1569  0.1887  0.2066  0.3093  0.5000
       5      15      14       3       5      19      10       0
  0.0000  0.0109  0.0635  0.1531  0.1787  0.1911  0.2890  0.5000
       9      13      14      13       5       9      10       0
 25   8   6   8
  0.0000  0.0756  0.1787  0.1911  0.2890  0.5000
      15      13       5       9      10       0
  0.0000  0.0109  0.0635  0.1569  0.1815  0.1911  0.2890  0.5000
       9      13      14       3       5       9      10       0
 25   9   6   6
  0.0000  0.1329  0.1787  0.1911  0.2890  0.5000
      15      13       5       9      10       0
  0.0000  0.0756  0.1787  0.1911  0.2890  0.5000
      15      13       5       9      10       0
 25  10   6   9
  0.0000  0.1329  0.1787  0.1911  0.2890  0.5000
      15      13       5       9      10       0
  0.0000  0.0109  0.1164  0.1569  0.1754  0.1787  0.1911  0.2890  0.5000
       9      13      14       3      13       5       9      10       0
 26   1   8   6
  0.0000  0.0109  0.0635  0.1531  0.1787  0.1911  0.2890  0.5000
       9      13      14      13       5       9      10       0
  0.0000  0.0756  0.1787  0.1911  0.2890  0.5000
      15      13       5       9      10       0
 26   2   8   8
  0.0000  0.0109  0.1164  0.1396  0.1787  0.1911  0.2890  0.5000
       9      13      14      13       5       9      10       0
  0.0000  0.0109  0.0635  0.1531  0.1787  0.1911  0.2890  0.5000
       9      13      14      13       5       9      10       0
 26   3   9  13
  0.0000  0.0109  0.1164  0.1569  0.1887  0.2066  0.3093  0.4974  0.5000
       9      13      14       3       5      19      10      19       0
  0.0000  0.0109  0.1164  0.1569  0.1887  0.2066  0.2623  0.2890  0.3087  0.4412
       9      13      14       3       5      19       9      10      19       5
  0.4916  0.4974  0.5000
      10      19       0
 26   4  13   6
  0.0000  0.0109  0.1164  0.1569  0.1887  0.2066  0.2623  0.2890  0.3087  0.4412
       9      13      14       3       5      19       9      10      19       5
  0.4916  0.4974  0.5000
      10      19       0
  0.0000  0.1309  0.1787  0.1911  0.2890  0.5000
      15      13       5       9      10       0
 26   5   6   6
  0.0000  0.0756  0.1787  0.1911  0.2890  0.5000
      15      13       5       9      10       0
  0.0000  0.0756  0.1787  0.1911  0.2890  0.5000
      15      13       5       9      10       0
 26   6  12   8
  0.0000  0.0109  0.1164  0.1569  0.1887  0.2066  0.2623  0.2890  0.3087  0.4412
       9      13      14       3       5      19       9      10      19       5
  0.4712  0.5000
      10       0
  0.0000  0.0485  0.0569  0.1569  0.1887  0.2066  0.3093  0.5000
       5      15      14       3       5      19      10       0
 26   7   6   6
  0.0000  0.1329  0.1787  0.1911  0.2890  0.5000
      15      13       5       9      10       0
  0.0000  0.1329  0.1787  0.1911  0.2890  0.5000
      15      13       5       9      10       0
 26   8   7   9
  0.0000  0.0485  0.0756  0.1787  0.1911  0.2890  0.5000
       5      15      13       5       9      10       0
  0.0000  0.0109  0.1164  0.1569  0.1754  0.1787  0.1911  0.2890  0.5000
       9      13      14       3      13       5       9      10       0
 26   9   7  13
  0.0000  0.0756  0.1787  0.1911  0.2890  0.4974  0.5000
      15      13       5       9      10      19       0
  0.0000  0.0109  0.1164  0.1569  0.1887  0.2066  0.2623  0.2890  0.3087  0.4412
       9      13      14       3       5      19       9      10      19       5
  0.4916  0.4974  0.5000
      10      19       0
 26  10   6   8
  0.0000  0.0756  0.1787  0.1911  0.2890  0.5000
      15      13       5       9      10       0
  0.0000  0.0109  0.0635  0.1569  0.1815  0.1911  0.2890  0.5000
       9      13      14       3       5       9      10       0
 27   1  10   8
  0.0000  0.0109  0.0375  0.0485  0.0569  0.1569  0.1887  0.2066  0.3093  0.5000
       9      13       5      15      14       3       5      19      10       0
  0.0000  0.0109  0.0635  0.1531  0.1787  0.1911  0.2890  0.5000
       9      13      14      13       5       9      10       0
 27   2   8   8
  0.0000  0.0109  0.0635  0.1569  0.1815  0.1911  0.2890  0.5000
       9      13      14       3       5       9      10       0
  0.0000  0.0109  0.1164  0.1396  0.1787  0.1911  0.2890  0.5000
       9      13      14      13       5       9      10       0
 27   3   9   7
  0.0000  0.0109  0.1164  0.1569  0.1754  0.1787  0.1911  0.2890  0.5000
       9      13      14       3      13       5       9      10       0
  0.0000  0.0485  0.0756  0.1787  0.1911  0.2890  0.5000
       5      15      13       5       9      10       0
 27   4   6   6
  0.0000  0.0756  0.1787  0.1911  0.2890  0.5000
      15      13       5       9      10       0
  0.0000  0.1329  0.1787  0.1911  0.2890  0.5000
      15      13       5       9      10       0
 27   5   6   6
  0.0000  0.0756  0.1787  0.1911  0.2890  0.5000
      15      13       5       9      10       0
  0.0000  0.1329  0.1787  0.1911  0.2890  0.5000
      15      13       5       9      10       0
 27   6   8   6
  0.0000  0.0109  0.0635  0.1531  0.1787  0.1911  0.2890  0.5000
       9      13      14      13       5       9      10       0
  0.0000  0.0756  0.1787  0.1911  0.2890  0.5000
      15      13       5       9      10       0
 27   7   6   8
  0.0000  0.0756  0.1787  0.1911  0.2890  0.5000
      15      13       5       9      10       0
  0.0000  0.0109  0.0635  0.1531  0.1787  0.1911  0.2890  0.5000
       9      13      14      13       5       9      10       0
 27   8  13   8
  0.0000  0.0109  0.1164  0.1569  0.1887  0.2066  0.2623  0.2890  0.3087  0.4412
       9      13      14       3       5      19       9      10      19       5
  0.4916  0.4974  0.5000
      10      19       0
  0.0000  0.0109  0.1164  0.1235  0.1787  0.1911  0.2890  0.5000
       9      13      14      13       5       9      10       0
 27   9   7   6
  0.0000  0.0756  0.1787  0.1911  0.2890  0.4974  0.5000
      15      13       5       9      10      19       0
  0.0000  0.0756  0.1787  0.1911  0.2890  0.5000
      15      13       5       9      10       0
 27  10   6   6
  0.0000  0.1309  0.1787  0.1911  0.2890  0.5000
      15      13       5       9      10       0
  0.0000  0.0756  0.1787  0.1911  0.2890  0.5000
      15      13       5       9      10       0
 28   1   6   8
  0.0000  0.0756  0.1787  0.1911  0.2890  0.5000
      15      13       5       9      10       0
  0.0000  0.0109  0.0635  0.1531  0.1787  0.1911  0.2890  0.5000
       9      13      14      13       5       9      10       0
 28   2   8   6
  0.0000  0.0109  0.1164  0.1235  0.1787  0.1911  0.2890  0.5000
       9      13      14      13       5       9      10       0
  0.0000  0.0756  0.1787  0.1911  0.2890  0.5000
      15      13       5       9      10       0
 28   3   8   8
  0.0000  0.0109  0.0635  0.1531  0.1787  0.1911  0.2890  0.5000
       9      13      14      13       5       9      10       0
  0.0000  0.0109  0.1164  0.1396  0.1787  0.1911  0.2890  0.5000
       9      13      14      13       5       9      10       0
 28   4   6   9
  0.0000  0.0756  0.1787  0.1911  0.2890  0.5000
      15      13       5       9      10       0
  0.0000  0.0109  0.1164  0.1569  0.1754  0.1787  0.1911  0.2890  0.5000
       9      13      14       3      13       5       9      10       0
 28   5   6   8
  0.0000  0.1329  0.1787  0.1911  0.2890  0.5000
      15      13       5       9      10       0
  0.0000  0.0109  0.0635  0.1531  0.1787  0.1911  0.2890  0.5000
       9      13      14      13       5       9      10       0
 28   6  15  13
  0.0000  0.0109  0.1164  0.1569  0.1626  0.1787  0.1911  0.2197  0.2623  0.2890
       9      13      14       3      13       5       9      19       9      10
  0.3087  0.4412  0.4916  0.4974  0.5000
      19       5      10      19       0
  0.0000  0.0109  0.1164  0.1569  0.1887  0.2066  0.2623  0.2890  0.3087  0.4412
       9      13      14       3       5      19       9      10      19       5
  0.4916  0.4974  0.5000
      10      19       0
 28   7   6   9
  0.0000  0.0756  0.1787  0.1911  0.2890  0.5000
      15      13       5       9      10       0
  0.0000  0.0109  0.0635  0.1531  0.1725  0.1887  0.2066  0.3093  0.5000
       9      13      14      13       3       5      19      10       0
 28   8   6  14
  0.0000  0.0756  0.1787  0.1911  0.2890  0.5000
      15      13       5       9      10       0
  0.0000  0.0109  0.1164  0.1235  0.1787  0.1911  0.2491  0.2623  0.2890  0.3087
       9      13      14      13       5       9      19       9      10      19
  0.4412  0.4916  0.4974  0.5000
       5      10      19       0
 28   9   6   6
  0.0000  0.0756  0.1787  0.1911  0.2890  0.5000
      15      13       5       9      10       0
  0.0000  0.0756  0.1787  0.1911  0.2890  0.5000
      15      13       5       9      10       0
 28  10   6   6
  0.0000  0.0756  0.1787  0.1911  0.2890  0.5000
      15      13       5       9      10       0
  0.0000  0.0756  0.1787  0.1911  0.2890  0.5000
      15      13       5       9      10       0
 29   1   8  10
  0.0000  0.0109  0.1164  0.1396  0.1787  0.1911  0.2890  0.5000
       9      13      14      13       5       9      10       0
  0.0000  0.0109  0.0635  0.1531  0.1725  0.1887  0.2066  0.2844  0.2890  0.5000
       9      13      14      13       3       5      19       9      10       0
 29   2  14   8
  0.0000  0.0109  0.1164  0.1235  0.1787  0.1911  0.2491  0.2623  0.2890  0.3087
       9      13      14      13       5       9      19       9      10      19
  0.4412  0.4916  0.4974  0.5000
       5      10      19       0
  0.0000  0.0109  0.0635  0.1531  0.1787  0.1911  0.2890  0.5000
       9      13      14      13       5       9      10       0
 29   3   8   6
  0.0000  0.0109  0.0635  0.1531  0.1787  0.1911  0.2890  0.5000
       9      13      14      13       5       9      10       0
  0.0000  0.0756  0.1787  0.1911  0.2890  0.5000
      15      13       5       9      10       0
 29   4   8   6
  0.0000  0.0109  0.0635  0.0852  0.1787  0.1911  0.2890  0.5000
       9      13      14      13       5       9      10       0
  0.0000  0.1329  0.1787  0.1911  0.2890  0.5000
      15      13       5       9      10       0
 29   5   6  13
  0.0000  0.0756  0.1787  0.1911  0.2890  0.5000
      15      13       5       9      10       0
  0.0000  0.0109  0.1164  0.1569  0.1887  0.2066  0.2623  0.2890  0.3087  0.4412
       9      13      14       3       5      19       9      10      19       5
  0.4916  0.4974  0.5000
      10      19       0
 29   6   6   8
  0.0000  0.0756  0.1787  0.1911  0.2890  0.5000
      15      13       5       9      10       0
  0.0000  0.0109  0.0635  0.1531  0.1787  0.1911  0.2890  0.5000
       9      13      14      13       5       9      10       0
 29   7   6   8
  0.0000  0.0756  0.1787  0.1911  0.2890  0.5000
      15      13       5       9      10       0
  0.0000  0.0109  0.0635  0.1531  0.1787  0.1911  0.2890  0.5000
       9      13      14      13       5       9      10       0
 29   8   8   8
  0.0000  0.0109  0.0635  0.1531  0.1787  0.1911  0.2890  0.5000
       9      13      14      13       5       9      10       0
  0.0000  0.1329  0.1399  0.1531  0.1787  0.1911  0.2890  0.5000
      15      13      14      13       5       9      10       0
 29   9   8   6
  0.0000  0.0109  0.0436  0.0756  0.1787  0.1911  0.2890  0.5000
       9      13      15      13       5       9      10       0
  0.0000  0.0756  0.1787  0.1911  0.2890  0.5000
      15      13       5       9      10       0
 29  10  15   8
  0.0000  0.0109  0.1164  0.1569  0.1626  0.1787  0.1911  0.2197  0.2623  0.2890
       9      13      14       3      13       5       9      19       9      10
  0.3087  0.4412  0.4916  0.4974  0.5000
      19       5      10      19       0
  0.0000  0.0109  0.1164  0.1235  0.1787  0.1911  0.2890  0.5000
       9      13      14      13       5       9      10       0
 30   1  13  13
  0.0000  0.0109  0.1164  0.1569  0.1887  0.2066  0.2623  0.2890  0.3087  0.4412
       9      13      14       3       5      19       9      10      19       5
  0.4916  0.4974  0.5000
      10      19       0
  0.0000  0.0109  0.1164  0.1569  0.1626  0.1787  0.1911  0.2197  0.2623  0.2890
       9      13      14       3      13       5       9      19       9      10
  0.3087  0.4340  0.5000
      19      10       0
 30   2   8   8
  0.0000  0.0109  0.0635  0.1531  0.1787  0.1911  0.2890  0.5000
       9      13      14      13       5       9      10       0
  0.0000  0.0109  0.1164  0.1235  0.1787  0.1911  0.2890  0.5000
       9      13      14      13       5       9      10       0
 30   3   6   8
  0.0000  0.1329  0.1787  0.1911  0.2890  0.5000
      15      13       5       9      10       0
  0.0000  0.0109  0.0635  0.1531  0.1787  0.1911  0.2890  0.5000
       9      13      14      13       5       9      10       0
 30   4   8   6
  0.0000  0.0109  0.0635  0.0852  0.1787  0.1911  0.2890  0.5000
       9      13      14      13       5       9      10       0
  0.0000  0.0756  0.1787  0.1911  0.2890  0.5000
      15      13       5       9      10       0
 30   5   6   8
  0.0000  0.0756  0.1787  0.1911  0.2890  0.5000
      15      13       5       9      10       0
  0.0000  0.0109  0.0635  0.1531  0.1787  0.1911  0.2890  0.5000
       9      13      14      13       5       9      10       0
 30   6   8   8
  0.0000  0.0109  0.1164  0.1235  0.1787  0.1911  0.2890  0.5000
       9      13      14      13       5       9      10       0
  0.0000  0.0109  0.0436  0.0756  0.1787  0.1911  0.2890  0.5000
       9      13      15      13       5       9      10       0
 30   7   8   8
  0.0000  0.0109  0.1164  0.1396  0.1787  0.1911  0.2890  0.5000
       9      13      14      13       5       9      10       0
  0.0000  0.0109  0.0436  0.0756  0.1787  0.1911  0.2890  0.5000
       9      13      15      13       5       9      10       0
 30   8   8  12
  0.0000  0.0109  0.1164  0.1396  0.1787  0.1911  0.2890  0.5000
       9      13      14      13       5       9      10       0
  0.0000  0.0109  0.1164  0.1235  0.1787  0.1911  0.2890  0.3087  0.4412  0.4916
       9      13      14      13       5       9      10      19       5      10
  0.4974  0.5000
      19       0
 30   9   8   8
  0.0000  0.0109  0.1164  0.1235  0.1787  0.1911  0.2890  0.5000
       9      13      14      13       5       9      10       0
  0.0000  0.0109  0.0635  0.1531  0.1787  0.1911  0.2890  0.5000
       9      13      14      13       5       9      10       0
 30  10   8   6
  0.0000  0.0109  0.0436  0.0756  0.1787  0.1911  0.2890  0.5000
       9      13      15      13       5       9      10       0
  0.0000  0.0756  0.1787  0.1911  0.2890  0.5000
      15      13       5       9      10       0
 31   1   8   8
  0.0000  0.0394  0.0436  0.0756  0.1787  0.1911  0.2890  0.5000
      15      13      15      13       5       9      10       0
  0.0000  0.0109  0.0534  0.0756  0.1787  0.1911  0.2890  0.5000
       9      13      15      13       5       9      10       0
 31   2  15  13
  0.0000  0.0109  0.1164  0.1569  0.1739  0.1787  0.1911  0.2197  0.2623  0.2890
       9      13      14       3      13       5       9      19       9      10
  0.3087  0.4412  0.4916  0.4974  0.5000
      19       5      10      19       0
  0.0000  0.0109  0.1164  0.1569  0.1887  0.2066  0.2623  0.2890  0.3087  0.4412
       9      13      14       3       5      19       9      10      19       5
  0.4916  0.4974  0.5000
      10      19       0
 31   3   8  11
  0.0000  0.0109  0.1164  0.1235  0.1787  0.1911  0.2890  0.5000
       9      13      14      13       5       9      10       0
  0.0000  0.0109  0.1164  0.1569  0.1887  0.2066  0.2623  0.2890  0.3087  0.4375
       9      13      14       3       5      19       9      10      19      10
  0.5000
       0
 31   4   9   8
  0.0000  0.0109  0.0635  0.0973  0.1329  0.1787  0.1911  0.2890  0.5000
       9      13      14      15      13       5       9      10       0
  0.0000  0.0109  0.0635  0.1531  0.1787  0.1911  0.2890  0.5000
       9      13      14      13       5       9      10       0
 31   5   8  13
  0.0000  0.0109  0.0436  0.0756  0.1787  0.1911  0.2890  0.5000
       9      13      15      13       5       9      10       0
  0.0000  0.0109  0.1164  0.1569  0.1887  0.2066  0.2623  0.2890  0.3087  0.4412
       9      13      14       3       5      19       9      10      19       5
  0.4916  0.4974  0.5000
      10      19       0
 31   6  12   8
  0.0000  0.0109  0.1164  0.1235  0.1787  0.1911  0.2890  0.3087  0.4412  0.4916
       9      13      14      13       5       9      10      19       5      10
  0.4974  0.5000
      19       0
  0.0000  0.0109  0.0436  0.0756  0.1787  0.1911  0.2890  0.5000
       9      13      15      13       5       9      10       0
 31   7   8  13
  0.0000  0.0109  0.1164  0.1396  0.1787  0.1911  0.2890  0.5000
       9      13      14      13       5       9      10       0
  0.0000  0.0109  0.1164  0.1235  0.1787  0.1911  0.2890  0.3087  0.3644  0.4747
       9      13      14      13       5       9      10      19      10       5
  0.4916  0.4974  0.5000
      10      19       0
 31   8   8   8
  0.0000  0.0109  0.0635  0.1531  0.1787  0.1911  0.2890  0.5000
       9      13      14      13       5       9      10       0
  0.0000  0.0109  0.0635  0.0852  0.1787  0.1911  0.2890  0.5000
       9      13      14      13       5       9      10       0
 31   9   8   8
  0.0000  0.0109  0.0436  0.0756  0.1787  0.1911  0.2890  0.5000
       9      13      15      13       5       9      10       0
  0.0000  0.0109  0.1164  0.1235  0.1787  0.1911  0.2890  0.5000
       9      13      14      13       5       9      10       0
 31  10   8   8
  0.0000  0.0109  0.1164  0.1235  0.1787  0.1911  0.2890  0.5000
       9      13      14      13       5       9      10       0
  0.0000  0.0109  0.0635  0.1531  0.1787  0.1911  0.2890  0.5000
       9      13      14      13       5       9      10       0
 32   1   9  13
  0.0000  0.0109  0.0635  0.0973  0.1329  0.1787  0.1911  0.2890  0.5000
       9      13      14      15      13       5       9      10       0
  0.0000  0.0109  0.1164  0.1235  0.1787  0.1911  0.2890  0.3087  0.3644  0.4747
       9      13      14      13       5       9      10      19      10       5
  0.4916  0.4974  0.5000
      10      19       0
 32   2  13  13
  0.0000  0.0109  0.1164  0.1235  0.1787  0.1911  0.2890  0.3087  0.3644  0.4747
       9      13      14      13       5       9      10      19      10       5
  0.4916  0.4974  0.5000
      10      19       0
  0.0000  0.0109  0.1164  0.1569  0.1887  0.2066  0.2623  0.2890  0.3087  0.4412
       9      13      14       3       5      19       9      10      19       5
  0.4916  0.4974  0.5000
      10      19       0
 32   3  10   8
  0.0000  0.0109  0.1164  0.1235  0.1301  0.1527  0.1787  0.1911  0.2890  0.5000
       9      13      14      13      14      13       5       9      10       0
  0.0000  0.0109  0.0436  0.0756  0.1787  0.1911  0.2890  0.5000
       9      13      15      13       5       9      10       0
 32   4  15  13
  0.0000  0.0109  0.1164  0.1569  0.1739  0.1787  0.1911  0.2197  0.2623  0.2890
       9      13      14       3      13       5       9      19       9      10
  0.3087  0.4412  0.4916  0.4974  0.5000
      19       5      10      19       0
  0.0000  0.0109  0.1164  0.1569  0.1887  0.2066  0.2623  0.2890  0.3087  0.4412
       9      13      14       3       5      19       9      10      19       5
  0.4916  0.4974  0.5000
      10      19       0
 32   5  11  13
  0.0000  0.0109  0.0436  0.0756  0.1787  0.1911  0.2890  0.4717  0.4916  0.4974
       9      13      15      13       5       9      10       5      10      19
  0.5000
       0
  0.0000  0.0109  0.1164  0.1569  0.1887  0.2066  0.2623  0.2890  0.3087  0.4412
       9      13      14       3       5      19       9      10      19       5
  0.4916  0.4974  0.5000
      10      19       0
 32   6   8  13
  0.0000  0.0109  0.1164  0.1396  0.1787  0.1911  0.2890  0.5000
       9      13      14      13       5       9      10       0
  0.0000  0.0109  0.1164  0.1569  0.1887  0.2066  0.2623  0.2890  0.3087  0.4412
       9      13      14       3       5      19       9      10      19       5
  0.4916  0.4974  0.5000
      10      19       0
 32   7   8   8
  0.0000  0.0109  0.1164  0.1396  0.1787  0.1911  0.2890  0.5000
       9      13      14      13       5       9      10       0
  0.0000  0.0109  0.0635  0.1531  0.1787  0.1911  0.2890  0.5000
       9      13      14      13       5       9      10       0
 32   8  13  10
  0.0000  0.0109  0.1164  0.1235  0.1787  0.1911  0.2890  0.3087  0.3644  0.4747
       9      13      14      13       5       9      10      19      10       5
  0.4916  0.4974  0.5000
      10      19       0
  0.0000  0.0109  0.1164  0.1396  0.1787  0.1911  0.2890  0.3087  0.3644  0.5000
       9      13      14      13       5       9      10      19      10       0
 32   9  10   8
  0.0000  0.0109  0.1164  0.1235  0.1787  0.1911  0.2890  0.3087  0.4375  0.5000
       9      13      14      13       5       9      10      19      10       0
  0.0000  0.0109  0.0635  0.0852  0.1787  0.1911  0.2890  0.5000
       9      13      14      13       5       9      10       0
 32  10   8  15
  0.0000  0.0109  0.1164  0.1235  0.1787  0.1911  0.2890  0.5000
       9      13      14      13       5       9      10       0
  0.0000  0.0109  0.1164  0.1569  0.1739  0.1787  0.1911  0.2197  0.2623  0.2890
       9      13      14       3      13       5       9      19       9      10
  0.3087  0.4412  0.4916  0.4974  0.5000
      19       5      10      19       0
 33   1   8  15
  0.0000  0.0109  0.1164  0.1396  0.1787  0.1911  0.2890  0.5000
       9      13      14      13       5       9      10       0
  0.0000  0.0109  0.1164  0.1569  0.1739  0.1787  0.1911  0.2197  0.2623  0.2890
       9      13      14       3      13       5       9      19       9      10
  0.3087  0.4412  0.4916  0.4974  0.5000
      19       5      10      19       0
 33   2  11  13
  0.0000  0.0109  0.0436  0.0756  0.1787  0.1911  0.2890  0.4717  0.4916  0.4974
       9      13      15      13       5       9      10       5      10      19
  0.5000
       0
  0.0000  0.0109  0.1164  0.1235  0.1787  0.1911  0.2890  0.3087  0.3644  0.4747
       9      13      14      13       5       9      10      19      10       5
  0.4916  0.4974  0.5000
      10      19       0
 33   3  11   8
  0.0000  0.0109  0.0436  0.0756  0.1787  0.1911  0.2890  0.4717  0.4916  0.4974
       9      13      15      13       5       9      10       5      10      19
  0.5000
       0
  0.0000  0.0109  0.1164  0.1235  0.1787  0.1911  0.2890  0.5000
       9      13      14      13       5       9      10       0
 33   4   8  12
  0.0000  0.0109  0.1164  0.1396  0.1787  0.1911  0.2890  0.5000
       9      13      14      13       5       9      10       0
  0.0000  0.0109  0.1164  0.1569  0.1887  0.2066  0.2329  0.2890  0.4477  0.4916
       9      13      14       3       5      19       9      10       5      10
  0.4974  0.5000
      19       0
 33   5  10  10
  0.0000  0.0109  0.1164  0.1396  0.1787  0.1911  0.2890  0.3087  0.3644  0.5000
       9      13      14      13       5       9      10      19      10       0
  0.0000  0.0109  0.0660  0.0935  0.1164  0.1396  0.1787  0.1911  0.2890  0.5000
       9      13      14      13      14      13       5       9      10       0
 33   6  10  14
  0.0000  0.0109  0.0436  0.0756  0.1506  0.1527  0.1787  0.1911  0.2890  0.5000
       9      13      15      13      14      13       5       9      10       0
  0.0000  0.0109  0.0635  0.0973  0.1329  0.1787  0.1911  0.2890  0.3087  0.3644
       9      13      14      15      13       5       9      10      19      10
  0.4747  0.4916  0.4974  0.5000
       5      10      19       0
 33   7  13  10
  0.0000  0.0109  0.1164  0.1235  0.1787  0.1911  0.2890  0.3087  0.3644  0.4747
       9      13      14      13       5       9      10      19      10       5
  0.4916  0.4974  0.5000
      10      19       0
  0.0000  0.0109  0.1164  0.1235  0.1301  0.1527  0.1787  0.1911  0.2890  0.5000
       9      13      14      13      14      13       5       9      10       0
 33   8   8   8
  0.0000  0.0109  0.0721  0.0852  0.1787  0.1911  0.2890  0.5000
       9      13      14      13       5       9      10       0
  0.0000  0.0109  0.0436  0.0756  0.1787  0.1911  0.2890  0.5000
       9      13      15      13       5       9      10       0
 33   9  13  10
  0.0000  0.0109  0.1164  0.1569  0.1887  0.2066  0.2623  0.2890  0.3087  0.4412
       9      13      14       3       5      19       9      10      19       5
  0.4916  0.4974  0.5000
      10      19       0
  0.0000  0.0109  0.1164  0.1235  0.1787  0.1911  0.2890  0.3087  0.3644  0.5000
       9      13      14      13       5       9      10      19      10       0
 33  10   8  10
  0.0000  0.0109  0.1164  0.1396  0.1787  0.1911  0.2890  0.5000
       9      13      14      13       5       9      10       0
  0.0000  0.0109  0.1164  0.1396  0.1787  0.1911  0.2890  0.3087  0.3644  0.5000
       9      13      14      13       5       9      10      19      10       0
 34   1   8   8
  0.0000  0.0109  0.1164  0.1235  0.1787  0.1911  0.2890  0.5000
       9      13      14      13       5       9      10       0
  0.0000  0.0109  0.0436  0.0756  0.1787  0.1911  0.2890  0.5000
       9      13      15      13       5       9      10       0
 34   2   8  10
  0.0000  0.0109  0.1164  0.1396  0.1787  0.1911  0.2890  0.5000
       9      13      14      13       5       9      10       0
  0.0000  0.0109  0.1164  0.1396  0.1787  0.1911  0.2890  0.3087  0.3644  0.5000
       9      13      14      13       5       9      10      19      10       0
 34   3  10   8
  0.0000  0.0109  0.0660  0.0935  0.1164  0.1396  0.1787  0.1911  0.2890  0.5000
       9      13      14      13      14      13       5       9      10       0
  0.0000  0.0109  0.0436  0.0756  0.1787  0.1911  0.2890  0.5000
       9      13      15      13       5       9      10       0
 34   4  10   8
  0.0000  0.0109  0.1164  0.1396  0.1787  0.1911  0.2890  0.3087  0.3644  0.5000
       9      13      14      13       5       9      10      19      10       0
  0.0000  0.0109  0.0436  0.0756  0.1787  0.1911  0.2890  0.5000
       9      13      15      13       5       9      10       0
 34   5   9  13
  0.0000  0.0109  0.1164  0.1396  0.1787  0.1911  0.2890  0.4974  0.5000
       9      13      14      13       5       9      10      19       0
  0.0000  0.0109  0.0436  0.0756  0.1506  0.1527  0.1787  0.1911  0.2890  0.4747
       9      13      15      13      14      13       5       9      10       5
  0.4916  0.4974  0.5000
      10      19       0
 34   6   8  10
  0.0000  0.0109  0.1164  0.1396  0.1787  0.1911  0.2890  0.5000
       9      13      14      13       5       9      10       0
  0.0000  0.0109  0.1164  0.1396  0.1787  0.1911  0.2890  0.3087  0.3644  0.5000
       9      13      14      13       5       9      10      19      10       0
 34   7   8  12
  0.0000  0.0109  0.1164  0.1396  0.1787  0.1911  0.2890  0.5000
       9      13      14      13       5       9      10       0
  0.0000  0.0109  0.1164  0.1569  0.1887  0.2066  0.2329  0.2890  0.4477  0.4916
       9      13      14       3       5      19       9      10       5      10
  0.4974  0.5000
      19       0
 34   8  11  12
  0.0000  0.0109  0.0436  0.0756  0.1787  0.1911  0.2890  0.4717  0.4916  0.4974
       9      13      15      13       5       9      10       5      10      19
  0.5000
       0
  0.0000  0.0109  0.1164  0.1569  0.1887  0.2066  0.2329  0.2890  0.4477  0.4916
       9      13      14       3       5      19       9      10       5      10
  0.4974  0.5000
      19       0
 34   9   8  13
  0.0000  0.0109  0.1164  0.1396  0.1787  0.1911  0.2890  0.5000
       9      13      14      13       5       9      10       0
  0.0000  0.0109  0.1164  0.1235  0.1787  0.1911  0.2890  0.3087  0.3644  0.4747
       9      13      14      13       5       9      10      19      10       5
  0.4916  0.4974  0.5000
      10      19       0
 34  10  11  10
  0.0000  0.0109  0.0436  0.0756  0.1787  0.1911  0.2890  0.4717  0.4916  0.4974
       9      13      15      13       5       9      10       5      10      19
  0.5000
       0
  0.0000  0.0109  0.1164  0.1396  0.1787  0.1911  0.2890  0.3087  0.3644  0.5000
       9      13      14      13       5       9      10      19      10       0
 35   1  11   6
  0.0000  0.0109  0.1164  0.1396  0.1787  0.1911  0.2890  0.4477  0.4916  0.4974
       9      13      14      13       5       9      10       5      10      19
  0.5000
       0
  0.0000  0.0109  0.1787  0.1911  0.2890  0.5000
       9      13       5       9      10       0
 35   2  13  13
  0.0000  0.0109  0.0436  0.0756  0.1506  0.1527  0.1787  0.1911  0.2890  0.4747
       9      13      15      13      14      13       5       9      10       5
  0.4916  0.4974  0.5000
      10      19       0
  0.0000  0.0109  0.0436  0.0756  0.1506  0.1527  0.1787  0.1911  0.2890  0.4747
       9      13      15      13      14      13       5       9      10       5
  0.4916  0.4974  0.5000
      10      19       0
 35   3   8  10
  0.0000  0.0109  0.1164  0.1396  0.1787  0.1911  0.2890  0.5000
       9      13      14      13       5       9      10       0
  0.0000  0.0109  0.1164  0.1396  0.1787  0.1911  0.2890  0.3087  0.3644  0.5000
       9      13      14      13       5       9      10      19      10       0
 35   4  10   8
  0.0000  0.0109  0.1164  0.1396  0.1787  0.1911  0.2890  0.3087  0.3644  0.5000
       9      13      14      13       5       9      10      19      10       0
  0.0000  0.0109  0.1164  0.1235  0.1787  0.1911  0.2890  0.5000
       9      13      14      13       5       9      10       0
 35   5  10  11
  0.0000  0.0109  0.1164  0.1396  0.1787  0.1911  0.2890  0.3087  0.3644  0.5000
       9      13      14      13       5       9      10      19      10       0
  0.0000  0.0109  0.0436  0.0756  0.1787  0.1911  0.2890  0.4477  0.4916  0.4974
       9      13      15      13       5       9      10       5      10      19
  0.5000
       0
 35   6   8  10
  0.0000  0.0109  0.0436  0.0756  0.1787  0.1911  0.2890  0.5000
       9      13      15      13       5       9      10       0
  0.0000  0.0109  0.1164  0.1396  0.1787  0.1911  0.2890  0.3087  0.3644  0.5000
       9      13      14      13       5       9      10      19      10       0
 35   7  11   8
  0.0000  0.0109  0.0436  0.0756  0.1787  0.1911  0.2890  0.4717  0.4916  0.4974
       9      13      15      13       5       9      10       5      10      19
  0.5000
       0
  0.0000  0.0109  0.1164  0.1396  0.1787  0.1911  0.2890  0.5000
       9      13      14      13       5       9      10       0
 35   8  10   8
  0.0000  0.0109  0.1164  0.1396  0.1787  0.1911  0.2890  0.3087  0.3644  0.5000
       9      13      14      13       5       9      10      19      10       0
  0.0000  0.0109  0.1164  0.1396  0.1787  0.1911  0.2890  0.5000
       9      13      14      13       5       9      10       0
 35   9  11  12
  0.0000  0.0109  0.1164  0.1396  0.1787  0.1911  0.2890  0.4747  0.4916  0.4974
       9      13      14      13       5       9      10       5      10      19
  0.5000
       0
  0.0000  0.0109  0.1164  0.1569  0.1887  0.2066  0.2329  0.2890  0.4477  0.4916
       9      13      14       3       5      19       9      10       5      10
  0.4974  0.5000
      19       0
 35  10   8   9
  0.0000  0.0109  0.1164  0.1396  0.1787  0.1911  0.2890  0.5000
       9      13      14      13       5       9      10       0
  0.0000  0.0109  0.1164  0.1569  0.1604  0.1787  0.1911  0.2890  0.5000
       9      13      14       3      13       5       9      10       0
 36   1  13   8
  0.0000  0.0109  0.0436  0.0756  0.1506  0.1527  0.1787  0.1911  0.2890  0.4747
       9      13      15      13      14      13       5       9      10       5
  0.4916  0.4974  0.5000
      10      19       0
  0.0000  0.0109  0.1164  0.1396  0.1787  0.1911  0.2890  0.5000
       9      13      14      13       5       9      10       0
 36   2   9  12
  0.0000  0.0109  0.1164  0.1569  0.1604  0.1787  0.1911  0.2890  0.5000
       9      13      14       3      13       5       9      10       0
  0.0000  0.0109  0.1164  0.1569  0.1887  0.2066  0.2329  0.2890  0.4477  0.4916
       9      13      14       3       5      19       9      10       5      10
  0.4974  0.5000
      19       0
 36   3  10  13
  0.0000  0.0109  0.1164  0.1396  0.1787  0.1911  0.2890  0.3087  0.3644  0.5000
       9      13      14      13       5       9      10      19      10       0
  0.0000  0.0109  0.0436  0.0756  0.1506  0.1527  0.1787  0.1911  0.2890  0.4747
       9      13      15      13      14      13       5       9      10       5
  0.4916  0.4974  0.5000
      10      19       0
 36   4  10  11
  0.0000  0.0109  0.1164  0.1396  0.1787  0.1911  0.2890  0.3087  0.3644  0.5000
       9      13      14      13       5       9      10      19      10       0
  0.0000  0.0109  0.1164  0.1396  0.1787  0.1911  0.2890  0.4717  0.4916  0.4974
       9      13      14      13       5       9      10       5      10      19
  0.5000
       0
 36   5   8   9
  0.0000  0.0109  0.1164  0.1235  0.1787  0.1911  0.2890  0.5000
       9      13      14      13       5       9      10       0
  0.0000  0.0109  0.1164  0.1569  0.1604  0.1787  0.1911  0.2890  0.5000
       9      13      14       3      13       5       9      10       0
 36   6  12   6
  0.0000  0.0109  0.1164  0.1569  0.1887  0.2066  0.2329  0.2890  0.4477  0.4916
       9      13      14       3       5      19       9      10       5      10
  0.4974  0.5000
      19       0
  0.0000  0.0109  0.1787  0.1911  0.2890  0.5000
       9      13       5       9      10       0
 36   7   8  10
  0.0000  0.0109  0.0436  0.0756  0.1787  0.1911  0.2890  0.5000
       9      13      15      13       5       9      10       0
  0.0000  0.0109  0.1164  0.1396  0.1787  0.1911  0.2890  0.3087  0.3644  0.5000
       9      13      14      13       5       9      10      19      10       0
 36   8   6   8
  0.0000  0.0109  0.1787  0.1911  0.2890  0.5000
       9      13       5       9      10       0
  0.0000  0.0109  0.0436  0.0756  0.1787  0.1911  0.2890  0.5000
       9      13      15      13       5       9      10       0
 36   9  10  10
  0.0000  0.0109  0.1164  0.1396  0.1787  0.1911  0.2890  0.3087  0.3644  0.5000
       9      13      14      13       5       9      10      19      10       0
  0.0000  0.0109  0.1164  0.1396  0.1787  0.1911  0.2890  0.3087  0.3644  0.5000
       9      13      14      13       5       9      10      19      10       0
 36  10  10   8
  0.0000  0.0109  0.1164  0.1396  0.1787  0.1911  0.2890  0.3087  0.3565  0.5000
       9      13      14      13       5       9      10      19      10       0
  0.0000  0.0109  0.0436  0.0756  0.1787  0.1911  0.2890  0.5000
       9      13      15      13       5       9      10       0
 37   1   8  10
  0.0000  0.0109  0.0436  0.0756  0.1787  0.1911  0.2890  0.5000
       9      13      15      13       5       9      10       0
  0.0000  0.0109  0.1164  0.1396  0.1787  0.1911  0.2890  0.3087  0.3644  0.5000
       9      13      14      13       5       9      10      19      10       0
 37   2   8   9
  0.0000  0.0109  0.0436  0.0756  0.1787  0.1911  0.2890  0.5000
       9      13      15      13       5       9      10       0
  0.0000  0.0109  0.1164  0.1569  0.1887  0.2066  0.2329  0.2890  0.5000
       9      13      14       3       5      19       9      10       0
 37   3  10   9
  0.0000  0.0109  0.1164  0.1396  0.1787  0.1911  0.2890  0.3087  0.3644  0.5000
       9      13      14      13       5       9      10      19      10       0
  0.0000  0.0109  0.1164  0.1569  0.1604  0.1787  0.1911  0.2890  0.5000
       9      13      14       3      13       5       9      10       0
 37   4  11  10
  0.0000  0.0109  0.1164  0.1396  0.1787  0.1911  0.2890  0.4747  0.4916  0.4974
       9      13      14      13       5       9      10       5      10      19
  0.5000
       0
  0.0000  0.0109  0.1164  0.1396  0.1787  0.1911  0.2890  0.3087  0.3644  0.5000
       9      13      14      13       5       9      10      19      10       0
 37   5   8  10
  0.0000  0.0109  0.0632  0.0756  0.1787  0.1911  0.2890  0.5000
       9      13      15      13       5       9      10       0
  0.0000  0.0109  0.1164  0.1396  0.1787  0.1911  0.2890  0.3087  0.3644  0.5000
       9      13      14      13       5       9      10      19      10       0
 37   6  10  10
  0.0000  0.0109  0.1164  0.1396  0.1787  0.1911  0.2890  0.3087  0.3644  0.5000
       9      13      14      13       5       9      10      19      10       0
  0.0000  0.0109  0.0436  0.0756  0.1506  0.1527  0.1787  0.1911  0.2890  0.5000
       9      13      15      13      14      13       5       9      10       0
 37   7  11  12
  0.0000  0.0109  0.1164  0.1396  0.1787  0.1911  0.2890  0.4717  0.4916  0.4974
       9      13      14      13       5       9      10       5      10      19
  0.5000
       0
  0.0000  0.0109  0.0436  0.0756  0.1506  0.1527  0.1787  0.1911  0.2890  0.3087
       9      13      15      13      14      13       5       9      10      19
  0.3644  0.5000
      10       0
 37   8   6  10
  0.0000  0.0109  0.1787  0.1911  0.2890  0.5000
       9      13       5       9      10       0
  0.0000  0.0109  0.1164  0.1396  0.1787  0.1911  0.2890  0.3087  0.3644  0.5000
       9      13      14      13       5       9      10      19      10       0
 37   9   8  13
  0.0000  0.0109  0.0436  0.0756  0.1787  0.1911  0.2890  0.5000
       9      13      15      13       5       9      10       0
  0.0000  0.0109  0.0436  0.0756  0.1506  0.1527  0.1787  0.1911  0.2890  0.4747
       9      13      15      13      14      13       5       9      10       5
  0.4916  0.4974  0.5000
      10      19       0
 37  10  13  12
  0.0000  0.0109  0.1164  0.1396  0.1787  0.1911  0.2890  0.3087  0.3276  0.4747
       9      13      14      13       5       9      10      19      10       5
  0.4916  0.4974  0.5000
      10      19       0
  0.0000  0.0109  0.1164  0.1569  0.1887  0.2066  0.2329  0.2890  0.4477  0.4916
       9      13      14       3       5      19       9      10       5      10
  0.4974  0.5000
      19       0
 38   1   8   6
  0.0000  0.0109  0.0436  0.0756  0.1787  0.1911  0.2890  0.5000
       9      13      15      13       5       9      10       0
  0.0000  0.0109  0.1787  0.1911  0.2890  0.5000
       9      13       5       9      10       0
 38   2   9   8
  0.0000  0.0109  0.1164  0.1569  0.1604  0.1787  0.1911  0.2890  0.5000
       9      13      14       3      13       5       9      10       0
  0.0000  0.0109  0.0436  0.0756  0.1787  0.1911  0.2890  0.5000
       9      13      15      13       5       9      10       0
 38   3   8  10
  0.0000  0.0109  0.0436  0.0756  0.1787  0.1911  0.2890  0.5000
       9      13      15      13       5       9      10       0
  0.0000  0.0109  0.1164  0.1396  0.1787  0.1911  0.2890  0.3087  0.3644  0.5000
       9      13      14      13       5       9      10      19      10       0
 38   4   9  12
  0.0000  0.0109  0.1164  0.1569  0.1604  0.1787  0.1911  0.2890  0.5000
       9      13      14       3      13       5       9      10       0
  0.0000  0.0109  0.1164  0.1569  0.1887  0.2066  0.2329  0.2890  0.4477  0.4916
       9      13      14       3       5      19       9      10       5      10
  0.4974  0.5000
      19       0
 38   5   8   9
  0.0000  0.0109  0.0632  0.0756  0.1787  0.1911  0.2890  0.5000
       9      13      15      13       5       9      10       0
  0.0000  0.0109  0.1164  0.1569  0.1887  0.2066  0.2329  0.2890  0.5000
       9      13      14       3       5      19       9      10       0
 38   6  12  10
  0.0000  0.0109  0.1164  0.1569  0.1887  0.2066  0.2329  0.2890  0.4477  0.4916
       9      13      14       3       5      19       9      10       5      10
  0.4974  0.5000
      19       0
  0.0000  0.0109  0.0436  0.0756  0.1787  0.1911  0.2890  0.3472  0.3644  0.5000
       9      13      15      13       5       9      10      19      10       0
 38   7   9  11
  0.0000  0.0109  0.1164  0.1569  0.1887  0.2066  0.2329  0.2890  0.5000
       9      13      14       3       5      19       9      10       0
  0.0000  0.0109  0.1164  0.1396  0.1787  0.1911  0.2890  0.4717  0.4916  0.4974
       9      13      14      13       5       9      10       5      10      19
  0.5000
       0
 38   8  10  10
  0.0000  0.0109  0.1164  0.1396  0.1787  0.1911  0.2890  0.3087  0.3644  0.5000
       9      13      14      13       5       9      10      19      10       0
  0.0000  0.0109  0.1164  0.1396  0.1787  0.1911  0.2890  0.3566  0.3644  0.5000
       9      13      14      13       5       9      10      19      10       0
 38   9  10   9
  0.0000  0.0109  0.1164  0.1295  0.1506  0.1527  0.1787  0.1911  0.2890  0.5000
       9      13      14      13      14      13       5       9      10       0
  0.0000  0.0109  0.1164  0.1569  0.1887  0.2066  0.2329  0.2890  0.5000
       9      13      14       3       5      19       9      10       0
 38  10  11  10
  0.0000  0.0109  0.1164  0.1396  0.1787  0.1911  0.2890  0.4747  0.4916  0.4974
       9      13      14      13       5       9      10       5      10      19
  0.5000
       0
  0.0000  0.0109  0.1164  0.1396  0.1787  0.1911  0.2890  0.3087  0.3644  0.5000
       9      13      14      13       5       9      10      19      10       0
 39   1  12  10
  0.0000  0.0109  0.1164  0.1569  0.1887  0.2066  0.2329  0.2890  0.4477  0.4916
       9      13      14       3       5      19       9      10       5      10
  0.4974  0.5000
      19       0
  0.0000  0.0109  0.1164  0.1396  0.1787  0.1911  0.2890  0.3087  0.3644  0.5000
       9      13      14      13       5       9      10      19      10       0
 39   2   8  10
  0.0000  0.0109  0.1164  0.1396  0.1787  0.1911  0.2890  0.5000
       9      13      14      13       5       9      10       0
  0.0000  0.0109  0.1164  0.1396  0.1787  0.1911  0.2890  0.3566  0.3644  0.5000
       9      13      14      13       5       9      10      19      10       0
 39   3  10  12
  0.0000  0.0109  0.1164  0.1396  0.1787  0.1911  0.2890  0.3087  0.3644  0.5000
       9      13      14      13       5       9      10      19      10       0
  0.0000  0.0109  0.1164  0.1569  0.1887  0.2066  0.2329  0.2890  0.4477  0.4916
       9      13      14       3       5      19       9      10       5      10
  0.4974  0.5000
      19       0
 39   4   9   8
  0.0000  0.0109  0.1164  0.1569  0.1604  0.1787  0.1911  0.2890  0.5000
       9      13      14       3      13       5       9      10       0
  0.0000  0.0109  0.1164  0.1396  0.1787  0.1911  0.2890  0.5000
       9      13      14      13       5       9      10       0
 39   5   9   6
  0.0000  0.0109  0.1164  0.1569  0.1887  0.2066  0.2329  0.2890  0.5000
       9      13      14       3       5      19       9      10       0
  0.0000  0.0109  0.1787  0.1911  0.2890  0.5000
       9      13       5       9      10       0
 39   6  10  11
  0.0000  0.0109  0.1164  0.1295  0.1506  0.1527  0.1787  0.1911  0.2890  0.5000
       9      13      14      13      14      13       5       9      10       0
  0.0000  0.0109  0.1164  0.1396  0.1787  0.1911  0.2890  0.4747  0.4916  0.4974
       9      13      14      13       5       9      10       5      10      19
  0.5000
       0
 39   7  11   6
  0.0000  0.0109  0.1164  0.1396  0.1787  0.1911  0.2890  0.4747  0.4916  0.4974
       9      13      14      13       5       9      10       5      10      19
  0.5000
       0
  0.0000  0.0109  0.1787  0.1911  0.2890  0.5000
       9      13       5       9      10       0
 39   8  10  10
  0.0000  0.0109  0.1164  0.1396  0.1787  0.1911  0.2890  0.3087  0.3644  0.5000
       9      13      14      13       5       9      10      19      10       0
  0.0000  0.0109  0.1164  0.1396  0.1787  0.1911  0.2890  0.3087  0.3644  0.5000
       9      13      14      13       5       9      10      19      10       0
 39   9  10  10
  0.0000  0.0109  0.1164  0.1396  0.1787  0.1911  0.2890  0.3087  0.3644  0.5000
       9      13      14      13       5       9      10      19      10       0
  0.0000  0.0109  0.0436  0.0756  0.1787  0.1911  0.2890  0.3472  0.3644  0.5000
       9      13      15      13       5       9      10      19      10       0
 39  10   9   9
  0.0000  0.0109  0.1164  0.1569  0.1887  0.2066  0.2329  0.2890  0.5000
       9      13      14       3       5      19       9      10       0
  0.0000  0.0109  0.1164  0.1569  0.1604  0.1787  0.1911  0.2890  0.5000
       9      13      14       3      13       5       9      10       0
 40   1   9  12
  0.0000  0.0109  0.1787  0.1911  0.2890  0.4747  0.4916  0.4974  0.5000
       9      13       5       9      10       5      10      19       0
  0.0000  0.0109  0.1164  0.1569  0.1887  0.2066  0.2329  0.2890  0.4477  0.4916
       9      13      14       3       5      19       9      10       5      10
  0.4974  0.5000
      19       0
 40   2  12   9
  0.0000  0.0109  0.1164  0.1569  0.1887  0.2066  0.2329  0.2890  0.4876  0.4916
       9      13      14       3       5      19       9      10       5      10
  0.4974  0.5000
      19       0
  0.0000  0.0109  0.1787  0.1911  0.2890  0.4747  0.4916  0.4974  0.5000
       9      13       5       9      10       5      10      19       0
 40   3   6   9
  0.0000  0.0109  0.1787  0.1911  0.2890  0.5000
       9      13       5       9      10       0
  0.0000  0.0109  0.1164  0.1569  0.1887  0.2066  0.2329  0.2890  0.5000
       9      13      14       3       5      19       9      10       0
 40   4  13   6
  0.0000  0.0109  0.1164  0.1396  0.1787  0.1911  0.2890  0.3087  0.3644  0.4477
       9      13      14      13       5       9      10      19      10       5
  0.4916  0.4974  0.5000
      10      19       0
  0.0000  0.0109  0.1787  0.1911  0.2890  0.5000
       9      13       5       9      10       0
 40   5  10   9
  0.0000  0.0109  0.1164  0.1396  0.1787  0.1911  0.2890  0.3087  0.3644  0.5000
       9      13      14      13       5       9      10      19      10       0
  0.0000  0.0109  0.1164  0.1569  0.1604  0.1787  0.1911  0.2890  0.5000
       9      13      14       3      13       5       9      10       0
 40   6  10  11
  0.0000  0.0109  0.1164  0.1396  0.1787  0.1911  0.2890  0.3087  0.3644  0.5000
       9      13      14      13       5       9      10      19      10       0
  0.0000  0.0109  0.1164  0.1569  0.1887  0.2066  0.2329  0.2890  0.3506  0.3644
       9      13      14       3       5      19       9      10      19      10
  0.5000
       0
 40   7   8  10
  0.0000  0.0109  0.1164  0.1396  0.1787  0.1911  0.2890  0.5000
       9      13      14      13       5       9      10       0
  0.0000  0.0109  0.1164  0.1396  0.1787  0.1911  0.2890  0.3087  0.3644  0.5000
       9      13      14      13       5       9      10      19      10       0
 40   8  10  13
  0.0000  0.0109  0.1164  0.1295  0.1506  0.1527  0.1787  0.1911  0.2890  0.5000
       9      13      14      13      14      13       5       9      10       0
  0.0000  0.0109  0.1164  0.1396  0.1787  0.1911  0.2182  0.2329  0.2890  0.4477
       9      13      14      13       5       9      19       9      10       5
  0.4916  0.4974  0.5000
      10      19       0
 40   9  11  10
  0.0000  0.0109  0.1164  0.1569  0.1785  0.1787  0.1911  0.2890  0.3087  0.3644
       9      13      14       3      13       5       9      10      19      10
  0.5000
       0
  0.0000  0.0109  0.0436  0.0756  0.1787  0.1911  0.2890  0.3088  0.3644  0.5000
       9      13      15      13       5       9      10      19      10       0
 40  10  10  11
  0.0000  0.0109  0.1164  0.1396  0.1787  0.1911  0.2890  0.3087  0.3644  0.5000
       9      13      14      13       5       9      10      19      10       0
  0.0000  0.0109  0.1164  0.1396  0.1787  0.1911  0.2890  0.4747  0.4916  0.4974
       9      13      14      13       5       9      10       5      10      19
  0.5000
       0
