 ... generation ...    0
   1   0   0   2   2   2   2
  0.0000  1.0000
       1    ****
  0.0000  1.0000
       2    ****
  0.0000  1.0000
       0    ****
  0.0000  1.0000
       0    ****
   2   0   0   2   2   2   2
  0.0000  1.0000
       3    ****
  0.0000  1.0000
       4    ****
  0.0000  1.0000
       0    ****
  0.0000  1.0000
       0    ****
   3   0   0   2   2   2   2
  0.0000  1.0000
       5    ****
  0.0000  1.0000
       6    ****
  0.0000  1.0000
       0    ****
  0.0000  1.0000
       0    ****
   4   0   0   2   2   2   2
  0.0000  1.0000
       7    ****
  0.0000  1.0000
       8    ****
  0.0000  1.0000
       0    ****
  0.0000  1.0000
       0    ****
 ... generation ...    1
   1   1   1   2   4   2   2
  0.0000  1.0000
       1    ****
  0.0000  0.3071  0.9739  1.0000
       1       2       1    ****
  0.0000  1.0000
       0    ****
  0.0000  1.0000
       0    ****
   2   2   1   5   3   5   2
  0.0000  0.3873  0.8186  0.8870  1.0000
       3       4       3       4    ****
  0.0000  0.2626  1.0000
       2       1    ****
  0.0000  0.3873  0.8186  0.8870  1.0000
       1      -1       1      -1    ****
  0.0000  1.0000
       0    ****
   3   3   4   2   2   2   2
  0.0000  1.0000
       5    ****
  0.0000  1.0000
       8    ****
  0.0000  1.0000
       0    ****
  0.0000  1.0000
       0    ****
   4   1   3   2   2   2   2
  0.0000  1.0000
       1    ****
  0.0000  1.0000
       6    ****
  0.0000  1.0000
       0    ****
  0.0000  1.0000
       0    ****
 ... generation ...    2
   1   3   2   3   5   2   5
  0.0000  0.8315  1.0000
       8       5    ****
  0.0000  0.3873  0.8186  0.8870  1.0000
       3       4       3       4    ****
  0.0000  1.0000
       0    ****
  0.0000  0.3873  0.8186  0.8870  1.0000
       1       0       1       0    ****
   2   2   1   4   4   5   2
  0.0000  0.3873  0.4006  1.0000
       3       4       1    ****
  0.0000  0.4145  0.9739  1.0000
       1       2       1    ****
  0.0000  0.3873  0.8186  0.8870  1.0000
       1       0      -1       0    ****
  0.0000  1.0000
       0    ****
   3   1   2   4   5   2   5
  0.0000  0.6518  0.9739  1.0000
       1       2       1    ****
  0.0000  0.3873  0.8186  0.8870  1.0000
       3       4       3       4    ****
  0.0000  1.0000
       0    ****
  0.0000  0.3873  0.8186  0.8870  1.0000
       1       0       1       0    ****
   4   1   2   4   5   2   5
  0.0000  0.3071  0.6527  1.0000
       1       2       1    ****
  0.0000  0.3873  0.8186  0.8870  1.0000
       3       4       3       4    ****
  0.0000  1.0000
       0    ****
  0.0000  0.3873  0.8186  0.8870  1.0000
       1       0       1       0    ****
 ... generation ...    3
   1   1   4   5   6   5   5
  0.0000  0.6129  0.8186  0.8870  1.0000
       8       4       3       4    ****
  0.0000  0.3071  0.6487  0.8186  0.8870  1.0000
       1       2       4       3       4    ****
  0.0000  0.3873  0.8186  0.8870  1.0000
      -1       0       1       0    ****
  0.0000  0.3873  0.8186  0.8870  1.0000
      -1       0       1       0    ****
   2   2   4   5   6   4   6
  0.0000  0.2742  0.3873  0.4006  1.0000
       1       3       4       1    ****
  0.0000  0.1963  0.3873  0.8186  0.8870  1.0000
       1       3       4       3       4    ****
  0.0000  0.2742  0.3873  1.0000
      -1       1       0    ****
  0.0000  0.1963  0.3873  0.8186  0.8870  1.0000
      -1       1       0       1       0    ****
   3   4   3   4   4   5   5
  0.0000  0.3873  0.7491  1.0000
       3       4       1    ****
  0.0000  0.6518  0.9739  1.0000
       1       2       1    ****
  0.0000  0.3873  0.8186  0.8870  1.0000
       1       0      -1       0    ****
  0.0000  0.3873  0.8186  0.8870  1.0000
      -1       0      -1       0    ****
   4   3   4   5   5   5   5
  0.0000  0.3873  0.8186  0.8870  1.0000
       3       4       3       4    ****
  0.0000  0.3873  0.8186  0.8870  1.0000
       3       4       3       4    ****
  0.0000  0.3873  0.8186  0.8870  1.0000
       1       0       1       0    ****
  0.0000  0.3873  0.8186  0.8870  1.0000
       1       0       1       0    ****
 ... generation ...    4
   1   3   2   6   8   3   7
  0.0000  0.3873  0.5446  0.6518  0.9739  1.0000
       3       4       1       2       1    ****
  0.0000  0.1963  0.1969  0.2742  0.3873  0.8186  0.8870  1.0000
       1       3       1       3       4       3       4    ****
  0.0000  0.3873  1.0000
       1       0    ****
  0.0000  0.1963  0.1969  0.2742  0.8186  0.8870  1.0000
       0       1      -1       0       1       0    ****
   2   4   4   5   5   2   2
  0.0000  0.3873  0.8186  0.8870  1.0000
       3       4       3       4    ****
  0.0000  0.3873  0.8186  0.8870  1.0000
       3       4       3       4    ****
  0.0000  1.0000
       0    ****
  0.0000  1.0000
       0    ****
   3   3   3   4   5   3   4
  0.0000  0.6518  0.9739  1.0000
       1       2       1    ****
  0.0000  0.2699  0.4579  0.7491  1.0000
       3       1       4       1    ****
  0.0000  0.3873  1.0000
      -1       0    ****
  0.0000  0.2699  0.3873  1.0000
       1      -1       0    ****
   4   1   2   5   6   2   6
  0.0000  0.6129  0.8186  0.8870  1.0000
       8       4       3       4    ****
  0.0000  0.1963  0.3873  0.8186  0.8870  1.0000
       1       3       4       3       4    ****
  0.0000  1.0000
       0    ****
  0.0000  0.1963  0.2742  0.8186  0.8870  1.0000
       0       1       0       1       0    ****
 ... generation ...    5
   1   3   2   6   5   4   2
  0.0000  0.0309  0.2699  0.4579  0.7491  1.0000
       1       3       1       4       1    ****
  0.0000  0.3873  0.8186  0.8870  1.0000
       3       4       3       4    ****
  0.0000  0.0309  0.2699  1.0000
      -1       1       0    ****
  0.0000  1.0000
       0    ****
   2   2   2   5   5   2   2
  0.0000  0.3873  0.8186  0.8870  1.0000
       3       4       3       4    ****
  0.0000  0.3873  0.8186  0.8870  1.0000
       3       4       3       4    ****
  0.0000  1.0000
       0    ****
  0.0000  1.0000
       0    ****
   3   2   1   5   5   2   7
  0.0000  0.3873  0.8186  0.8870  1.0000
       3       4       3       4    ****
  0.0000  0.3873  0.8186  0.8870  1.0000
       3       4       3       4    ****
  0.0000  1.0000
       0    ****
  0.0000  0.1963  0.1969  0.2742  0.8186  0.8870  1.0000
       1       0       1       0       1       0    ****
   4   3   4   7   6   4   4
  0.0000  0.2291  0.5897  0.5976  0.6518  0.9739  1.0000
       3       1       4       1       2       1    ****
  0.0000  0.1963  0.3873  0.8186  0.8870  1.0000
       1       3       4       3       4    ****
  0.0000  0.2291  0.2699  1.0000
       1      -1       0    ****
  0.0000  0.1963  0.3873  1.0000
       0       1       0    ****
 ... generation ...    6
   1   3   1   5   5   2   7
  0.0000  0.3873  0.8186  0.8870  1.0000
       3       4       3       4    ****
  0.0000  0.2699  0.4579  0.7491  1.0000
       3       1       4       1    ****
  0.0000  1.0000
       0    ****
  0.0000  0.0309  0.2699  0.3873  0.8186  0.8870  1.0000
       1       0      -1       0      -1       0    ****
   2   4   4   7   9   8   7
  0.0000  0.1311  0.1963  0.3873  0.8186  0.8870  1.0000
       3       1       3       4       3       4    ****
  0.0000  0.2291  0.5897  0.5976  0.6518  0.6815  0.8186  0.8870  1.0000
       3       1       4       1       2       4       3       4    ****
  0.0000  0.1311  0.1963  0.2291  0.3873  0.8186  0.8870  1.0000
       1      -1       0       1       0       1       0    ****
  0.0000  0.1963  0.2291  0.3873  0.8186  0.8870  1.0000
       1       0      -1       0       1       0    ****
   3   1   4   6   8   7   7
  0.0000  0.0309  0.2699  0.4579  0.7491  1.0000
       1       3       1       4       1    ****
  0.0000  0.2291  0.5897  0.5976  0.6377  0.8186  0.8870  1.0000
       3       1       4       1       4       3       4    ****
  0.0000  0.0309  0.2699  0.3873  0.8186  0.8870  1.0000
      -1       0      -1       0      -1       0    ****
  0.0000  0.1963  0.2291  0.3873  0.8186  0.8870  1.0000
       1       0      -1       0       1       0    ****
   4   2   1   5   6   2   7
  0.0000  0.3873  0.8186  0.8870  1.0000
       3       4       3       4    ****
  0.0000  0.0309  0.2699  0.4579  0.7491  1.0000
       1       3       1       4       1    ****
  0.0000  1.0000
       0    ****
  0.0000  0.0309  0.2699  0.3873  0.8186  0.8870  1.0000
      -1       0      -1       0      -1       0    ****
 ... generation ...    7
   1   3   1   9   5   7   7
  0.0000  0.0309  0.2291  0.5897  0.5976  0.6377  0.8186  0.8870  1.0000
       1       3       1       4       1       4       3       4    ****
  0.0000  0.3873  0.8186  0.8205  1.0000
       3       4       3       1    ****
  0.0000  0.0309  0.2291  0.2699  0.8186  0.8870  1.0000
      -1       0      -1       0       1       0    ****
  0.0000  0.2699  0.3873  0.8186  0.8205  0.8870  1.0000
       0       1       0       1      -1       0    ****
   2   2   2   9  10   6   6
  0.0000  0.2291  0.5897  0.5976  0.6518  0.6815  0.8186  0.8870  1.0000
       3       1       4       1       2       4       3       4    ****
  0.0000  0.1311  0.1963  0.3873  0.6095  0.6518  0.6815  0.8186  0.8870  1.0000
       3       1       3       4       1       2       4       3       4    ****
  0.0000  0.1311  0.1963  0.2291  0.3873  1.0000
       0       1       0      -1       0    ****
  0.0000  0.1311  0.1963  0.2291  0.3873  1.0000
       0      -1       0       1       0    ****
   3   4   1   5   7   7   8
  0.0000  0.3873  0.8186  0.8870  1.0000
       3       4       3       4    ****
  0.0000  0.2720  0.4579  0.7491  0.8746  0.8870  1.0000
       3       1       4       1       3       4    ****
  0.0000  0.0309  0.2699  0.3873  0.8186  0.8870  1.0000
       1       0       1       0       1       0    ****
  0.0000  0.2699  0.2720  0.3873  0.8186  0.8746  0.8870  1.0000
       0       1      -1       0      -1       1       0    ****
   4   1   4   5   5   7   7
  0.0000  0.2917  0.4579  0.7491  1.0000
       3       1       4       1    ****
  0.0000  0.3873  0.8186  0.8870  1.0000
       3       4       3       4    ****
  0.0000  0.2699  0.2917  0.3873  0.8186  0.8870  1.0000
       0       1      -1       0      -1       0    ****
  0.0000  0.0309  0.2699  0.3873  0.8186  0.8870  1.0000
       1       0       1       0       1       0    ****
 ... generation ...    8
   1   1   4   9   5   7   6
  0.0000  0.3873  0.5782  0.5897  0.5976  0.6377  0.8186  0.8870  1.0000
       3       4       1       4       1       4       3       4    ****
  0.0000  0.3873  0.8186  0.8870  1.0000
       3       4       3       4    ****
  0.0000  0.0309  0.2291  0.3873  0.8205  0.8870  1.0000
       1       0       1       0       1       0    ****
  0.0000  0.2917  0.3873  0.8186  0.8870  1.0000
       0       1       0       1       0    ****
   2   1   3   5   7   7   6
  0.0000  0.3873  0.8186  0.8205  1.0000
       3       4       3       1    ****
  0.0000  0.2720  0.4579  0.7491  0.8746  0.8870  1.0000
       3       1       4       1       3       4    ****
  0.0000  0.0309  0.2291  0.3873  0.8205  0.8870  1.0000
       1       0       1       0      -1       0    ****
  0.0000  0.2720  0.3873  0.8186  0.8746  1.0000
       0      -1       0      -1       0    ****
   3   2   3  10   5   6   6
  0.0000  0.1311  0.1963  0.3873  0.6095  0.6518  0.6815  0.8186  0.8870  1.0000
       3       1       3       4       1       2       4       3       4    ****
  0.0000  0.3873  0.8186  0.8870  1.0000
       3       4       3       4    ****
  0.0000  0.1311  0.1963  0.2291  0.3873  1.0000
       0      -1       0       1       0    ****
  0.0000  0.2720  0.3873  0.8186  0.8746  1.0000
       0       1       0       1       0    ****
   4   1   2   5  11   7   7
  0.0000  0.3873  0.8186  0.8870  1.0000
       3       4       3       4    ****
  0.0000  0.1311  0.1963  0.3550  0.5897  0.5976  0.6518  0.6815  0.8186  0.8870
       3       1       3       1       4       1       2       4       3       4
  1.0000
    ****
  0.0000  0.0309  0.2291  0.3873  0.8205  0.8870  1.0000
       1       0       1       0       1       0    ****
  0.0000  0.1311  0.1963  0.2291  0.3550  0.3873  1.0000
       0      -1       0       1      -1       0    ****
 ... generation ...    9
   1   3   3  10   5   4   4
  0.0000  0.1311  0.1963  0.3873  0.6095  0.6518  0.6815  0.8186  0.8870  1.0000
       3       1       3       4       1       2       4       3       4    ****
  0.0000  0.3873  0.8186  0.8870  1.0000
       3       4       3       4    ****
  0.0000  0.1311  0.1963  1.0000
       0      -1       0    ****
  0.0000  0.1311  0.1963  1.0000
       0       1       0    ****
   2   2   1   6   5   8   2
  0.0000  0.3873  0.7491  0.8746  0.8870  1.0000
       3       4       1       3       4    ****
  0.0000  0.3873  0.8186  0.8870  1.0000
       3       4       3       4    ****
  0.0000  0.2720  0.3873  0.8186  0.8205  0.8746  0.8870  1.0000
       0       1       0      -1       0       1       0    ****
  0.0000  1.0000
       0    ****
   3   2   4   9   5   9   6
  0.0000  0.2720  0.3061  0.3873  0.7491  0.8746  0.8870  0.9069  1.0000
       3       1       3       4       1       3       4       1    ****
  0.0000  0.3873  0.8186  0.8870  1.0000
       3       4       3       4    ****
  0.0000  0.2720  0.3061  0.3873  0.8186  0.8205  0.8746  0.8870  1.0000
       0      -1       1       0      -1       0       1       0    ****
  0.0000  0.1311  0.1963  0.3550  0.3873  1.0000
       0       1       0       1       0    ****
   4   3   3   8   8   4   4
  0.0000  0.3873  0.6095  0.6518  0.6815  0.8186  0.8870  1.0000
       3       4       1       2       4       3       4    ****
  0.0000  0.3873  0.6095  0.6518  0.6815  0.8186  0.8870  1.0000
       3       4       1       2       4       3       4    ****
  0.0000  0.1311  0.1963  1.0000
       0       1       0    ****
  0.0000  0.1311  0.1963  1.0000
       0       1       0    ****
 ... generation ...   10
   1   2   2   6   6   4   4
  0.0000  0.3873  0.7491  0.8746  0.8870  1.0000
       3       4       1       3       4    ****
  0.0000  0.3873  0.7491  0.8746  0.8870  1.0000
       3       4       1       3       4    ****
  0.0000  0.8186  0.8746  1.0000
       0      -1       0    ****
  0.0000  0.8186  0.8746  1.0000
       0      -1       0    ****
   2   2   2   5   5   4   4
  0.0000  0.3873  0.8186  0.8870  1.0000
       3       4       3       4    ****
  0.0000  0.3873  0.8186  0.8870  1.0000
       3       4       3       4    ****
  0.0000  0.8186  0.8746  1.0000
       0       1       0    ****
  0.0000  0.8186  0.8746  1.0000
       0       1       0    ****
   3   4   1   8  10   2   4
  0.0000  0.3873  0.6095  0.6518  0.6815  0.8186  0.8870  1.0000
       3       4       1       2       4       3       4    ****
  0.0000  0.1311  0.1963  0.3873  0.6095  0.6518  0.6815  0.8186  0.8870  1.0000
       3       1       3       4       1       2       4       3       4    ****
  0.0000  1.0000
       0    ****
  0.0000  0.1311  0.1963  1.0000
       0      -1       0    ****
   4   4   3   8   9   2   6
  0.0000  0.3873  0.6095  0.6518  0.6815  0.8186  0.8870  1.0000
       3       4       1       2       4       3       4    ****
  0.0000  0.2720  0.3061  0.3873  0.7491  0.8746  0.8870  0.9069  1.0000
       3       1       3       4       1       3       4       1    ****
  0.0000  1.0000
       0    ****
  0.0000  0.2720  0.3061  0.8186  0.8746  1.0000
       0      -1       0      -1       0    ****
