 ... generation ...    0
   1   0   0   2   2   2   2
  0.0000  1.0000
       1    ****
  0.0000  1.0000
       2    ****
  0.0000  1.0000
       0    ****
  0.0000  1.0000
       0    ****
   2   0   0   2   2   2   2
  0.0000  1.0000
       3    ****
  0.0000  1.0000
       4    ****
  0.0000  1.0000
       0    ****
  0.0000  1.0000
       0    ****
   3   0   0   2   2   2   2
  0.0000  1.0000
       5    ****
  0.0000  1.0000
       6    ****
  0.0000  1.0000
       0    ****
  0.0000  1.0000
       0    ****
   4   0   0   2   2   2   2
  0.0000  1.0000
       7    ****
  0.0000  1.0000
       8    ****
  0.0000  1.0000
       0    ****
  0.0000  1.0000
       0    ****
 ... generation ...    1
   1   2   2   3   3   3   3
  0.0000  0.0727  1.0000
       4       3    ****
  0.0000  0.3489  1.0000
       3       4    ****
  0.0000  0.0727  1.0000
      -1       1    ****
  0.0000  0.3489  1.0000
       1      -1    ****
   2   1   3   3   2   2   2
  0.0000  0.5439  1.0000
       1       2    ****
  0.0000  1.0000
       5    ****
  0.0000  1.0000
       0    ****
  0.0000  1.0000
       0    ****
   3   2   2   3   4   3   4
  0.0000  0.7276  1.0000
       3       4    ****
  0.0000  0.1267  0.5299  1.0000
       3       4       3    ****
  0.0000  0.7276  1.0000
       1      -1    ****
  0.0000  0.1267  0.5299  1.0000
       1      -1       1    ****
   4   2   3   3   3   3   2
  0.0000  0.4822  1.0000
       3       4    ****
  0.0000  0.8308  1.0000
       6       5    ****
  0.0000  0.4822  1.0000
       1      -1    ****
  0.0000  1.0000
       0    ****
 ... generation ...    2
   1   1   4   3   3   5   3
  0.0000  0.6172  1.0000
       3       4    ****
  0.0000  0.8308  1.0000
       6       5    ****
  0.0000  0.0727  0.3489  0.6172  1.0000
       1       0       1      -1    ****
  0.0000  0.4822  1.0000
      -1       0    ****
   2   2   4   3   5   2   3
  0.0000  0.5439  1.0000
       1       2    ****
  0.0000  0.4822  0.6956  0.8308  1.0000
       3       4       6       5    ****
  0.0000  1.0000
       0    ****
  0.0000  0.4822  1.0000
       1       0    ****
   3   4   4   4   6   4   4
  0.0000  0.0874  0.8308  1.0000
       3       6       5    ****
  0.0000  0.1516  0.4822  0.7839  0.8308  1.0000
       6       3       4       6       5    ****
  0.0000  0.0874  0.4822  1.0000
       1      -1       0    ****
  0.0000  0.1516  0.4822  1.0000
      -1       1       0    ****
   4   4   2   4   4   4   2
  0.0000  0.4778  0.8308  1.0000
       3       6       5    ****
  0.0000  0.4793  0.5439  1.0000
       5       1       2    ****
  0.0000  0.4778  0.4822  1.0000
       1      -1       0    ****
  0.0000  1.0000
       0    ****
 ... generation ...    3
   1   4   2   4   4   3   4
  0.0000  0.4793  0.5439  1.0000
       5       1       2    ****
  0.0000  0.0704  0.5439  1.0000
       3       1       2    ****
  0.0000  0.4778  1.0000
      -1       0    ****
  0.0000  0.0704  0.4822  1.0000
       1      -1       0    ****
   2   2   1   4   3   3   3
  0.0000  0.4822  0.5643  1.0000
       3       4       2    ****
  0.0000  0.6172  1.0000
       3       4    ****
  0.0000  0.4822  1.0000
       1       0    ****
  0.0000  0.6172  1.0000
       1       0    ****
   3   1   2   3   7   3   5
  0.0000  0.6172  1.0000
       3       4    ****
  0.0000  0.1174  0.3157  0.5439  0.8143  0.8308  1.0000
       1       3       1       2       6       5    ****
  0.0000  0.6172  1.0000
       1       0    ****
  0.0000  0.1174  0.3157  0.4822  1.0000
      -1       1      -1       0    ****
   4   2   1   5   3   3   3
  0.0000  0.4822  0.6956  0.8308  1.0000
       3       4       6       5    ****
  0.0000  0.6172  1.0000
       3       4    ****
  0.0000  0.4822  1.0000
       1       0    ****
  0.0000  0.6172  1.0000
       1       0    ****
 ... generation ...    4
   1   2   2   3   3   4   4
  0.0000  0.6172  1.0000
       3       4    ****
  0.0000  0.6172  1.0000
       3       4    ****
  0.0000  0.4822  0.6172  1.0000
       0       1       0    ****
  0.0000  0.4822  0.6172  1.0000
       0       1       0    ****
   2   3   2   6   3   6   4
  0.0000  0.3462  0.5439  0.8143  0.8308  1.0000
       3       1       2       6       5    ****
  0.0000  0.6172  1.0000
       3       4    ****
  0.0000  0.1174  0.3157  0.3462  0.6172  1.0000
       1       0       1      -1       0    ****
  0.0000  0.4822  0.6172  1.0000
       0       1       0    ****
   3   2   1   3   4   4   3
  0.0000  0.6172  1.0000
       3       4    ****
  0.0000  0.3222  0.5439  1.0000
       5       1       2    ****
  0.0000  0.4822  0.6172  1.0000
       0       1       0    ****
  0.0000  0.0704  1.0000
      -1       0    ****
   4   3   2   6   6   6   5
  0.0000  0.4459  0.5439  0.8143  0.8308  1.0000
       3       1       2       6       5    ****
  0.0000  0.4822  0.5643  0.5748  0.6172  1.0000
       3       4       2       3       4    ****
  0.0000  0.1174  0.3157  0.4459  0.6172  1.0000
       1       0       1      -1       0    ****
  0.0000  0.4822  0.5748  0.6172  1.0000
       0      -1       1       0    ****
 ... generation ...    5
   1   4   3   6   3   6   3
  0.0000  0.4459  0.5439  0.8143  0.8308  1.0000
       3       1       2       6       5    ****
  0.0000  0.6172  1.0000
       3       4    ****
  0.0000  0.4459  0.4822  0.5748  0.6172  1.0000
       0      -1       0      -1       0    ****
  0.0000  0.6172  1.0000
       1       0    ****
   2   3   1   3   3   3   2
  0.0000  0.6172  1.0000
       3       4    ****
  0.0000  0.6172  1.0000
       3       4    ****
  0.0000  0.6172  1.0000
       1       0    ****
  0.0000  1.0000
       0    ****
   3   4   1   8   3   6   2
  0.0000  0.4459  0.5439  0.6948  0.7065  0.8143  0.8308  1.0000
       3       1       2       4       2       6       5    ****
  0.0000  0.6172  1.0000
       3       4    ****
  0.0000  0.4459  0.4822  0.5748  0.6172  1.0000
       0      -1       0      -1       0    ****
  0.0000  1.0000
       0    ****
   4   3   4   7   6   4   6
  0.0000  0.3172  0.3222  0.5439  0.8065  0.8560  1.0000
       3       5       1       2       4       2    ****
  0.0000  0.4822  0.5643  0.5748  0.6172  1.0000
       3       4       2       3       4    ****
  0.0000  0.3172  0.6172  1.0000
       1      -1       0    ****
  0.0000  0.4459  0.4822  0.5748  0.6172  1.0000
       0       1       0       1       0    ****
 ... generation ...    6
   1   4   4   9   9   6   6
  0.0000  0.4822  0.5643  0.5748  0.6172  0.6491  0.8065  0.8560  1.0000
       3       4       2       3       4       2       4       2    ****
  0.0000  0.4822  0.5643  0.5748  0.6172  0.6987  0.8065  0.8560  1.0000
       3       4       2       3       4       2       4       2    ****
  0.0000  0.3172  0.4822  0.5748  0.6172  1.0000
       0       1       0       1       0    ****
  0.0000  0.3172  0.4822  0.5748  0.6172  1.0000
       0       1       0       1       0    ****
   2   1   1   5   5   4   4
  0.0000  0.4459  0.5439  0.7070  1.0000
       3       1       2       4    ****
  0.0000  0.4459  0.5439  0.6715  1.0000
       3       1       2       4    ****
  0.0000  0.4459  0.6172  1.0000
       0      -1       0    ****
  0.0000  0.4459  0.6172  1.0000
       0      -1       0    ****
   3   4   3   7   3   6   4
  0.0000  0.3172  0.3222  0.5439  0.8065  0.8560  1.0000
       3       5       1       2       4       2    ****
  0.0000  0.6172  1.0000
       3       4    ****
  0.0000  0.3172  0.4822  0.5748  0.6172  1.0000
       0      -1       0      -1       0    ****
  0.0000  0.4459  0.6172  1.0000
       0       1       0    ****
   4   2   2   3   3   2   2
  0.0000  0.6172  1.0000
       3       4    ****
  0.0000  0.6172  1.0000
       3       4    ****
  0.0000  1.0000
       0    ****
  0.0000  1.0000
       0    ****
 ... generation ...    7
   1   3   1   7  11   5   2
  0.0000  0.3349  0.5439  0.8065  0.8560  0.9036  1.0000
       3       1       2       4       2       4    ****
  0.0000  0.4822  0.5643  0.5748  0.6172  0.6491  0.6704  0.6987  0.8065  0.8560
       3       4       2       3       4       2       4       2       4       2
  1.0000
    ****
  0.0000  0.3172  0.3349  0.6172  1.0000
       0       1      -1       0    ****
  0.0000  1.0000
       0    ****
   2   2   4   5   3   2   2
  0.0000  0.4459  0.5439  0.7070  1.0000
       3       1       2       4    ****
  0.0000  0.6172  1.0000
       3       4    ****
  0.0000  1.0000
       0    ****
  0.0000  1.0000
       0    ****
   3   2   4   5   3   2   2
  0.0000  0.4459  0.5439  0.6715  1.0000
       3       1       2       4    ****
  0.0000  0.6172  1.0000
       3       4    ****
  0.0000  1.0000
       0    ****
  0.0000  1.0000
       0    ****
   4   1   3   9   7   2   4
  0.0000  0.4822  0.5643  0.5748  0.6172  0.6987  0.8065  0.8560  1.0000
       3       4       2       3       4       2       4       2    ****
  0.0000  0.3172  0.3222  0.5439  0.8065  0.8560  1.0000
       3       5       1       2       4       2    ****
  0.0000  1.0000
       0    ****
  0.0000  0.3172  0.6172  1.0000
       0      -1       0    ****
 ... generation ...    8
   1   4   3   7   6   6   5
  0.0000  0.3172  0.3222  0.5439  0.8065  0.8560  1.0000
       3       5       1       2       4       2    ****
  0.0000  0.4459  0.5439  0.5821  0.6172  1.0000
       3       1       2       3       4    ****
  0.0000  0.3172  0.4822  0.5748  0.6172  1.0000
       0      -1       0      -1       0    ****
  0.0000  0.4459  0.5821  0.6172  1.0000
       0      -1       1       0    ****
   2   2   2   3   3   4   4
  0.0000  0.6172  1.0000
       3       4    ****
  0.0000  0.6172  1.0000
       3       4    ****
  0.0000  0.4459  0.6172  1.0000
       0       1       0    ****
  0.0000  0.4459  0.6172  1.0000
       0       1       0    ****
   3   2   2   5   7   4   6
  0.0000  0.4459  0.5439  0.7070  1.0000
       3       1       2       4    ****
  0.0000  0.4459  0.5026  0.5253  0.5439  0.7070  1.0000
       3       1       3       1       2       4    ****
  0.0000  0.4459  0.6172  1.0000
       0      -1       0    ****
  0.0000  0.4459  0.5026  0.5253  0.6172  1.0000
       0      -1       1      -1       0    ****
   4   2   1   3  13   4   6
  0.0000  0.6172  1.0000
       3       4    ****
  0.0000  0.4822  0.5643  0.5748  0.6172  0.6491  0.6704  0.6987  0.8065  0.8560
       3       4       2       3       4       2       4       2       4       2
  0.9036  0.9426  1.0000
       4       2    ****
  0.0000  0.4459  0.6172  1.0000
       0       1       0    ****
  0.0000  0.3349  0.4822  0.5748  0.6172  1.0000
       0       1       0       1       0    ****
 ... generation ...    9
   1   3   4   5   6   4   4
  0.0000  0.4459  0.5439  0.7070  1.0000
       3       1       2       4    ****
  0.0000  0.4822  0.5643  0.5748  0.6172  1.0000
       3       4       2       3       4    ****
  0.0000  0.5026  0.5253  1.0000
       0      -1       0    ****
  0.0000  0.4822  0.5748  1.0000
       0      -1       0    ****
   2   1   2   6   3   6   2
  0.0000  0.3172  0.3222  0.5439  0.8065  1.0000
       3       5       1       2       4    ****
  0.0000  0.6172  1.0000
       3       4    ****
  0.0000  0.3172  0.4459  0.5821  0.6172  1.0000
       0      -1       0      -1       0    ****
  0.0000  1.0000
       0    ****
   3   1   3   7   5   6   4
  0.0000  0.3172  0.3222  0.5439  0.8065  0.8560  1.0000
       3       5       1       2       4       2    ****
  0.0000  0.4459  0.5439  0.7070  1.0000
       3       1       2       4    ****
  0.0000  0.3172  0.4459  0.5821  0.6172  1.0000
       0      -1       0      -1       0    ****
  0.0000  0.5026  0.5253  1.0000
       0      -1       0    ****
   4   2   2   3   3   2   2
  0.0000  0.6172  1.0000
       3       4    ****
  0.0000  0.6172  1.0000
       3       4    ****
  0.0000  1.0000
       0    ****
  0.0000  1.0000
       0    ****
 ... generation ...   10
   1   2   4   5   3   5   2
  0.0000  0.5318  0.5439  0.8065  1.0000
       3       1       2       4    ****
  0.0000  0.6172  1.0000
       3       4    ****
  0.0000  0.3172  0.5318  0.6172  1.0000
       0       1      -1       0    ****
  0.0000  1.0000
       0    ****
   2   2   1   8   6   4   8
  0.0000  0.3172  0.3222  0.5439  0.7284  0.7567  0.8065  1.0000
       3       5       1       2       4       2       4    ****
  0.0000  0.4582  0.5439  0.5857  0.6172  1.0000
       3       1       2       3       4    ****
  0.0000  0.3172  0.6172  1.0000
       0      -1       0    ****
  0.0000  0.4459  0.4582  0.4822  0.5748  0.5857  0.6172  1.0000
       0       1      -1       0      -1       1       0    ****
   3   2   4   5   3   4   2
  0.0000  0.6172  0.7286  0.8065  1.0000
       3       4       2       4    ****
  0.0000  0.6172  1.0000
       3       4    ****
  0.0000  0.3172  0.6172  1.0000
       0       1       0    ****
  0.0000  1.0000
       0    ****
   4   4   4   3   3   2   2
  0.0000  0.6172  1.0000
       3       4    ****
  0.0000  0.6172  1.0000
       3       4    ****
  0.0000  1.0000
       0    ****
  0.0000  1.0000
       0    ****
