 ... generation ...    0
   1   0   0   2   2   2   2
  0.0000  1.0000
       1    ****
  0.0000  1.0000
       2    ****
  0.0000  1.0000
       0    ****
  0.0000  1.0000
       0    ****
   2   0   0   2   2   2   2
  0.0000  1.0000
       3    ****
  0.0000  1.0000
       4    ****
  0.0000  1.0000
       0    ****
  0.0000  1.0000
       0    ****
   3   0   0   2   2   2   2
  0.0000  1.0000
       5    ****
  0.0000  1.0000
       6    ****
  0.0000  1.0000
       0    ****
  0.0000  1.0000
       0    ****
   4   0   0   2   2   2   2
  0.0000  1.0000
       7    ****
  0.0000  1.0000
       8    ****
  0.0000  1.0000
       0    ****
  0.0000  1.0000
       0    ****
 ... generation ...    1
   1   1   3   3   4   2   2
  0.0000  0.6633  1.0000
       1       2    ****
  0.0000  0.4604  0.7993  1.0000
       5       6       5    ****
  0.0000  1.0000
       0    ****
  0.0000  1.0000
       0    ****
   2   4   2   2   3   2   3
  0.0000  1.0000
       7    ****
  0.0000  0.8105  1.0000
       3       4    ****
  0.0000  1.0000
       0    ****
  0.0000  0.8105  1.0000
      -1       1    ****
   3   2   1   3   4   3   2
  0.0000  0.8051  1.0000
       4       3    ****
  0.0000  0.5747  0.9798  1.0000
       1       2       1    ****
  0.0000  0.8051  1.0000
       1      -1    ****
  0.0000  1.0000
       0    ****
   4   2   3   5   2   5   2
  0.0000  0.4974  0.5047  0.8940  1.0000
       3       4       3       4    ****
  0.0000  1.0000
       6    ****
  0.0000  0.4974  0.5047  0.8940  1.0000
      -1       1      -1       1    ****
  0.0000  1.0000
       0    ****
 ... generation ...    2
   1   2   2   4   3   3   4
  0.0000  0.4701  0.8105  1.0000
       7       3       4    ****
  0.0000  0.8732  1.0000
       7       4    ****
  0.0000  0.8105  1.0000
       0       1    ****
  0.0000  0.8105  0.8732  1.0000
       0      -1       1    ****
   2   1   4   5   6   2   5
  0.0000  0.5719  0.7993  0.9889  1.0000
       1       6       5       2    ****
  0.0000  0.4555  0.4974  0.5047  0.8214  1.0000
       6       3       4       3       6    ****
  0.0000  1.0000
       0    ****
  0.0000  0.4974  0.5047  0.8940  1.0000
       0       1       0      -1    ****
   3   1   2   4   2   2   3
  0.0000  0.4604  0.7993  1.0000
       5       6       5    ****
  0.0000  1.0000
       7    ****
  0.0000  1.0000
       0    ****
  0.0000  0.8105  1.0000
       0      -1    ****
   4   3   4   3   6   3   6
  0.0000  0.8051  1.0000
       4       3    ****
  0.0000  0.4974  0.5047  0.8940  0.9077  1.0000
       3       4       3       4       6    ****
  0.0000  0.8051  1.0000
       1       0    ****
  0.0000  0.4974  0.5047  0.8940  0.9077  1.0000
       0       1       0       1      -1    ****
 ... generation ...    3
   1   2   4   7   3   4   7
  0.0000  0.1552  0.4555  0.4974  0.5047  0.8214  1.0000
       1       6       3       4       3       6    ****
  0.0000  0.8051  1.0000
       4       3    ****
  0.0000  0.4974  0.5047  1.0000
       0       1       0    ****
  0.0000  0.4974  0.5047  0.8051  0.8940  0.9077  1.0000
       1       0       1       0      -1       0    ****
   2   3   2   5   6   2   4
  0.0000  0.2058  0.4604  0.7993  1.0000
       7       5       6       5    ****
  0.0000  0.3507  0.5719  0.6839  0.8214  1.0000
       6       1       6       3       6    ****
  0.0000  1.0000
       0    ****
  0.0000  0.4974  0.5047  1.0000
       0      -1       0    ****
   3   3   4   2   4   2   8
  0.0000  1.0000
       7    ****
  0.0000  0.4179  0.8051  1.0000
       3       4       3    ****
  0.0000  1.0000
       0    ****
  0.0000  0.4179  0.4974  0.5047  0.8051  0.8940  0.9077  1.0000
      -1       1       0       1       0      -1       0    ****
   4   4   1   3   3   7   4
  0.0000  0.8051  1.0000
       4       3    ****
  0.0000  0.8732  1.0000
       7       4    ****
  0.0000  0.4974  0.5047  0.8051  0.8940  0.9077  1.0000
       1       0       1       0      -1       0    ****
  0.0000  0.8105  0.8732  1.0000
       0      -1       0    ****
 ... generation ...    4
   1   2   4  11   3   2   4
  0.0000  0.1256  0.2058  0.2708  0.3507  0.5719  0.6839  0.8214  0.9641  0.9655
       6       7       5       6       1       6       3       6       5       6
  1.0000
    ****
  0.0000  0.8611  1.0000
       7       3    ****
  0.0000  1.0000
       0    ****
  0.0000  0.8051  0.8732  1.0000
      -1       0      -1    ****
   2   3   4   4   4   4   5
  0.0000  0.4179  0.8051  1.0000
       3       4       3    ****
  0.0000  0.7940  0.8051  1.0000
       7       4       3    ****
  0.0000  0.4179  0.8051  1.0000
       0       1       0    ****
  0.0000  0.7940  0.8051  0.8732  1.0000
      -1       1       0      -1    ****
   3   4   4   3   4   4   5
  0.0000  0.8732  1.0000
       7       4    ****
  0.0000  0.6143  0.8051  1.0000
       7       4       3    ****
  0.0000  0.8051  0.8732  1.0000
      -1       0       1    ****
  0.0000  0.6143  0.8051  0.8732  1.0000
      -1       1       0      -1    ****
   4   1   1   7   7   6   8
  0.0000  0.3734  0.4555  0.4974  0.5047  0.8214  1.0000
       4       6       3       4       3       6    ****
  0.0000  0.1690  0.4555  0.4790  0.5688  0.8214  1.0000
       4       6       3       4       3       6    ****
  0.0000  0.3734  0.4974  0.5047  0.8051  1.0000
       1      -1       0      -1       0    ****
  0.0000  0.1690  0.4790  0.4974  0.5047  0.5688  0.8051  1.0000
       1      -1       1       0       1      -1       0    ****
 ... generation ...    5
   1   1   3   3   5   2   6
  0.0000  0.8611  1.0000
       7       3    ****
  0.0000  0.6143  0.8051  0.9810  1.0000
       7       4       3       4    ****
  0.0000  1.0000
       0    ****
  0.0000  0.6143  0.8051  0.8732  0.9810  1.0000
       0       1       0      -1       1    ****
   2   2   4   5   9   4  10
  0.0000  0.3033  0.4179  0.8051  1.0000
       7       3       4       3    ****
  0.0000  0.1690  0.1865  0.2855  0.4555  0.4790  0.5688  0.8214  1.0000
       4       6       4       6       3       4       3       6    ****
  0.0000  0.4179  0.7940  1.0000
       0       1       0    ****
  0.0000  0.1690  0.1865  0.2855  0.3734  0.4790  0.4974  0.5047  0.5688  1.0000
       0      -1       1      -1       0       1       0       1       0    ****
   3   2   1   4   3   4   2
  0.0000  0.7940  0.8051  1.0000
       7       4       3    ****
  0.0000  0.8611  1.0000
       7       3    ****
  0.0000  0.4179  0.7940  1.0000
       0      -1       0    ****
  0.0000  1.0000
       0    ****
   4   2   1   4   9   4   2
  0.0000  0.4179  0.8051  1.0000
       3       4       3    ****
  0.0000  0.3319  0.3507  0.5011  0.7023  0.8214  0.9641  0.9655  1.0000
       7       6       1       7       3       6       5       6    ****
  0.0000  0.4179  0.7940  1.0000
       0       1       0    ****
  0.0000  1.0000
       0    ****
 ... generation ...    6
   1   3   3   3   4   4   4
  0.0000  0.8611  1.0000
       7       3    ****
  0.0000  0.7940  0.8051  1.0000
       7       4       3    ****
  0.0000  0.7940  0.8051  1.0000
       0      -1       0    ****
  0.0000  0.7940  0.8051  1.0000
       0       1       0    ****
   2   1   2   4   6   6   9
  0.0000  0.8611  0.9934  1.0000
       7       3       4    ****
  0.0000  0.3033  0.4179  0.8051  0.9687  1.0000
       7       3       4       3       6    ****
  0.0000  0.6143  0.8051  0.9810  0.9934  1.0000
       0      -1       0      -1       1    ****
  0.0000  0.1690  0.1865  0.2855  0.4179  0.4790  0.5688  0.8051  1.0000
      -1       0      -1       0       1       0       1       0    ****
   3   1   4   5   8   5   5
  0.0000  0.6143  0.8051  0.9810  1.0000
       7       4       3       4    ****
  0.0000  0.4179  0.5928  0.7023  0.8214  0.9641  0.9655  1.0000
       3       4       7       3       6       5       6    ****
  0.0000  0.6143  0.8051  0.9810  1.0000
       0       1       0       1    ****
  0.0000  0.4179  0.5928  0.8051  1.0000
       0       1      -1       0    ****
   4   3   2   4   8   4   9
  0.0000  0.7940  0.8051  1.0000
       7       4       3    ****
  0.0000  0.1690  0.1865  0.2855  0.4555  0.4790  0.8051  1.0000
       4       6       4       6       3       4       3    ****
  0.0000  0.7940  0.8051  1.0000
       0       1       0    ****
  0.0000  0.1690  0.1865  0.2855  0.4179  0.4790  0.5688  0.8051  1.0000
       1       0       1       0      -1       0       1       0    ****
 ... generation ...    7
   1   3   4   8   6   7   8
  0.0000  0.4179  0.5928  0.7023  0.8214  0.8266  0.9810  1.0000
       3       4       7       3       6       3       4    ****
  0.0000  0.1497  0.4762  0.4790  0.8051  1.0000
       4       7       3       4       3    ****
  0.0000  0.4179  0.5928  0.6143  0.8051  0.9810  1.0000
       0       1       0      -1       0       1    ****
  0.0000  0.1497  0.1690  0.1865  0.2855  0.4790  0.7940  1.0000
       1      -1       0      -1       0       1       0    ****
   2   1   2   4   4   4   5
  0.0000  0.7940  0.8051  1.0000
       7       4       3    ****
  0.0000  0.8611  0.9687  1.0000
       7       3       6    ****
  0.0000  0.7940  0.8051  1.0000
       0       1       0    ****
  0.0000  0.4179  0.8051  0.9934  1.0000
       0      -1       0      -1    ****
   3   4   2   4   6   8   5
  0.0000  0.6894  0.8051  1.0000
       7       4       3    ****
  0.0000  0.4120  0.4179  0.8051  0.9687  1.0000
       7       3       4       3       6    ****
  0.0000  0.1690  0.1865  0.2855  0.4790  0.6894  0.7940  1.0000
      -1       0      -1       0      -1       1       0    ****
  0.0000  0.4179  0.8051  0.9934  1.0000
       0       1       0      -1    ****
   4   4   1   8   3   7   4
  0.0000  0.1690  0.1865  0.2855  0.4555  0.4790  0.8051  1.0000
       4       6       4       6       3       4       3    ****
  0.0000  0.8611  1.0000
       7       3    ****
  0.0000  0.1690  0.1865  0.2855  0.4790  0.7940  1.0000
       1       0       1       0       1       0    ****
  0.0000  0.7940  0.8051  1.0000
       0      -1       0    ****
 ... generation ...    8
   1   3   4   4   6   5   7
  0.0000  0.6167  0.8051  1.0000
       7       4       3    ****
  0.0000  0.4165  0.4555  0.4790  0.8051  1.0000
       7       6       3       4       3    ****
  0.0000  0.4179  0.6167  0.6894  1.0000
       0      -1       1       0    ****
  0.0000  0.1690  0.1865  0.2855  0.4790  0.8051  1.0000
      -1       0      -1       0       1       0    ****
   2   3   3   5   6   5   4
  0.0000  0.6681  0.8051  0.9687  1.0000
       7       4       3       6    ****
  0.0000  0.4120  0.4179  0.8051  0.9687  1.0000
       7       3       4       3       6    ****
  0.0000  0.4179  0.6681  0.6894  1.0000
       0      -1       1       0    ****
  0.0000  0.4179  0.6894  1.0000
       0       1       0    ****
   3   2   2   4   4   4   4
  0.0000  0.7940  0.8051  1.0000
       7       4       3    ****
  0.0000  0.8611  0.9687  1.0000
       7       3       6    ****
  0.0000  0.7940  0.8051  1.0000
       0       1       0    ****
  0.0000  0.7940  0.8051  1.0000
       0      -1       0    ****
   4   2   4   4   8   4   7
  0.0000  0.8611  0.9687  1.0000
       7       3       6    ****
  0.0000  0.1690  0.1865  0.2855  0.4555  0.4790  0.8051  1.0000
       4       6       4       6       3       4       3    ****
  0.0000  0.7940  0.8051  1.0000
       0      -1       0    ****
  0.0000  0.1690  0.1865  0.2855  0.4790  0.8051  1.0000
       1       0       1       0       1       0    ****
 ... generation ...    9
   1   4   1   8   4   7   4
  0.0000  0.1690  0.1865  0.2855  0.4555  0.4790  0.8051  1.0000
       4       6       4       6       3       4       3    ****
  0.0000  0.6167  0.8051  1.0000
       7       4       3    ****
  0.0000  0.1690  0.1865  0.2855  0.4790  0.8051  1.0000
       1       0       1       0       1       0    ****
  0.0000  0.4790  0.6167  1.0000
       0      -1       0    ****
   2   3   2   4   5   4   4
  0.0000  0.7940  0.8051  1.0000
       7       4       3    ****
  0.0000  0.6681  0.8051  0.9687  1.0000
       7       4       3       6    ****
  0.0000  0.7940  0.8051  1.0000
       0       1       0    ****
  0.0000  0.4179  0.6681  1.0000
       0      -1       0    ****
   3   4   4   9   7   7   7
  0.0000  0.1690  0.1865  0.2855  0.4555  0.4790  0.8051  0.9687  1.0000
       4       6       4       6       3       4       3       6    ****
  0.0000  0.1690  0.1865  0.2855  0.3466  0.8299  1.0000
       4       6       4       6       7       3    ****
  0.0000  0.1690  0.1865  0.2855  0.4790  0.8051  1.0000
       1       0       1       0       1       0    ****
  0.0000  0.1690  0.1865  0.2855  0.4790  0.8051  1.0000
       1       0       1       0      -1       0    ****
   4   1   1   4   6   5   4
  0.0000  0.4959  0.8051  1.0000
       7       4       3    ****
  0.0000  0.4165  0.4555  0.4790  0.8051  1.0000
       7       6       3       4       3    ****
  0.0000  0.4790  0.4959  0.6167  1.0000
       0      -1       1       0    ****
  0.0000  0.4790  0.6167  1.0000
       0       1       0    ****
 ... generation ...   10
   1   1   4   8   6   7   4
  0.0000  0.1690  0.1865  0.2855  0.4555  0.4790  0.8051  1.0000
       4       6       4       6       3       4       3    ****
  0.0000  0.4165  0.4555  0.4790  0.8051  1.0000
       7       6       3       4       3    ****
  0.0000  0.1690  0.1865  0.2855  0.4790  0.6167  1.0000
       1       0       1       0       1       0    ****
  0.0000  0.4790  0.4959  1.0000
       0       1       0    ****
   2   3   1  10   8   6   7
  0.0000  0.1690  0.1865  0.2855  0.3466  0.6786  0.7509  0.8299  0.9880  1.0000
       4       6       4       6       7       4       7       3       6    ****
  0.0000  0.1690  0.1865  0.2855  0.4555  0.4790  0.8051  1.0000
       4       6       4       6       3       4       3    ****
  0.0000  0.4790  0.6786  0.7509  0.8051  1.0000
       0      -1       1      -1       0    ****
  0.0000  0.1690  0.1865  0.2855  0.4790  0.6167  1.0000
       1       0       1       0       1       0    ****
   3   1   2   5   4   7   4
  0.0000  0.4753  0.4790  0.8051  1.0000
       7       3       4       3    ****
  0.0000  0.7940  0.8051  1.0000
       7       4       3    ****
  0.0000  0.1690  0.1865  0.2855  0.4790  0.6167  1.0000
      -1       0      -1       0       1       0    ****
  0.0000  0.6681  0.7940  1.0000
       0      -1       0    ****
   4   4   1   7   8   4   7
  0.0000  0.4165  0.4555  0.4770  0.4959  0.8051  1.0000
       7       6       3       7       4       3    ****
  0.0000  0.1690  0.1865  0.2855  0.4555  0.4790  0.8051  1.0000
       4       6       4       6       3       4       3    ****
  0.0000  0.4790  0.4959  1.0000
       0      -1       0    ****
  0.0000  0.1690  0.1865  0.2855  0.4790  0.6167  1.0000
       1       0       1       0       1       0    ****
